#!ascii label  , from subject sub-01 vox2ras=TkReg
1495
52733  -44.108  -26.484  34.893 0.0000000000
68781  -54.873  -13.215  31.661 0.0000000000
61771  -49.825  -19.904  32.604 0.0000000000
32553  -19.936  -46.985  48.165 0.0000000000
51554  -40.407  -27.080  40.263 0.0000000000
127470  -33.460  -45.965  46.957 0.0000000000
127623  -42.400  -42.012  45.861 0.0000000000
43084  -46.560  -35.509  41.385 0.0000000000
49550  -47.033  -29.329  42.554 0.0000000000
36594  -25.471  -41.389  43.474 0.0000000000
33600  -29.401  -44.452  47.204 0.0000000000
35657  -29.459  -43.267  41.699 0.0000000000
38434  -37.334  -40.025  42.310 0.0000000000
127713  -43.455  -39.352  40.643 0.0000000000
54896  -44.988  -24.982  41.605 0.0000000000
54948  -48.692  -24.862  38.529 0.0000000000
62959  -53.575  -17.638  31.911 0.0000000000
57272  -46.567  -22.873  33.265 0.0000000000
68824  -51.574  -13.028  29.262 0.0000000000
29617  -16.195  -49.817  48.432 0.0000000000
52572  -43.510  -26.019  44.290 0.0000000000
52666  -41.107  -26.527  38.518 0.0000000000
37555  -33.713  -41.510  42.269 0.0000000000
36520  -37.283  -42.310  47.447 0.0000000000
57229  -53.002  -22.899  36.105 0.0000000000
71967  -58.970  -9.743  26.217 0.0000000000
44176  -45.131  -34.942  40.023 0.0000000000
46481  -45.954  -32.699  40.221 0.0000000000
35656  -27.670  -42.205  42.869 0.0000000000
127743  -41.263  -38.675  39.714 0.0000000000
42072  -43.453  -37.130  39.829 0.0000000000
41065  -45.253  -37.333  40.471 0.0000000000
53762  -44.568  -25.980  38.349 0.0000000000
54913  -47.086  -25.809  40.733 0.0000000000
53784  -47.134  -25.678  37.189 0.0000000000
66416  -54.748  -14.776  31.513 0.0000000000
64073  -55.682  -16.246  34.579 0.0000000000
70893  -55.607  -10.884  32.167 0.0000000000
32593  -16.519  -45.756  46.455 0.0000000000
30577  -18.665  -48.687  48.878 0.0000000000
50530  -43.864  -27.874  41.888 0.0000000000
51528  -44.659  -27.273  43.581 0.0000000000
51525  -42.074  -27.053  42.579 0.0000000000
54892  -42.274  -25.871  41.532 0.0000000000
52631  -40.609  -26.179  40.069 0.0000000000
127474  -31.113  -45.548  47.346 0.0000000000
127450  -31.222  -46.645  50.387 0.0000000000
127454  -33.312  -47.995  49.614 0.0000000000
31544  -35.703  -47.300  49.610 0.0000000000
38468  -31.771  -40.346  39.358 0.0000000000
40162  -33.586  -38.972  39.736 0.0000000000
127690  -39.777  -41.645  44.236 0.0000000000
37523  -37.023  -41.600  44.926 0.0000000000
37501  -39.487  -42.354  46.629 0.0000000000
35504  -39.354  -43.440  50.000 0.0000000000
35564  -21.861  -44.313  45.453 0.0000000000
35526  -24.045  -43.367  48.834 0.0000000000
35485  -23.914  -43.364  51.765 0.0000000000
59485  -47.930  -21.732  32.462 0.0000000000
57261  -49.694  -22.577  34.671 0.0000000000
59459  -51.051  -20.774  35.019 0.0000000000
74047  -59.948  -7.785  25.482 0.0000000000
31496  -19.877  -47.675  51.621 0.0000000000
43070  -47.512  -35.430  42.156 0.0000000000
45241  -48.425  -33.299  43.065 0.0000000000
46459  -47.037  -32.548  41.481 0.0000000000
49568  -45.246  -29.194  40.964 0.0000000000
36531  -25.760  -42.867  46.289 0.0000000000
35529  -28.693  -43.612  48.510 0.0000000000
35569  -27.966  -42.639  45.554 0.0000000000
34642  -29.840  -44.046  44.983 0.0000000000
34664  -32.125  -44.809  44.071 0.0000000000
40164  -35.215  -37.730  40.118 0.0000000000
40167  -38.152  -38.706  39.322 0.0000000000
127712  -40.391  -39.042  41.775 0.0000000000
127644  -42.471  -41.498  43.193 0.0000000000
127670  -45.658  -39.808  41.850 0.0000000000
41041  -46.782  -38.148  42.459 0.0000000000
37533  -23.453  -41.784  43.263 0.0000000000
54838  -46.065  -25.454  44.263 0.0000000000
54795  -48.936  -25.184  45.792 0.0000000000
54885  -48.170  -25.322  42.666 0.0000000000
56033  -49.398  -24.608  41.547 0.0000000000
61783  -51.675  -19.139  32.126 0.0000000000
61755  -52.076  -18.774  35.022 0.0000000000
62922  -53.724  -17.863  34.700 0.0000000000
24626  -13.763  -54.008  52.506 0.0000000000
55016  -45.212  -24.809  33.653 0.0000000000
58459  -45.080  -21.883  30.585 0.0000000000
60700  -48.414  -18.805  29.871 0.0000000000
62977  -50.165  -17.274  29.983 0.0000000000
65236  -50.768  -15.517  31.201 0.0000000000
67664  -51.738  -13.848  31.736 0.0000000000
70902  -53.022  -11.909  31.104 0.0000000000
68809  -49.862  -12.943  29.601 0.0000000000
29594  -18.505  -49.409  51.051 0.0000000000
28574  -17.579  -50.913  51.719 0.0000000000
26613  -15.491  -52.277  52.386 0.0000000000
49489  -47.861  -28.776  46.468 0.0000000000
48553  -47.575  -30.061  43.746 0.0000000000
51503  -46.527  -27.760  45.635 0.0000000000
53629  -45.398  -26.267  45.952 0.0000000000
54861  -43.347  -24.705  43.599 0.0000000000
54924  -43.264  -25.002  39.930 0.0000000000
53801  -42.407  -27.220  36.751 0.0000000000
33532  -30.612  -45.023  51.265 0.0000000000
35660  -31.992  -43.104  41.915 0.0000000000
34645  -33.693  -44.178  44.627 0.0000000000
38433  -35.641  -40.359  42.366 0.0000000000
37508  -35.011  -41.700  45.372 0.0000000000
34585  -35.872  -44.225  47.223 0.0000000000
34541  -36.750  -44.653  50.593 0.0000000000
33618  -18.216  -45.812  46.013 0.0000000000
33662  -20.094  -45.105  45.338 0.0000000000
33575  -21.149  -46.065  48.587 0.0000000000
55003  -48.293  -24.630  35.619 0.0000000000
56083  -51.140  -24.433  37.201 0.0000000000
57180  -52.947  -23.748  38.984 0.0000000000
59421  -53.550  -20.278  36.930 0.0000000000
69886  -54.414  -11.799  30.721 0.0000000000
70920  -56.411  -11.111  30.709 0.0000000000
71939  -58.450  -10.287  29.698 0.0000000000
69919  -57.425  -11.262  27.341 0.0000000000
71947  -59.779  -9.572  28.016 0.0000000000
44196  -44.439  -34.645  39.562 0.0000000000
45331  -44.613  -33.629  39.796 0.0000000000
46499  -44.385  -32.660  39.548 0.0000000000
43097  -43.193  -36.620  39.052 0.0000000000
43111  -44.129  -35.409  39.363 0.0000000000
43099  -44.731  -35.700  40.094 0.0000000000
53803  -44.299  -26.560  36.477 0.0000000000
53782  -45.256  -25.707  37.308 0.0000000000
53804  -45.113  -25.830  36.353 0.0000000000
67683  -54.693  -13.968  31.887 0.0000000000
66401  -56.336  -14.576  32.928 0.0000000000
67669  -56.548  -13.546  32.793 0.0000000000
68783  -56.782  -12.689  32.709 0.0000000000
69861  -55.491  -12.159  31.758 0.0000000000
32575  -18.579  -47.017  47.174 0.0000000000
31571  -17.953  -47.818  46.819 0.0000000000
30591  -18.981  -48.210  48.175 0.0000000000
50529  -42.103  -27.807  41.441 0.0000000000
51540  -42.485  -27.319  41.962 0.0000000000
51538  -42.006  -27.069  40.962 0.0000000000
52614  -41.264  -26.454  40.622 0.0000000000
52613  -40.486  -26.849  40.227 0.0000000000
127845  -26.462  -43.092  50.845 0.0000000000
127471  -32.346  -46.264  47.425 0.0000000000
127463  -33.179  -47.372  48.236 0.0000000000
30582  -34.337  -48.003  49.445 0.0000000000
31577  -34.576  -46.785  48.181 0.0000000000
127632  -41.571  -42.007  44.504 0.0000000000
127659  -39.718  -42.299  45.747 0.0000000000
37489  -40.922  -42.211  47.099 0.0000000000
37478  -40.549  -42.424  47.975 0.0000000000
36514  -24.732  -42.912  47.149 0.0000000000
35527  -24.662  -43.152  48.994 0.0000000000
35512  -24.910  -43.487  49.680 0.0000000000
50455  -49.237  -28.419  47.025 0.0000000000
60636  -49.108  -21.325  32.206 0.0000000000
59473  -48.913  -20.943  33.870 0.0000000000
59488  -49.922  -20.401  33.431 0.0000000000
43085  -47.184  -35.232  41.563 0.0000000000
45263  -47.365  -33.596  42.055 0.0000000000
45284  -46.762  -33.619  41.652 0.0000000000
48596  -46.135  -30.447  40.446 0.0000000000
49599  -44.337  -29.469  39.606 0.0000000000
50548  -44.263  -28.708  40.230 0.0000000000
36564  -25.816  -42.656  44.627 0.0000000000
36550  -26.851  -42.752  45.791 0.0000000000
36580  -26.623  -42.355  44.053 0.0000000000
36597  -28.652  -42.925  42.266 0.0000000000
35607  -28.710  -43.076  43.921 0.0000000000
35608  -29.695  -43.627  44.110 0.0000000000
34662  -30.106  -44.385  44.372 0.0000000000
35633  -30.569  -43.887  43.047 0.0000000000
41106  -37.162  -37.540  38.654 0.0000000000
127716  -42.702  -38.762  40.167 0.0000000000
40149  -40.853  -38.896  40.557 0.0000000000
40131  -42.011  -39.798  41.312 0.0000000000
127660  -41.788  -40.586  42.500 0.0000000000
127691  -42.924  -39.920  41.671 0.0000000000
38421  -43.940  -41.090  42.706 0.0000000000
127684  -44.479  -39.635  41.811 0.0000000000
42063  -46.180  -36.405  41.153 0.0000000000
41053  -46.374  -37.442  41.671 0.0000000000
42049  -46.790  -36.473  41.768 0.0000000000
42050  -47.394  -36.391  42.224 0.0000000000
37534  -24.433  -41.578  43.321 0.0000000000
54863  -45.551  -25.179  43.509 0.0000000000
54864  -46.578  -25.422  43.581 0.0000000000
54883  -46.219  -25.391  42.787 0.0000000000
54928  -47.868  -25.429  39.496 0.0000000000
53735  -48.612  -25.131  41.372 0.0000000000
54916  -49.745  -24.135  40.458 0.0000000000
56035  -50.739  -23.683  40.476 0.0000000000
54931  -50.590  -23.892  39.407 0.0000000000
62958  -52.434  -17.813  31.396 0.0000000000
62933  -53.158  -18.136  33.732 0.0000000000
62944  -53.613  -17.727  32.867 0.0000000000
66343  -56.658  -15.055  36.553 0.0000000000
62986  -48.531  -17.877  29.779 0.0000000000
64121  -47.486  -16.719  30.287 0.0000000000
65234  -49.238  -15.201  30.609 0.0000000000
66394  -49.688  -14.306  30.577 0.0000000000
66396  -50.870  -14.452  31.660 0.0000000000
67663  -50.746  -13.884  31.239 0.0000000000
68776  -50.712  -13.702  30.610 0.0000000000
30588  -16.202  -48.638  47.539 0.0000000000
28612  -15.735  -50.394  48.946 0.0000000000
30510  -20.382  -48.153  53.116 0.0000000000
30532  -19.281  -48.827  51.259 0.0000000000
29567  -19.706  -49.204  52.233 0.0000000000
29564  -17.769  -50.685  52.564 0.0000000000
28564  -17.373  -50.978  52.768 0.0000000000
27610  -16.931  -51.473  52.141 0.0000000000
27603  -17.093  -51.509  53.234 0.0000000000
26603  -16.122  -52.622  52.963 0.0000000000
47532  -47.462  -31.194  43.017 0.0000000000
46419  -48.212  -32.097  43.347 0.0000000000
49540  -47.433  -29.447  43.374 0.0000000000
51515  -44.052  -27.187  44.250 0.0000000000
51517  -45.525  -27.425  44.556 0.0000000000
52555  -44.861  -27.050  45.488 0.0000000000
52534  -45.116  -27.006  46.039 0.0000000000
52553  -43.566  -25.685  44.994 0.0000000000
54812  -44.622  -25.641  44.843 0.0000000000
54835  -42.670  -24.824  44.582 0.0000000000
53742  -41.637  -25.650  39.574 0.0000000000
54909  -42.773  -25.342  40.690 0.0000000000
53760  -42.544  -25.888  38.481 0.0000000000
53779  -42.322  -26.761  37.624 0.0000000000
34566  -28.703  -43.914  48.170 0.0000000000
34552  -29.329  -44.414  50.247 0.0000000000
33564  -30.028  -44.939  49.614 0.0000000000
127786  -32.913  -40.622  40.723 0.0000000000
37588  -31.555  -41.617  40.022 0.0000000000
36620  -33.357  -42.248  41.568 0.0000000000
35635  -32.525  -43.263  42.613 0.0000000000
36581  -33.217  -42.602  42.871 0.0000000000
127745  -36.834  -39.779  40.747 0.0000000000
40130  -35.390  -39.073  41.226 0.0000000000
127758  -36.038  -40.159  41.781 0.0000000000
37498  -37.364  -41.913  46.425 0.0000000000
37522  -36.194  -41.270  44.903 0.0000000000
36536  -36.462  -42.250  46.079 0.0000000000
35559  -35.608  -43.224  46.191 0.0000000000
35544  -36.075  -43.118  47.127 0.0000000000
33583  -36.598  -45.028  48.643 0.0000000000
34570  -37.280  -43.751  48.764 0.0000000000
127667  -45.754  -40.648  44.146 0.0000000000
34638  -20.638  -44.636  45.286 0.0000000000
34597  -21.524  -45.213  47.151 0.0000000000
33621  -21.015  -45.548  47.542 0.0000000000
34501  -24.245  -44.229  52.937 0.0000000000
56135  -45.897  -23.974  33.407 0.0000000000
55018  -46.915  -24.421  34.482 0.0000000000
56137  -47.571  -23.710  34.325 0.0000000000
57246  -51.466  -22.784  35.293 0.0000000000
56121  -50.735  -23.467  35.644 0.0000000000
56104  -52.209  -23.573  36.498 0.0000000000
57210  -52.291  -24.035  38.447 0.0000000000
57211  -52.874  -23.279  37.564 0.0000000000
61757  -53.060  -18.633  36.250 0.0000000000
60596  -52.765  -19.792  36.063 0.0000000000
60578  -53.864  -19.697  37.284 0.0000000000
68796  -52.763  -12.448  30.688 0.0000000000
70917  -53.535  -11.624  31.012 0.0000000000
68813  -53.839  -12.394  30.380 0.0000000000
69897  -55.166  -12.078  29.893 0.0000000000
69898  -55.988  -12.271  29.370 0.0000000000
70921  -57.335  -11.224  30.068 0.0000000000
69899  -57.081  -11.916  29.242 0.0000000000
71965  -57.227  -10.209  25.698 0.0000000000
70961  -56.663  -10.705  25.858 0.0000000000
71954  -58.564  -10.165  26.662 0.0000000000
70938  -58.836  -10.635  28.138 0.0000000000
71956  -59.441  -9.661  27.528 0.0000000000
74025  -60.060  -8.164  26.903 0.0000000000
75117  -60.154  -7.561  25.853 0.0000000000
44177  -45.636  -34.586  40.495 0.0000000000
45306  -46.125  -33.658  40.995 0.0000000000
45332  -45.510  -33.650  40.105 0.0000000000
47597  -45.160  -32.000  39.952 0.0000000000
36595  -26.555  -41.482  43.296 0.0000000000
41090  -41.947  -37.617  39.176 0.0000000000
127705  -43.621  -38.558  40.192 0.0000000000
127696  -44.218  -38.776  40.500 0.0000000000
41076  -44.581  -37.116  40.363 0.0000000000
43082  -45.072  -35.806  40.734 0.0000000000
54926  -45.229  -25.817  39.867 0.0000000000
54912  -45.700  -25.821  40.743 0.0000000000
53746  -45.687  -26.007  38.913 0.0000000000
54946  -46.742  -25.573  38.693 0.0000000000
54967  -47.802  -25.269  37.286 0.0000000000
65239  -54.097  -15.798  31.443 0.0000000000
64094  -54.925  -16.628  33.006 0.0000000000
65201  -55.415  -15.949  33.227 0.0000000000
66364  -56.121  -14.654  34.948 0.0000000000
70894  -56.390  -10.736  32.337 0.0000000000
30589  -17.537  -48.578  47.389 0.0000000000
29618  -17.426  -49.568  48.837 0.0000000000
50518  -45.781  -27.892  42.174 0.0000000000
50504  -46.704  -28.443  43.023 0.0000000000
50517  -44.560  -27.700  42.655 0.0000000000
51526  -42.819  -27.048  43.157 0.0000000000
52587  -42.399  -26.491  43.321 0.0000000000
53702  -42.451  -25.822  43.461 0.0000000000
53711  -42.175  -26.038  41.882 0.0000000000
53731  -41.195  -25.747  40.320 0.0000000000
52645  -40.603  -26.243  39.313 0.0000000000
127459  -31.057  -46.016  49.289 0.0000000000
127467  -31.791  -46.594  48.551 0.0000000000
127461  -32.188  -47.337  49.154 0.0000000000
30550  -35.002  -47.889  50.991 0.0000000000
39288  -32.668  -39.351  39.414 0.0000000000
127789  -33.476  -40.119  41.250 0.0000000000
127739  -38.720  -41.277  43.326 0.0000000000
38419  -37.270  -41.185  43.519 0.0000000000
37541  -38.436  -41.655  44.382 0.0000000000
37513  -38.565  -41.978  45.897 0.0000000000
36537  -38.047  -42.079  47.029 0.0000000000
36504  -37.664  -42.607  47.856 0.0000000000
36506  -39.202  -42.559  48.285 0.0000000000
35581  -22.812  -43.142  44.407 0.0000000000
35565  -22.608  -44.033  45.690 0.0000000000
34565  -23.541  -44.125  48.442 0.0000000000
34538  -23.415  -44.006  50.517 0.0000000000
35511  -23.955  -43.604  50.087 0.0000000000
58394  -47.432  -22.269  33.067 0.0000000000
57259  -48.156  -22.747  33.918 0.0000000000
58396  -48.736  -21.992  33.642 0.0000000000
58398  -50.190  -21.860  34.521 0.0000000000
58381  -51.338  -21.640  35.089 0.0000000000
68842  -50.810  -12.331  27.761 0.0000000000
68835  -52.402  -13.153  28.596 0.0000000000
68843  -51.642  -12.514  27.804 0.0000000000
70972  -58.561  -10.203  25.197 0.0000000000
74035  -59.708  -8.565  26.110 0.0000000000
73003  -59.292  -9.295  24.498 0.0000000000
128521  -60.050  -7.422  24.439 0.0000000000
32535  -20.661  -46.658  49.620 0.0000000000
31523  -19.869  -47.897  50.015 0.0000000000
44127  -48.677  -34.143  43.429 0.0000000000
45264  -48.042  -33.662  42.357 0.0000000000
46438  -47.728  -32.567  42.280 0.0000000000
48585  -47.276  -31.129  41.644 0.0000000000
47587  -46.572  -32.051  40.709 0.0000000000
48583  -46.319  -30.110  40.930 0.0000000000
50533  -46.290  -28.919  41.577 0.0000000000
50531  -44.681  -28.447  41.363 0.0000000000
51578  -42.997  -27.823  41.035 0.0000000000
36515  -25.985  -43.249  47.420 0.0000000000
35514  -27.965  -43.547  49.215 0.0000000000
36516  -27.305  -43.529  47.649 0.0000000000
35541  -28.035  -44.002  47.144 0.0000000000
35557  -28.348  -44.155  46.627 0.0000000000
35605  -27.276  -42.505  43.819 0.0000000000
35571  -28.743  -43.673  45.285 0.0000000000
34602  -29.469  -44.402  46.127 0.0000000000
127476  -30.497  -45.283  46.180 0.0000000000
34644  -31.210  -45.280  45.151 0.0000000000
127484  -32.433  -45.372  45.563 0.0000000000
40166  -37.248  -38.581  39.449 0.0000000000
127746  -38.099  -39.698  40.472 0.0000000000
40168  -40.102  -38.541  39.519 0.0000000000
127735  -39.381  -39.062  40.456 0.0000000000
127747  -39.228  -39.280  41.561 0.0000000000
127643  -39.834  -40.787  43.190 0.0000000000
127633  -43.054  -41.710  44.801 0.0000000000
127624  -43.569  -41.958  45.928 0.0000000000
38408  -44.047  -41.393  44.109 0.0000000000
127669  -45.032  -40.737  43.662 0.0000000000
127650  -46.258  -40.247  43.096 0.0000000000
127685  -45.060  -38.908  41.277 0.0000000000
40116  -46.261  -38.849  41.680 0.0000000000
127672  -46.794  -39.219  42.582 0.0000000000
41042  -47.510  -37.828  42.676 0.0000000000
35582  -23.535  -42.968  44.605 0.0000000000
54770  -46.786  -25.853  46.284 0.0000000000
54815  -47.527  -25.059  45.249 0.0000000000
54841  -48.983  -25.202  44.631 0.0000000000
54867  -49.434  -25.257  43.767 0.0000000000
53722  -47.454  -25.569  41.538 0.0000000000
54901  -49.340  -24.883  42.477 0.0000000000
61782  -50.494  -19.785  32.160 0.0000000000
61763  -51.072  -19.337  33.660 0.0000000000
61773  -51.401  -18.788  33.331 0.0000000000
62921  -52.794  -18.275  34.640 0.0000000000
62898  -54.133  -18.139  36.629 0.0000000000
64072  -54.731  -16.755  34.706 0.0000000000
64051  -54.638  -17.216  36.607 0.0000000000
53848  -43.109  -25.955  33.843 0.0000000000
53850  -44.833  -25.790  34.020 0.0000000000
55028  -43.803  -25.084  32.610 0.0000000000
55029  -44.469  -24.556  32.792 0.0000000000
56161  -45.243  -22.970  32.283 0.0000000000
58421  -46.203  -22.378  32.012 0.0000000000
59518  -46.479  -21.820  31.438 0.0000000000
60650  -47.943  -20.896  31.777 0.0000000000
60651  -48.839  -20.768  31.550 0.0000000000
60667  -49.554  -19.983  31.160 0.0000000000
60684  -49.636  -19.194  30.477 0.0000000000
61813  -50.596  -18.069  30.387 0.0000000000
64125  -51.514  -16.876  30.570 0.0000000000
65249  -48.816  -15.690  30.463 0.0000000000
64108  -49.993  -15.748  30.502 0.0000000000
64111  -52.215  -16.595  31.084 0.0000000000
66414  -52.873  -14.999  31.225 0.0000000000
66399  -53.489  -14.329  31.566 0.0000000000
68768  -53.304  -13.262  31.784 0.0000000000
69859  -53.488  -12.634  31.700 0.0000000000
69857  -52.234  -12.949  31.138 0.0000000000
67681  -51.189  -13.556  30.172 0.0000000000
68810  -50.997  -13.354  29.765 0.0000000000
68832  -49.432  -12.003  28.369 0.0000000000
30562  -19.200  -48.175  49.602 0.0000000000
30560  -18.365  -49.132  50.400 0.0000000000
29592  -17.629  -50.069  50.188 0.0000000000
29566  -18.867  -49.748  52.246 0.0000000000
28575  -18.207  -50.397  51.632 0.0000000000
28586  -16.954  -50.728  50.387 0.0000000000
27627  -16.211  -51.242  50.511 0.0000000000
27613  -15.746  -51.586  51.009 0.0000000000
26621  -14.457  -52.431  50.982 0.0000000000
26602  -14.887  -52.756  53.026 0.0000000000
50441  -47.945  -28.192  47.359 0.0000000000
47503  -48.612  -30.918  44.770 0.0000000000
50494  -47.060  -28.210  44.125 0.0000000000
49525  -47.345  -29.156  44.795 0.0000000000
49488  -47.191  -28.602  46.315 0.0000000000
52520  -46.143  -27.086  47.074 0.0000000000
53617  -46.524  -26.142  47.189 0.0000000000
54791  -45.644  -25.968  45.384 0.0000000000
54837  -44.967  -25.357  44.203 0.0000000000
54881  -44.170  -24.797  42.588 0.0000000000
54879  -42.685  -25.566  42.277 0.0000000000
54894  -43.117  -25.489  41.539 0.0000000000
54911  -44.585  -25.524  40.778 0.0000000000
53744  -43.690  -26.102  39.397 0.0000000000
53780  -43.354  -26.148  37.446 0.0000000000
53824  -43.463  -26.895  35.570 0.0000000000
51594  -39.264  -27.376  39.301 0.0000000000
52644  -39.648  -26.732  38.926 0.0000000000
52664  -39.403  -26.859  38.065 0.0000000000
52687  -39.876  -27.404  37.338 0.0000000000
52709  -40.588  -27.318  36.372 0.0000000000
52710  -41.710  -27.249  36.333 0.0000000000
51685  -41.889  -27.433  34.679 0.0000000000
53847  -42.573  -26.396  33.845 0.0000000000
33533  -30.903  -45.633  50.789 0.0000000000
36645  -29.767  -42.824  40.373 0.0000000000
36635  -31.183  -42.840  40.186 0.0000000000
35677  -30.787  -43.531  40.994 0.0000000000
35634  -31.643  -43.794  42.569 0.0000000000
34665  -32.948  -44.269  43.505 0.0000000000
34625  -34.432  -45.315  46.155 0.0000000000
40163  -34.606  -38.023  40.171 0.0000000000
40128  -34.222  -39.417  41.428 0.0000000000
37556  -34.449  -40.583  42.423 0.0000000000
37558  -35.891  -40.676  43.200 0.0000000000
35613  -35.148  -41.189  43.749 0.0000000000
36583  -34.605  -41.746  43.360 0.0000000000
35590  -34.410  -43.084  44.504 0.0000000000
33629  -35.112  -44.805  46.181 0.0000000000
33602  -35.145  -45.728  47.001 0.0000000000
33582  -36.098  -45.906  48.906 0.0000000000
33566  -36.663  -45.703  49.809 0.0000000000
33617  -17.288  -45.338  45.986 0.0000000000
32596  -19.359  -46.534  47.005 0.0000000000
34637  -19.772  -43.940  44.817 0.0000000000
33660  -18.773  -44.461  44.951 0.0000000000
33642  -18.979  -45.486  45.717 0.0000000000
33620  -20.380  -46.061  47.013 0.0000000000
32554  -20.534  -46.556  48.632 0.0000000000
32536  -21.444  -46.130  49.829 0.0000000000
35483  -23.065  -44.226  51.784 0.0000000000
53827  -45.893  -25.551  35.241 0.0000000000
54985  -47.716  -25.244  36.351 0.0000000000
54968  -48.595  -24.938  37.449 0.0000000000
56119  -48.880  -23.989  35.043 0.0000000000
54987  -49.393  -24.592  36.439 0.0000000000
54970  -50.499  -24.587  37.867 0.0000000000
56065  -51.440  -24.007  38.936 0.0000000000
60611  -51.482  -19.733  34.899 0.0000000000
59460  -51.966  -20.575  35.452 0.0000000000
58368  -53.430  -21.751  36.158 0.0000000000
70891  -54.019  -11.936  31.293 0.0000000000
71915  -54.880  -10.514  31.795 0.0000000000
71916  -55.004  -10.059  31.729 0.0000000000
68827  -54.397  -12.651  29.731 0.0000000000
69887  -55.063  -11.616  30.527 0.0000000000
71927  -55.911  -10.652  31.426 0.0000000000
71928  -57.304  -10.301  30.687 0.0000000000
71929  -58.596  -9.817  30.310 0.0000000000
69918  -56.628  -11.544  27.331 0.0000000000
70937  -58.174  -11.140  27.783 0.0000000000
70930  -59.144  -10.423  28.842 0.0000000000
75104  -59.973  -7.388  26.356 0.0000000000
43110  -43.318  -35.578  39.262 0.0000000000
127765  -43.517  -34.792  39.486 0.0000000000
53825  -43.939  -26.666  35.592 0.0000000000
53826  -44.958  -26.429  35.120 0.0000000000
68797  -55.081  -13.728  31.650 0.0000000000
67668  -56.124  -14.075  32.156 0.0000000000
68798  -55.367  -13.514  31.726 0.0000000000
68782  -56.017  -13.125  31.946 0.0000000000
32576  -19.478  -47.004  47.568 0.0000000000
31572  -18.794  -47.935  47.341 0.0000000000
31573  -19.500  -47.632  48.100 0.0000000000
51556  -41.647  -27.526  41.003 0.0000000000
50514  -41.892  -27.490  41.521 0.0000000000
51555  -41.012  -27.078  40.497 0.0000000000
127840  -26.657  -43.226  50.434 0.0000000000
35513  -26.321  -43.225  49.901 0.0000000000
127468  -33.629  -46.647  47.347 0.0000000000
31576  -34.116  -47.205  47.979 0.0000000000
127631  -41.255  -42.282  45.932 0.0000000000
127622  -41.888  -42.444  46.962 0.0000000000
36491  -24.976  -43.153  49.045 0.0000000000
61770  -49.411  -20.541  32.149 0.0000000000
60637  -49.391  -20.429  33.010 0.0000000000
60638  -50.006  -19.958  33.182 0.0000000000
44161  -46.780  -34.548  41.531 0.0000000000
45283  -46.390  -34.094  41.402 0.0000000000
49600  -44.878  -30.137  39.675 0.0000000000
36579  -25.697  -41.879  44.048 0.0000000000
36598  -29.043  -43.104  42.039 0.0000000000
35632  -29.358  -43.237  42.773 0.0000000000
35609  -30.209  -44.289  43.797 0.0000000000
35658  -30.185  -43.588  41.926 0.0000000000
127733  -41.780  -38.678  40.273 0.0000000000
127692  -43.420  -39.490  41.771 0.0000000000
127695  -44.154  -39.377  41.184 0.0000000000
43069  -47.109  -35.822  41.808 0.0000000000
36593  -24.952  -41.462  43.416 0.0000000000
37519  -24.492  -41.723  43.999 0.0000000000
54882  -45.249  -24.942  42.619 0.0000000000
54897  -46.147  -25.787  41.809 0.0000000000
54929  -49.001  -24.986  39.623 0.0000000000
54930  -49.938  -24.127  39.716 0.0000000000
54949  -49.769  -24.640  38.686 0.0000000000
66333  -56.709  -15.117  37.705 0.0000000000
67662  -49.992  -14.050  30.493 0.0000000000
67680  -49.880  -13.591  30.383 0.0000000000
30509  -20.016  -48.770  53.052 0.0000000000
30498  -19.756  -48.782  53.913 0.0000000000
28558  -17.344  -50.941  53.422 0.0000000000
48562  -47.182  -29.734  42.532 0.0000000000
48563  -47.349  -29.981  42.836 0.0000000000
49551  -47.301  -29.466  42.947 0.0000000000
52573  -43.905  -26.805  44.569 0.0000000000
51500  -44.493  -27.003  44.892 0.0000000000
52554  -44.401  -26.511  45.158 0.0000000000
53669  -43.231  -25.274  45.220 0.0000000000
53686  -42.691  -25.379  44.882 0.0000000000
52646  -41.242  -26.120  39.025 0.0000000000
53759  -41.739  -26.224  38.573 0.0000000000
53778  -41.625  -26.695  38.112 0.0000000000
34582  -29.512  -44.493  48.261 0.0000000000
33580  -29.587  -44.611  49.019 0.0000000000
33581  -29.824  -45.030  48.719 0.0000000000
36637  -33.416  -41.414  40.998 0.0000000000
36600  -33.280  -42.322  42.436 0.0000000000
36582  -33.929  -42.295  42.971 0.0000000000
127759  -36.070  -39.800  41.207 0.0000000000
37485  -37.079  -41.982  46.693 0.0000000000
37497  -36.922  -41.980  46.287 0.0000000000
36519  -36.708  -42.258  46.939 0.0000000000
36518  -36.188  -42.648  46.437 0.0000000000
35545  -36.832  -42.950  47.909 0.0000000000
34569  -36.820  -43.919  48.400 0.0000000000
127638  -46.287  -40.488  44.509 0.0000000000
33577  -22.737  -45.109  48.844 0.0000000000
56151  -46.183  -23.230  33.206 0.0000000000
56136  -46.636  -23.623  33.811 0.0000000000
57247  -52.099  -23.104  35.802 0.0000000000
56085  -52.590  -23.556  36.908 0.0000000000
61747  -53.442  -18.617  36.585 0.0000000000
61734  -53.276  -19.074  36.837 0.0000000000
68811  -51.992  -13.132  29.913 0.0000000000
68812  -52.910  -12.599  30.389 0.0000000000
68825  -52.447  -13.094  29.625 0.0000000000
68839  -55.841  -12.463  28.740 0.0000000000
69907  -56.248  -12.232  28.265 0.0000000000
71966  -58.094  -10.412  26.009 0.0000000000
71955  -59.082  -9.521  26.944 0.0000000000
72978  -59.827  -9.026  27.033 0.0000000000
72977  -59.535  -9.065  26.671 0.0000000000
46500  -45.026  -32.894  40.094 0.0000000000
47596  -44.503  -31.535  39.562 0.0000000000
127755  -41.705  -36.125  38.767 0.0000000000
127717  -43.151  -37.865  40.018 0.0000000000
127718  -43.976  -37.575  40.213 0.0000000000
42073  -44.384  -36.672  40.239 0.0000000000
42061  -44.870  -36.208  40.550 0.0000000000
43100  -45.283  -35.346  40.455 0.0000000000
43083  -45.706  -35.503  40.921 0.0000000000
53745  -44.707  -26.389  39.276 0.0000000000
52647  -45.134  -26.438  38.838 0.0000000000
53783  -46.245  -25.879  37.233 0.0000000000
53764  -46.546  -25.615  38.152 0.0000000000
54947  -47.505  -25.339  38.362 0.0000000000
65220  -54.982  -15.855  32.555 0.0000000000
65241  -55.298  -15.436  32.259 0.0000000000
67633  -56.019  -13.904  35.060 0.0000000000
67621  -56.083  -14.198  35.671 0.0000000000
67622  -56.605  -13.694  35.492 0.0000000000
69850  -57.206  -11.534  32.640 0.0000000000
30600  -18.113  -48.485  47.261 0.0000000000
31570  -16.972  -47.590  47.218 0.0000000000
30575  -17.081  -49.312  47.973 0.0000000000
30576  -17.978  -49.207  48.223 0.0000000000
50516  -44.015  -27.574  42.313 0.0000000000
52586  -42.240  -26.405  42.493 0.0000000000
53741  -40.876  -25.786  39.845 0.0000000000
127462  -32.697  -47.847  49.986 0.0000000000
31543  -35.043  -47.785  49.609 0.0000000000
30566  -34.804  -48.325  50.223 0.0000000000
30567  -35.325  -47.793  50.209 0.0000000000
39289  -33.125  -39.589  39.857 0.0000000000
39274  -33.206  -39.871  40.641 0.0000000000
40143  -33.814  -39.344  40.974 0.0000000000
127701  -39.533  -41.325  43.588 0.0000000000
38420  -38.543  -41.467  43.760 0.0000000000
127700  -39.460  -41.581  43.981 0.0000000000
37514  -39.139  -42.235  45.960 0.0000000000
37500  -38.715  -42.192  46.551 0.0000000000
37499  -37.937  -41.982  46.702 0.0000000000
36539  -38.936  -42.265  47.064 0.0000000000
36522  -38.690  -42.362  47.548 0.0000000000
36523  -39.402  -42.403  47.479 0.0000000000
36494  -40.036  -42.660  48.732 0.0000000000
35552  -23.479  -43.549  46.454 0.0000000000
35539  -23.443  -43.490  47.617 0.0000000000
34550  -23.579  -44.031  49.496 0.0000000000
35500  -25.487  -43.133  50.844 0.0000000000
35499  -24.457  -43.433  50.903 0.0000000000
59471  -47.757  -21.921  32.998 0.0000000000
58395  -47.956  -22.169  33.414 0.0000000000
59472  -48.413  -21.571  33.200 0.0000000000
59474  -50.092  -21.006  33.844 0.0000000000
59458  -50.573  -21.106  34.567 0.0000000000
58380  -50.704  -21.532  34.896 0.0000000000
71998  -57.443  -10.232  24.280 0.0000000000
71999  -58.514  -10.016  24.557 0.0000000000
73004  -59.463  -9.867  24.933 0.0000000000
31524  -20.360  -47.254  50.360 0.0000000000
31488  -20.575  -47.479  53.111 0.0000000000
43056  -47.926  -35.282  42.821 0.0000000000
44144  -47.700  -34.465  42.256 0.0000000000
46437  -47.140  -33.089  41.944 0.0000000000
46460  -47.472  -32.120  41.843 0.0000000000
47548  -47.489  -31.574  42.124 0.0000000000
47570  -47.355  -31.772  41.603 0.0000000000
46482  -46.585  -32.883  40.817 0.0000000000
49570  -46.373  -29.613  41.518 0.0000000000
49569  -46.023  -29.623  41.040 0.0000000000
50532  -45.684  -28.690  41.452 0.0000000000
50547  -43.545  -28.105  40.741 0.0000000000
36551  -27.703  -42.681  46.068 0.0000000000
36533  -27.615  -43.500  46.653 0.0000000000
36552  -27.923  -43.094  46.268 0.0000000000
35542  -28.355  -44.053  47.293 0.0000000000
35556  -28.079  -43.866  46.432 0.0000000000
35629  -27.070  -42.087  43.516 0.0000000000
35630  -27.494  -42.523  43.311 0.0000000000
35588  -29.301  -43.733  44.930 0.0000000000
35587  -28.801  -43.344  44.817 0.0000000000
34623  -29.213  -44.106  45.544 0.0000000000
34624  -29.866  -44.417  45.640 0.0000000000
33649  -29.896  -44.738  46.316 0.0000000000
33668  -30.124  -44.816  45.800 0.0000000000
34663  -30.815  -44.709  44.033 0.0000000000
40148  -37.867  -39.414  39.559 0.0000000000
40185  -40.695  -37.731  38.987 0.0000000000
127737  -40.240  -38.827  40.294 0.0000000000
127729  -39.958  -38.894  40.906 0.0000000000
127668  -44.903  -40.374  42.444 0.0000000000
40132  -45.074  -38.299  40.340 0.0000000000
41052  -45.754  -38.034  40.966 0.0000000000
40104  -47.295  -38.667  43.031 0.0000000000
41054  -47.039  -37.213  42.268 0.0000000000
42041  -47.777  -36.007  42.602 0.0000000000
36577  -23.039  -42.220  43.613 0.0000000000
35554  -25.059  -43.032  45.927 0.0000000000
54814  -46.655  -25.582  45.041 0.0000000000
54793  -47.209  -25.703  45.746 0.0000000000
54865  -47.592  -25.481  43.643 0.0000000000
54840  -47.973  -24.994  44.553 0.0000000000
54866  -48.541  -25.327  43.702 0.0000000000
54898  -46.852  -25.674  41.435 0.0000000000
53733  -47.815  -25.676  40.986 0.0000000000
53724  -48.679  -24.921  41.516 0.0000000000
56019  -49.343  -24.652  41.857 0.0000000000
54887  -49.647  -24.867  43.021 0.0000000000
56020  -49.856  -24.710  42.056 0.0000000000
56008  -50.863  -24.602  42.650 0.0000000000
57160  -51.327  -23.820  40.746 0.0000000000
60654  -50.770  -19.646  31.607 0.0000000000
62942  -51.888  -18.513  32.989 0.0000000000
62910  -53.448  -18.097  35.775 0.0000000000
64060  -53.904  -17.536  35.320 0.0000000000
64082  -55.271  -16.536  33.848 0.0000000000
62935  -54.650  -17.117  33.786 0.0000000000
64062  -55.370  -16.344  35.466 0.0000000000
64052  -55.355  -16.521  36.369 0.0000000000
25661  -13.622  -53.663  52.054 0.0000000000
26610  -13.010  -53.247  51.620 0.0000000000
24625  -13.221  -54.022  51.746 0.0000000000
55040  -44.367  -23.952  31.806 0.0000000000
56149  -44.962  -23.639  32.414 0.0000000000
55053  -44.203  -23.433  31.287 0.0000000000
57301  -44.821  -22.517  31.113 0.0000000000
58440  -45.460  -22.244  31.194 0.0000000000
59500  -46.634  -22.150  31.779 0.0000000000
58441  -45.912  -22.007  31.327 0.0000000000
60663  -46.481  -21.154  30.951 0.0000000000
60664  -47.006  -20.751  31.074 0.0000000000
60665  -47.913  -20.434  30.947 0.0000000000
60682  -47.917  -19.663  30.443 0.0000000000
60683  -48.720  -19.334  30.459 0.0000000000
62976  -49.102  -17.415  30.038 0.0000000000
61812  -49.824  -18.271  30.163 0.0000000000
62979  -51.596  -17.583  30.795 0.0000000000
64131  -50.623  -16.905  30.002 0.0000000000
66412  -49.701  -14.996  31.019 0.0000000000
65235  -49.918  -15.478  30.847 0.0000000000
64110  -51.240  -16.156  30.843 0.0000000000
65237  -51.856  -15.497  31.290 0.0000000000
66397  -51.771  -14.532  31.635 0.0000000000
67665  -52.463  -14.069  31.697 0.0000000000
67666  -53.303  -13.795  31.749 0.0000000000
67651  -53.021  -13.715  31.675 0.0000000000
69848  -52.919  -13.010  31.642 0.0000000000
68778  -52.101  -13.355  31.389 0.0000000000
68793  -50.377  -13.397  30.166 0.0000000000
68794  -51.470  -13.418  30.474 0.0000000000
28610  -14.489  -49.758  48.705 0.0000000000
31509  -19.869  -47.767  50.861 0.0000000000
30546  -19.169  -48.145  50.462 0.0000000000
29582  -19.101  -49.296  51.497 0.0000000000
30545  -18.811  -48.835  50.830 0.0000000000
30544  -18.422  -49.206  50.732 0.0000000000
29605  -17.983  -49.445  49.762 0.0000000000
29593  -18.195  -49.675  50.543 0.0000000000
29545  -19.349  -49.595  53.887 0.0000000000
29580  -17.854  -50.693  52.182 0.0000000000
29581  -17.963  -50.641  51.969 0.0000000000
28587  -17.943  -50.467  50.808 0.0000000000
27614  -16.626  -51.347  51.217 0.0000000000
27609  -16.059  -51.794  51.788 0.0000000000
27608  -15.178  -52.053  51.537 0.0000000000
27612  -15.003  -51.784  50.711 0.0000000000
26612  -14.501  -52.656  52.023 0.0000000000
26604  -17.242  -52.416  53.205 0.0000000000
49490  -48.615  -29.239  47.056 0.0000000000
49474  -48.212  -28.547  47.052 0.0000000000
49473  -47.874  -28.492  46.928 0.0000000000
47519  -48.196  -30.941  43.854 0.0000000000
46402  -48.699  -31.870  44.181 0.0000000000
48537  -47.958  -29.846  44.540 0.0000000000
50503  -45.633  -27.699  43.583 0.0000000000
51502  -46.086  -27.554  45.305 0.0000000000
50493  -46.297  -27.726  44.663 0.0000000000
50482  -46.832  -28.061  45.292 0.0000000000
49507  -47.156  -28.816  45.664 0.0000000000
50467  -46.701  -28.277  46.145 0.0000000000
52517  -45.285  -26.507  45.999 0.0000000000
52519  -45.833  -26.984  46.625 0.0000000000
52506  -45.815  -26.479  46.657 0.0000000000
52507  -46.244  -26.683  47.150 0.0000000000
53630  -45.731  -25.865  46.170 0.0000000000
54769  -46.032  -25.650  46.076 0.0000000000
53650  -45.653  -25.917  45.729 0.0000000000
54836  -43.823  -24.839  44.452 0.0000000000
54862  -44.475  -24.797  43.522 0.0000000000
54878  -42.388  -25.757  42.044 0.0000000000
54859  -42.549  -25.636  42.625 0.0000000000
54910  -43.613  -25.400  40.772 0.0000000000
54925  -44.160  -25.534  39.998 0.0000000000
53802  -43.266  -27.036  36.413 0.0000000000
52643  -38.864  -26.957  38.527 0.0000000000
52686  -39.249  -26.793  37.258 0.0000000000
52665  -40.267  -26.780  38.317 0.0000000000
51637  -39.484  -27.148  37.154 0.0000000000
52708  -39.610  -27.362  36.317 0.0000000000
52728  -39.868  -27.145  35.342 0.0000000000
52752  -42.176  -27.176  34.227 0.0000000000
34539  -29.980  -44.544  50.590 0.0000000000
36636  -32.561  -42.529  40.767 0.0000000000
35678  -31.677  -43.324  41.050 0.0000000000
35659  -31.148  -43.644  41.920 0.0000000000
34666  -33.391  -43.667  43.442 0.0000000000
40129  -34.786  -39.056  41.298 0.0000000000
127781  -34.888  -40.130  41.476 0.0000000000
127790  -34.336  -40.159  41.666 0.0000000000
37540  -37.751  -41.461  44.219 0.0000000000
38418  -36.835  -40.841  43.402 0.0000000000
37539  -36.862  -41.423  44.031 0.0000000000
37509  -35.698  -41.640  45.396 0.0000000000
37538  -35.890  -41.084  44.076 0.0000000000
36569  -35.191  -41.498  44.326 0.0000000000
35612  -34.981  -41.384  43.654 0.0000000000
36568  -34.849  -42.156  44.307 0.0000000000
36567  -34.544  -42.366  43.471 0.0000000000
36553  -34.810  -42.144  45.208 0.0000000000
34605  -35.697  -43.661  46.778 0.0000000000
35558  -35.134  -43.779  45.937 0.0000000000
34604  -35.330  -44.262  46.447 0.0000000000
34603  -35.157  -44.931  46.505 0.0000000000
34584  -35.285  -44.948  46.995 0.0000000000
32583  -35.160  -46.155  48.078 0.0000000000
33603  -35.748  -45.547  47.773 0.0000000000
34554  -36.977  -44.299  49.429 0.0000000000
35517  -38.441  -43.304  49.418 0.0000000000
35531  -37.598  -43.052  48.672 0.0000000000
127625  -44.166  -41.765  45.171 0.0000000000
32595  -18.409  -46.416  46.668 0.0000000000
35580  -21.631  -43.981  44.646 0.0000000000
34639  -21.457  -44.409  45.382 0.0000000000
34660  -19.853  -44.468  44.987 0.0000000000
34636  -19.007  -43.849  44.735 0.0000000000
33679  -19.323  -44.698  44.842 0.0000000000
33661  -18.935  -45.106  45.103 0.0000000000
32609  -19.836  -45.381  45.477 0.0000000000
33595  -20.851  -45.777  48.050 0.0000000000
32577  -20.214  -46.500  47.763 0.0000000000
32555  -21.183  -46.260  49.042 0.0000000000
35498  -23.731  -43.699  51.048 0.0000000000
34521  -23.394  -44.003  51.136 0.0000000000
35484  -23.367  -43.864  51.646 0.0000000000
53652  -49.323  -25.649  46.015 0.0000000000
55015  -44.522  -25.231  33.466 0.0000000000
53851  -45.537  -25.606  34.357 0.0000000000
55002  -47.400  -24.888  35.261 0.0000000000
54986  -48.502  -24.902  36.477 0.0000000000
57260  -49.061  -22.707  34.050 0.0000000000
56138  -48.510  -23.430  34.455 0.0000000000
56139  -49.213  -23.253  34.683 0.0000000000
56102  -50.882  -23.852  36.526 0.0000000000
56101  -50.133  -24.011  36.470 0.0000000000
56082  -50.511  -24.560  36.988 0.0000000000
54969  -49.719  -24.864  37.459 0.0000000000
54950  -50.681  -24.198  38.787 0.0000000000
54951  -51.323  -24.264  38.364 0.0000000000
57194  -52.609  -23.783  38.657 0.0000000000
57193  -51.899  -23.964  39.267 0.0000000000
56049  -52.952  -23.785  39.456 0.0000000000
61764  -51.487  -18.821  34.278 0.0000000000
60625  -51.144  -19.671  34.141 0.0000000000
59420  -53.073  -20.316  36.623 0.0000000000
59442  -53.003  -20.926  35.743 0.0000000000
59443  -53.636  -20.803  36.223 0.0000000000
70890  -53.177  -12.203  31.346 0.0000000000
69860  -54.436  -12.388  31.594 0.0000000000
69873  -54.071  -11.714  31.020 0.0000000000
70904  -53.836  -11.736  31.101 0.0000000000
70905  -54.902  -11.442  31.365 0.0000000000
70906  -55.122  -10.428  31.464 0.0000000000
68826  -53.310  -13.005  29.708 0.0000000000
68836  -53.608  -12.922  28.825 0.0000000000
69888  -55.742  -11.571  30.267 0.0000000000
71918  -57.138  -10.223  31.348 0.0000000000
71938  -57.752  -10.589  29.859 0.0000000000
70947  -56.994  -10.988  26.684 0.0000000000
70946  -56.139  -11.145  26.548 0.0000000000
69908  -57.368  -11.659  28.173 0.0000000000
70939  -59.385  -10.123  28.119 0.0000000000
70931  -59.520  -9.935  28.553 0.0000000000
71940  -59.662  -9.616  29.127 0.0000000000
74046  -59.719  -8.508  25.706 0.0000000000
74036  -59.998  -8.301  26.299 0.0000000000
75116  -60.045  -7.416  26.032 0.0000000000
44197  -45.076  -34.285  39.986 0.0000000000
127744  -42.390  -35.881  38.992 0.0000000000
43098  -44.035  -36.279  39.469 0.0000000000
53781  -44.346  -25.916  37.406 0.0000000000
53763  -45.525  -25.841  38.162 0.0000000000
53805  -45.961  -25.660  36.328 0.0000000000
66417  -55.565  -14.861  32.085 0.0000000000
68769  -56.995  -12.912  33.325 0.0000000000
68784  -57.137  -12.572  33.066 0.0000000000
69863  -57.246  -12.275  32.861 0.0000000000
69862  -56.645  -11.753  32.386 0.0000000000
32574  -17.659  -46.878  46.902 0.0000000000
31583  -18.410  -48.351  47.323 0.0000000000
30590  -18.407  -48.592  47.774 0.0000000000
51557  -42.575  -27.679  41.384 0.0000000000
50515  -41.943  -27.577  41.852 0.0000000000
51539  -41.996  -27.312  41.657 0.0000000000
51524  -41.954  -26.900  41.932 0.0000000000
52630  -39.992  -26.712  39.732 0.0000000000
127455  -33.918  -47.678  48.716 0.0000000000
31560  -34.830  -47.192  48.790 0.0000000000
31561  -35.514  -46.923  48.981 0.0000000000
127642  -40.272  -41.867  45.012 0.0000000000
127641  -40.333  -42.426  46.262 0.0000000000
37488  -40.128  -42.491  47.251 0.0000000000
37479  -41.367  -42.392  47.964 0.0000000000
36501  -24.140  -43.018  47.907 0.0000000000
59486  -48.613  -21.480  32.605 0.0000000000
60623  -49.114  -20.632  33.467 0.0000000000
59487  -49.505  -20.633  33.535 0.0000000000
60610  -50.886  -20.433  34.333 0.0000000000
44162  -47.374  -34.747  41.758 0.0000000000
44143  -47.080  -34.197  41.996 0.0000000000
48609  -45.419  -30.813  39.536 0.0000000000
47586  -45.941  -31.519  40.274 0.0000000000
49584  -45.290  -29.808  40.204 0.0000000000
49583  -44.755  -29.140  40.488 0.0000000000
35584  -25.634  -42.928  45.021 0.0000000000
36549  -26.051  -42.798  45.345 0.0000000000
36565  -26.731  -42.626  44.941 0.0000000000
36566  -27.512  -42.640  45.323 0.0000000000
35631  -28.134  -42.934  42.963 0.0000000000
127661  -42.917  -40.538  42.042 0.0000000000
127681  -43.849  -40.253  41.955 0.0000000000
41066  -45.863  -37.110  40.953 0.0000000000
37518  -24.046  -41.773  44.000 0.0000000000
36563  -24.675  -42.435  44.452 0.0000000000
54839  -47.113  -25.610  44.447 0.0000000000
54884  -47.155  -25.211  42.821 0.0000000000
54914  -48.316  -25.603  40.472 0.0000000000
54915  -49.016  -24.688  40.890 0.0000000000
56034  -49.948  -24.180  41.006 0.0000000000
56046  -50.212  -23.829  40.261 0.0000000000
56047  -50.828  -23.489  39.713 0.0000000000
61795  -52.040  -18.478  31.676 0.0000000000
62943  -52.626  -18.245  32.562 0.0000000000
62934  -54.082  -17.802  33.751 0.0000000000
65183  -56.182  -15.682  35.212 0.0000000000
65173  -55.936  -15.685  36.091 0.0000000000
72946  -57.779  -9.927  31.278 0.0000000000
59534  -45.792  -21.419  30.783 0.0000000000
62984  -47.630  -18.250  29.589 0.0000000000
61827  -48.378  -18.335  29.721 0.0000000000
62975  -48.129  -17.374  30.018 0.0000000000
64122  -48.494  -16.508  30.264 0.0000000000
66411  -49.162  -14.548  30.617 0.0000000000
65217  -50.326  -15.054  31.453 0.0000000000
65218  -51.128  -15.047  31.661 0.0000000000
66395  -50.141  -14.553  30.843 0.0000000000
68777  -51.617  -13.447  31.112 0.0000000000
28611  -15.126  -50.094  48.761 0.0000000000
28600  -15.309  -50.723  49.479 0.0000000000
30520  -19.887  -48.198  52.256 0.0000000000
29549  -18.130  -50.511  53.043 0.0000000000
26614  -16.380  -51.979  52.482 0.0000000000
51529  -45.200  -27.262  44.035 0.0000000000
51516  -44.819  -27.181  44.444 0.0000000000
51501  -45.139  -27.292  45.154 0.0000000000
51481  -45.478  -27.290  45.792 0.0000000000
51482  -46.366  -27.575  46.091 0.0000000000
52533  -45.080  -26.677  45.785 0.0000000000
53648  -45.018  -26.399  45.366 0.0000000000
53671  -44.750  -25.940  45.071 0.0000000000
53670  -44.219  -25.776  45.118 0.0000000000
54811  -43.471  -24.993  45.177 0.0000000000
53732  -41.784  -25.566  40.437 0.0000000000
54893  -42.415  -25.660  41.302 0.0000000000
54922  -41.963  -25.435  40.199 0.0000000000
54923  -42.397  -25.297  40.069 0.0000000000
53743  -42.805  -25.534  39.328 0.0000000000
34567  -29.190  -44.014  48.773 0.0000000000
33563  -29.517  -44.525  49.403 0.0000000000
33550  -30.546  -45.154  50.359 0.0000000000
127452  -31.721  -47.120  50.635 0.0000000000
38454  -32.435  -40.358  40.153 0.0000000000
38453  -31.883  -40.862  39.967 0.0000000000
37589  -32.468  -41.198  40.399 0.0000000000
36619  -32.772  -42.707  42.013 0.0000000000
35610  -32.969  -42.930  42.847 0.0000000000
35611  -33.412  -43.044  43.079 0.0000000000
40146  -35.995  -38.602  40.785 0.0000000000
37511  -37.239  -41.810  45.730 0.0000000000
37510  -36.530  -41.851  45.538 0.0000000000
36555  -36.040  -42.131  45.613 0.0000000000
35573  -35.559  -42.822  45.613 0.0000000000
36535  -35.983  -42.608  45.798 0.0000000000
33604  -36.405  -44.498  47.872 0.0000000000
34586  -36.366  -43.670  47.743 0.0000000000
34619  -22.384  -44.381  46.481 0.0000000000
34618  -21.676  -44.565  46.190 0.0000000000
34617  -20.951  -45.357  46.449 0.0000000000
34596  -21.024  -45.598  47.100 0.0000000000
33576  -21.853  -45.520  48.757 0.0000000000
35472  -25.027  -43.626  52.693 0.0000000000
35471  -24.201  -43.621  52.532 0.0000000000
55017  -46.216  -24.838  34.126 0.0000000000
56118  -48.125  -24.127  34.944 0.0000000000
57245  -50.534  -22.499  35.021 0.0000000000
57244  -49.982  -22.692  35.049 0.0000000000
56122  -51.446  -23.467  35.960 0.0000000000
56103  -51.572  -23.832  36.649 0.0000000000
56084  -51.953  -24.155  37.594 0.0000000000
57195  -53.317  -23.392  38.326 0.0000000000
61756  -52.638  -18.827  35.821 0.0000000000
61746  -52.935  -19.038  36.548 0.0000000000
60577  -53.132  -19.618  37.012 0.0000000000
69871  -52.684  -12.377  30.903 0.0000000000
70916  -53.193  -11.734  31.002 0.0000000000
69884  -53.070  -11.937  30.877 0.0000000000
69885  -53.505  -11.839  30.876 0.0000000000
69889  -56.542  -11.657  29.993 0.0000000000
70929  -58.175  -11.145  29.069 0.0000000000
71978  -56.628  -10.088  25.032 0.0000000000
70962  -57.349  -10.632  26.179 0.0000000000
70948  -57.960  -10.850  26.775 0.0000000000
70949  -58.650  -10.416  27.290 0.0000000000
70950  -59.102  -10.091  27.589 0.0000000000
72970  -60.216  -8.848  27.750 0.0000000000
128520  -59.967  -7.055  25.589 0.0000000000
128518  -59.989  -7.349  25.199 0.0000000000
44160  -46.088  -34.620  41.271 0.0000000000
36616  -27.285  -41.536  42.734 0.0000000000
36618  -29.063  -42.483  41.605 0.0000000000
127738  -40.689  -37.028  38.953 0.0000000000
127756  -43.792  -38.995  40.348 0.0000000000
127706  -44.028  -38.260  40.104 0.0000000000
40151  -44.712  -37.694  40.163 0.0000000000
42074  -44.868  -36.669  40.472 0.0000000000
42062  -45.328  -36.377  40.809 0.0000000000
54927  -46.550  -25.789  39.438 0.0000000000
53747  -46.382  -25.722  38.805 0.0000000000
64112  -53.384  -16.790  31.369 0.0000000000
62960  -54.067  -17.418  32.342 0.0000000000
64113  -54.442  -16.729  31.982 0.0000000000
64083  -55.829  -16.021  33.845 0.0000000000
65221  -55.649  -15.374  32.698 0.0000000000
65202  -55.982  -15.375  33.480 0.0000000000
65193  -56.150  -15.503  34.334 0.0000000000
66355  -56.339  -14.937  35.717 0.0000000000
66344  -56.917  -14.742  36.686 0.0000000000
69851  -57.603  -11.763  33.203 0.0000000000
71893  -57.172  -10.593  32.327 0.0000000000
71907  -56.606  -10.384  31.968 0.0000000000
32573  -16.658  -46.667  46.825 0.0000000000
31569  -15.892  -47.420  47.142 0.0000000000
50519  -46.551  -28.566  42.113 0.0000000000
50502  -44.899  -27.657  43.311 0.0000000000
51541  -43.613  -27.287  42.447 0.0000000000
51542  -44.228  -27.053  42.945 0.0000000000
51527  -43.739  -27.096  43.449 0.0000000000
51514  -43.359  -26.940  44.015 0.0000000000
52571  -42.568  -25.850  44.056 0.0000000000
53701  -42.423  -25.836  42.672 0.0000000000
52600  -42.106  -26.501  41.413 0.0000000000
53719  -42.059  -26.016  40.916 0.0000000000
33601  -30.020  -44.872  47.511 0.0000000000
127460  -32.356  -47.781  50.431 0.0000000000
38469  -32.311  -39.916  39.606 0.0000000000
127787  -33.318  -40.478  41.099 0.0000000000
127750  -38.384  -40.859  42.615 0.0000000000
127749  -37.974  -41.134  43.041 0.0000000000
37560  -38.111  -41.320  43.590 0.0000000000
37526  -39.297  -42.063  44.992 0.0000000000
37525  -38.481  -41.837  45.124 0.0000000000
37524  -37.793  -41.662  45.075 0.0000000000
37512  -37.878  -41.811  45.877 0.0000000000
37487  -37.566  -42.066  47.078 0.0000000000
35546  -37.322  -42.743  47.931 0.0000000000
36505  -38.285  -42.593  48.078 0.0000000000
35532  -38.645  -42.727  48.793 0.0000000000
35533  -39.158  -42.649  48.775 0.0000000000
36507  -39.883  -42.542  47.966 0.0000000000
35505  -39.808  -43.158  49.389 0.0000000000
35604  -21.851  -43.105  43.783 0.0000000000
35551  -22.870  -44.079  46.832 0.0000000000
34549  -23.167  -44.654  49.073 0.0000000000
35486  -24.906  -43.309  51.887 0.0000000000
58409  -46.822  -22.439  32.793 0.0000000000
57258  -47.271  -22.763  33.561 0.0000000000
58397  -49.462  -21.823  34.046 0.0000000000
57262  -50.093  -22.398  34.835 0.0000000000
58382  -52.324  -21.960  35.441 0.0000000000
68834  -51.152  -12.681  28.488 0.0000000000
67706  -52.745  -13.276  27.928 0.0000000000
71979  -57.695  -10.128  25.245 0.0000000000
71980  -58.747  -10.151  25.589 0.0000000000
72985  -59.478  -8.907  26.274 0.0000000000
72994  -59.411  -9.232  25.444 0.0000000000
73028  -58.376  -8.923  23.677 0.0000000000
74055  -59.561  -8.345  24.507 0.0000000000
31558  -20.325  -46.934  49.143 0.0000000000
31557  -19.885  -47.256  48.833 0.0000000000
31540  -20.200  -47.344  49.531 0.0000000000
30521  -20.275  -47.772  52.689 0.0000000000
44126  -48.175  -34.346  42.935 0.0000000000
48572  -47.322  -30.657  42.187 0.0000000000
48571  -47.066  -29.893  42.215 0.0000000000
45307  -46.639  -33.203  41.243 0.0000000000
48597  -46.565  -31.145  40.690 0.0000000000
47569  -47.028  -31.481  41.156 0.0000000000
48584  -46.705  -30.319  41.360 0.0000000000
49561  -46.571  -29.487  41.956 0.0000000000
51543  -46.193  -28.063  41.663 0.0000000000
51558  -43.121  -27.596  41.480 0.0000000000
50545  -41.731  -28.086  40.963 0.0000000000
36503  -26.335  -43.360  48.591 0.0000000000
36532  -26.939  -42.964  46.649 0.0000000000
36517  -27.818  -43.879  47.299 0.0000000000
35528  -28.331  -43.916  47.910 0.0000000000
34580  -28.701  -43.841  47.776 0.0000000000
34581  -28.936  -44.271  47.591 0.0000000000
33627  -29.204  -44.258  47.010 0.0000000000
35585  -27.362  -42.619  44.480 0.0000000000
35606  -27.884  -42.705  43.888 0.0000000000
35586  -28.023  -42.997  44.842 0.0000000000
35570  -28.179  -43.189  45.694 0.0000000000
34600  -28.238  -43.842  46.016 0.0000000000
34601  -28.783  -44.158  46.484 0.0000000000
33628  -29.475  -44.478  46.771 0.0000000000
34643  -30.323  -44.762  45.137 0.0000000000
127480  -31.508  -45.486  46.348 0.0000000000
127792  -36.764  -37.919  38.573 0.0000000000
40182  -36.615  -38.212  38.811 0.0000000000
40165  -36.066  -38.492  39.609 0.0000000000
40147  -37.039  -38.953  40.214 0.0000000000
127722  -39.216  -37.951  39.537 0.0000000000
127723  -38.957  -38.344  39.546 0.0000000000
127736  -39.943  -38.831  40.282 0.0000000000
127734  -38.814  -39.205  39.661 0.0000000000
127671  -46.452  -39.730  42.090 0.0000000000
41055  -47.729  -37.159  42.289 0.0000000000
36576  -22.405  -42.410  43.395 0.0000000000
35566  -23.757  -43.371  45.246 0.0000000000
36547  -23.945  -42.819  44.703 0.0000000000
54771  -47.483  -25.552  46.568 0.0000000000
54816  -48.452  -24.947  45.326 0.0000000000
54817  -49.611  -24.813  45.426 0.0000000000
53712  -46.879  -25.492  42.148 0.0000000000
53713  -47.629  -25.259  42.188 0.0000000000
53734  -48.347  -25.492  41.215 0.0000000000
54899  -48.269  -24.946  42.175 0.0000000000
54886  -49.045  -25.222  42.901 0.0000000000
54868  -50.237  -25.027  43.785 0.0000000000
56021  -50.980  -24.325  41.291 0.0000000000
61781  -49.669  -20.056  31.853 0.0000000000
61772  -50.671  -19.511  32.974 0.0000000000
62920  -52.031  -18.274  34.700 0.0000000000
62932  -52.009  -18.133  33.787 0.0000000000
62909  -52.506  -18.469  35.110 0.0000000000
62897  -53.620  -18.275  36.355 0.0000000000
62945  -54.343  -17.276  32.931 0.0000000000
62923  -54.302  -17.419  34.435 0.0000000000
64071  -54.170  -17.294  35.014 0.0000000000
64061  -54.411  -17.122  35.709 0.0000000000
62911  -54.064  -17.554  36.230 0.0000000000
26620  -13.632  -52.797  51.222 0.0000000000
52754  -43.714  -26.341  34.329 0.0000000000
52755  -44.345  -26.246  34.377 0.0000000000
53849  -43.976  -25.778  33.723 0.0000000000
53866  -44.056  -25.276  33.101 0.0000000000
55030  -45.332  -24.124  32.931 0.0000000000
56150  -45.619  -23.259  32.817 0.0000000000
56160  -44.745  -23.117  31.723 0.0000000000
57285  -45.666  -22.681  32.429 0.0000000000
57271  -46.081  -22.553  32.896 0.0000000000
58408  -46.366  -22.456  32.583 0.0000000000
59501  -47.058  -22.013  31.972 0.0000000000
60649  -47.294  -21.251  31.644 0.0000000000
59502  -47.694  -21.394  31.910 0.0000000000
60666  -48.855  -20.242  30.971 0.0000000000
61793  -49.499  -20.210  31.514 0.0000000000
60652  -49.705  -19.996  31.584 0.0000000000
60668  -50.287  -19.616  31.005 0.0000000000
60669  -51.136  -19.241  31.064 0.0000000000
61811  -48.939  -18.466  30.071 0.0000000000
60685  -50.524  -18.993  30.393 0.0000000000
60686  -51.093  -18.607  30.614 0.0000000000
61794  -51.616  -18.325  31.194 0.0000000000
62980  -51.928  -17.569  31.117 0.0000000000
64126  -51.966  -17.287  30.953 0.0000000000
65248  -47.854  -15.822  30.573 0.0000000000
64123  -49.720  -16.146  30.107 0.0000000000
65250  -49.414  -15.595  30.504 0.0000000000
64124  -50.733  -16.501  30.239 0.0000000000
65238  -53.031  -15.772  31.267 0.0000000000
66415  -53.755  -14.979  31.365 0.0000000000
65219  -51.666  -15.007  31.507 0.0000000000
66400  -54.166  -14.298  31.672 0.0000000000
67667  -54.042  -13.777  32.055 0.0000000000
68780  -53.863  -13.115  32.073 0.0000000000
70889  -52.704  -12.473  31.215 0.0000000000
69856  -52.030  -13.236  31.061 0.0000000000
69869  -52.063  -13.207  30.857 0.0000000000
69870  -52.455  -12.669  30.907 0.0000000000
68795  -52.248  -12.995  30.466 0.0000000000
68823  -50.486  -12.759  29.087 0.0000000000
68833  -50.019  -12.457  28.132 0.0000000000
30578  -19.378  -47.995  48.818 0.0000000000
30561  -18.619  -48.742  49.944 0.0000000000
29606  -18.388  -49.073  49.424 0.0000000000
29619  -18.149  -49.294  49.018 0.0000000000
29604  -17.115  -50.074  49.485 0.0000000000
29551  -19.412  -49.363  53.101 0.0000000000
29565  -18.262  -50.397  52.279 0.0000000000
28566  -18.427  -50.115  51.929 0.0000000000
28588  -18.353  -50.023  51.062 0.0000000000
28601  -16.262  -50.504  49.423 0.0000000000
28585  -16.064  -50.937  49.961 0.0000000000
26601  -14.251  -53.127  52.457 0.0000000000
25654  -14.435  -53.409  53.057 0.0000000000
25655  -15.268  -53.420  53.063 0.0000000000
50454  -48.477  -28.298  47.121 0.0000000000
51461  -48.203  -27.842  47.235 0.0000000000
44108  -49.058  -33.910  43.856 0.0000000000
50505  -47.283  -29.051  43.031 0.0000000000
50495  -47.353  -28.784  43.498 0.0000000000
49539  -47.615  -29.150  44.012 0.0000000000
48552  -47.648  -29.556  44.374 0.0000000000
49508  -47.669  -29.013  45.914 0.0000000000
50453  -47.348  -28.419  46.785 0.0000000000
50466  -46.476  -27.963  46.655 0.0000000000
50451  -46.394  -27.985  47.091 0.0000000000
50439  -46.574  -28.001  47.296 0.0000000000
51459  -46.644  -27.431  47.453 0.0000000000
52508  -46.993  -26.587  47.564 0.0000000000
54792  -46.310  -25.727  45.602 0.0000000000
54813  -45.722  -25.809  44.817 0.0000000000
53685  -42.198  -25.263  44.275 0.0000000000
54860  -42.499  -25.199  43.463 0.0000000000
54880  -43.255  -25.235  42.572 0.0000000000
54895  -43.939  -25.359  41.671 0.0000000000
53761  -43.520  -25.806  38.388 0.0000000000
52732  -43.574  -26.715  34.989 0.0000000000
51575  -40.608  -27.316  39.922 0.0000000000
51652  -39.495  -27.261  36.871 0.0000000000
52688  -41.210  -27.114  37.526 0.0000000000
52729  -41.079  -27.109  35.212 0.0000000000
51666  -41.620  -27.343  34.859 0.0000000000
52711  -42.502  -27.283  36.007 0.0000000000
52731  -42.964  -27.193  35.232 0.0000000000
52753  -43.072  -26.663  34.370 0.0000000000
34551  -28.240  -43.860  50.892 0.0000000000
37573  -29.187  -41.730  41.088 0.0000000000
35675  -29.588  -43.090  40.846 0.0000000000
34678  -31.466  -44.400  43.257 0.0000000000
34679  -32.306  -44.226  42.985 0.0000000000
127481  -33.656  -45.471  46.080 0.0000000000
40144  -34.328  -38.830  40.800 0.0000000000
40145  -35.045  -38.511  40.742 0.0000000000
40127  -33.870  -39.419  41.388 0.0000000000
127783  -33.802  -40.520  41.593 0.0000000000
37536  -34.036  -41.285  42.944 0.0000000000
36603  -35.157  -40.720  43.513 0.0000000000
36602  -34.659  -40.802  43.340 0.0000000000
37535  -34.002  -41.693  42.920 0.0000000000
35589  -34.028  -42.943  43.798 0.0000000000
35572  -35.015  -43.167  45.220 0.0000000000
34626  -34.826  -44.647  45.688 0.0000000000
127469  -34.323  -45.746  46.767 0.0000000000
32582  -34.676  -46.302  47.656 0.0000000000
32561  -35.485  -46.442  48.516 0.0000000000
32541  -35.936  -46.621  49.182 0.0000000000
33565  -36.293  -46.252  49.429 0.0000000000
32542  -36.292  -46.739  49.867 0.0000000000
34555  -37.443  -43.780  49.102 0.0000000000
35515  -36.973  -44.059  50.254 0.0000000000
32594  -17.458  -46.107  46.534 0.0000000000
35579  -20.419  -43.648  44.445 0.0000000000
33643  -20.044  -45.606  45.954 0.0000000000
33619  -19.255  -46.073  46.342 0.0000000000
32597  -19.869  -46.506  47.343 0.0000000000
35470  -23.566  -43.761  52.206 0.0000000000
53806  -46.914  -25.741  36.264 0.0000000000
55001  -46.657  -25.111  34.885 0.0000000000
53828  -46.580  -25.456  35.576 0.0000000000
56120  -49.811  -23.583  35.320 0.0000000000
55004  -49.037  -24.438  35.725 0.0000000000
56064  -50.860  -23.832  39.235 0.0000000000
56048  -51.444  -23.596  39.505 0.0000000000
60624  -50.592  -20.092  33.569 0.0000000000
60612  -52.212  -19.509  35.457 0.0000000000
58367  -52.964  -21.877  35.807 0.0000000000
57230  -53.700  -22.509  36.696 0.0000000000
70892  -55.129  -11.305  31.414 0.0000000000
71905  -54.943  -10.316  32.149 0.0000000000
71906  -55.633  -10.294  32.133 0.0000000000
71917  -56.223  -10.457  31.632 0.0000000000
68814  -54.354  -12.224  30.306 0.0000000000
69896  -54.692  -12.057  30.258 0.0000000000
70918  -54.969  -11.456  30.938 0.0000000000
70919  -55.509  -11.100  31.163 0.0000000000
72954  -57.534  -9.939  31.011 0.0000000000
72955  -58.016  -9.643  30.853 0.0000000000
72956  -58.669  -9.360  30.718 0.0000000000
72986  -59.668  -8.782  26.562 0.0000000000
24621  -14.027  -53.773  53.011 0.0000000000
25653  -13.954  -53.510  52.490 0.0000000000
25660  -13.139  -53.570  51.689 0.0000000000
26600  -14.119  -53.177  52.120 0.0000000000
26611  -13.729  -53.236  51.870 0.0000000000
28565  -18.293  -50.316  51.939 0.0000000000
28576  -18.549  -49.812  51.569 0.0000000000
29583  -19.633  -48.831  51.625 0.0000000000
30599  -17.934  -48.343  46.987 0.0000000000
31539  -19.683  -47.717  49.357 0.0000000000
31582  -18.288  -48.264  46.988 0.0000000000
32560  -34.916  -46.549  48.251 0.0000000000
32608  -19.453  -45.344  45.444 0.0000000000
32624  -19.374  -45.102  45.089 0.0000000000
32625  -19.672  -45.210  45.282 0.0000000000
32642  -19.572  -44.911  45.007 0.0000000000
32643  -19.865  -45.071  45.219 0.0000000000
33650  -34.837  -45.180  46.286 0.0000000000
33678  -19.058  -44.247  44.807 0.0000000000
33680  -19.839  -44.823  45.106 0.0000000000
34540  -30.312  -44.690  50.821 0.0000000000
34553  -30.108  -44.725  50.308 0.0000000000
34568  -29.526  -44.485  48.686 0.0000000000
34583  -35.012  -45.368  46.642 0.0000000000
34622  -28.511  -43.887  45.711 0.0000000000
34659  -19.354  -44.161  44.832 0.0000000000
34661  -20.135  -44.733  45.181 0.0000000000
34680  -32.989  -43.847  42.872 0.0000000000
34681  -33.220  -43.508  43.006 0.0000000000
34700  -29.538  -43.180  40.629 0.0000000000
34701  -29.754  -43.265  40.551 0.0000000000
34707  -29.433  -43.089  40.453 0.0000000000
34708  -29.576  -43.062  40.534 0.0000000000
35469  -23.159  -44.111  52.043 0.0000000000
35518  -39.337  -42.859  49.162 0.0000000000
35519  -39.858  -42.908  49.118 0.0000000000
35530  -37.147  -43.409  48.432 0.0000000000
35543  -28.472  -44.094  46.940 0.0000000000
35555  -27.908  -43.914  46.721 0.0000000000
35614  -35.182  -40.946  43.717 0.0000000000
35636  -32.989  -43.285  42.875 0.0000000000
35637  -34.755  -41.448  43.450 0.0000000000
35638  -34.788  -41.173  43.565 0.0000000000
35639  -34.945  -40.920  43.642 0.0000000000
35661  -34.482  -41.532  43.278 0.0000000000
35662  -34.688  -41.405  43.323 0.0000000000
35674  -29.660  -42.985  40.521 0.0000000000
35689  -29.601  -42.935  40.328 0.0000000000
35690  -29.767  -43.102  40.373 0.0000000000
36493  -39.441  -42.659  48.754 0.0000000000
36521  -37.950  -42.274  47.318 0.0000000000
36534  -27.819  -43.529  46.418 0.0000000000
36538  -38.359  -42.173  47.034 0.0000000000
36554  -35.331  -42.255  45.530 0.0000000000
36562  -23.528  -42.377  44.190 0.0000000000
36578  -24.947  -41.628  43.863 0.0000000000
36584  -35.248  -41.394  43.902 0.0000000000
36585  -35.433  -40.940  43.751 0.0000000000
36599  -32.935  -42.739  42.612 0.0000000000
36601  -34.372  -41.253  43.215 0.0000000000
36621  -34.471  -41.353  43.101 0.0000000000
36622  -34.544  -41.206  43.354 0.0000000000
36632  -29.710  -42.734  40.568 0.0000000000
36633  -29.653  -42.411  40.697 0.0000000000
36646  -29.959  -42.856  40.185 0.0000000000
37486  -37.286  -41.994  46.909 0.0000000000
37520  -34.791  -41.740  45.031 0.0000000000
37521  -35.309  -41.383  44.816 0.0000000000
37537  -35.445  -41.311  44.283 0.0000000000
37542  -38.949  -41.888  44.379 0.0000000000
37557  -35.108  -40.542  43.011 0.0000000000
37559  -37.571  -41.305  43.669 0.0000000000
39264  -35.047  -40.031  41.579 0.0000000000
39273  -32.755  -39.857  39.925 0.0000000000
39290  -34.962  -38.019  39.534 0.0000000000
39291  -35.051  -37.838  39.426 0.0000000000
39304  -34.944  -38.119  38.775 0.0000000000
39305  -35.011  -38.165  39.045 0.0000000000
39312  -34.765  -38.216  38.613 0.0000000000
39313  -34.885  -38.074  38.523 0.0000000000
40150  -44.437  -38.168  40.087 0.0000000000
40181  -35.123  -37.682  39.604 0.0000000000
40183  -37.518  -38.182  38.797 0.0000000000
40192  -34.920  -38.123  39.073 0.0000000000
40193  -34.954  -38.105  38.758 0.0000000000
41105  -36.452  -37.623  38.765 0.0000000000
48536  -47.615  -29.507  44.617 0.0000000000
50438  -46.312  -28.021  47.279 0.0000000000
50440  -47.218  -28.159  47.356 0.0000000000
50452  -46.772  -28.257  46.858 0.0000000000
50481  -46.463  -27.714  45.106 0.0000000000
50528  -41.892  -27.662  41.398 0.0000000000
50546  -42.488  -28.071  40.844 0.0000000000
51458  -46.374  -27.791  47.231 0.0000000000
51467  -46.174  -27.565  46.831 0.0000000000
51468  -46.275  -27.506  47.215 0.0000000000
51483  -46.611  -27.961  45.822 0.0000000000
51544  -46.438  -28.396  41.785 0.0000000000
51559  -46.086  -28.436  41.499 0.0000000000
51560  -46.311  -28.431  41.621 0.0000000000
51577  -43.050  -27.835  41.045 0.0000000000
51636  -39.411  -26.926  37.134 0.0000000000
51651  -39.359  -26.976  36.957 0.0000000000
51684  -41.666  -27.319  34.540 0.0000000000
52505  -45.663  -26.387  46.484 0.0000000000
52518  -45.471  -26.594  46.239 0.0000000000
52535  -45.816  -27.227  46.285 0.0000000000
52588  -42.934  -26.412  43.706 0.0000000000
52648  -45.341  -26.137  38.628 0.0000000000
52667  -44.825  -26.467  38.750 0.0000000000
52668  -45.076  -26.288  38.537 0.0000000000
52689  -41.967  -27.227  37.125 0.0000000000
52730  -42.021  -27.393  35.204 0.0000000000
53614  -45.538  -26.321  46.302 0.0000000000
53615  -45.678  -26.152  46.439 0.0000000000
53616  -46.019  -26.128  46.786 0.0000000000
53628  -45.224  -26.468  45.725 0.0000000000
53631  -46.356  -25.838  46.659 0.0000000000
53649  -45.299  -26.156  45.345 0.0000000000
53714  -47.994  -24.995  42.225 0.0000000000
53720  -42.114  -25.652  40.798 0.0000000000
53721  -46.809  -25.616  41.719 0.0000000000
53723  -48.195  -25.057  41.771 0.0000000000
53765  -47.259  -25.486  37.763 0.0000000000
54768  -45.782  -25.784  45.889 0.0000000000
54790  -45.097  -25.985  45.000 0.0000000000
54810  -42.808  -24.965  45.256 0.0000000000
54834  -42.219  -24.939  44.223 0.0000000000
54900  -48.867  -24.753  42.001 0.0000000000
54908  -42.198  -25.478  40.593 0.0000000000
54971  -51.120  -24.379  37.979 0.0000000000
55994  -50.400  -24.755  43.536 0.0000000000
56123  -51.832  -23.488  36.212 0.0000000000
56174  -44.340  -22.954  31.172 0.0000000000
57159  -50.947  -23.912  40.661 0.0000000000
57284  -45.326  -22.488  31.858 0.0000000000
58420  -45.729  -22.310  31.604 0.0000000000
58422  -46.586  -22.356  32.368 0.0000000000
58460  -45.614  -21.897  30.915 0.0000000000
59470  -47.560  -22.111  32.977 0.0000000000
59484  -47.449  -22.145  32.667 0.0000000000
59519  -46.881  -21.381  31.440 0.0000000000
60622  -48.892  -20.985  33.130 0.0000000000
60635  -48.357  -21.534  32.059 0.0000000000
60653  -49.994  -19.784  31.634 0.0000000000
61748  -53.873  -18.649  36.885 0.0000000000
61780  -49.325  -20.415  31.562 0.0000000000
61784  -52.313  -18.539  31.890 0.0000000000
61792  -49.338  -20.262  31.313 0.0000000000
61814  -51.186  -17.983  30.625 0.0000000000
61826  -47.984  -18.564  29.568 0.0000000000
62908  -52.163  -18.386  34.907 0.0000000000
62957  -51.838  -17.784  31.185 0.0000000000
62974  -47.214  -17.790  29.828 0.0000000000
62978  -50.916  -17.293  30.249 0.0000000000
62985  -47.978  -17.982  29.597 0.0000000000
62987  -50.383  -17.002  29.906 0.0000000000
62988  -50.535  -17.161  30.033 0.0000000000
64109  -50.398  -15.862  30.603 0.0000000000
64130  -50.313  -16.710  29.962 0.0000000000
65240  -54.900  -15.594  31.879 0.0000000000
66335  -57.134  -14.625  36.928 0.0000000000
66345  -57.039  -14.612  36.697 0.0000000000
66365  -56.209  -14.159  34.461 0.0000000000
66398  -52.825  -14.532  31.456 0.0000000000
66413  -52.163  -15.028  31.370 0.0000000000
67596  -57.190  -14.428  36.709 0.0000000000
67607  -56.421  -14.534  35.973 0.0000000000
67609  -57.048  -14.463  36.504 0.0000000000
67649  -52.039  -13.787  31.998 0.0000000000
67650  -52.583  -13.888  31.708 0.0000000000
67682  -51.445  -13.377  30.121 0.0000000000
67684  -55.377  -14.002  31.915 0.0000000000
67693  -51.123  -13.562  29.926 0.0000000000
67694  -51.532  -13.295  29.909 0.0000000000
68766  -52.419  -13.984  31.688 0.0000000000
68767  -53.029  -13.364  31.677 0.0000000000
68770  -57.424  -12.452  33.413 0.0000000000
68779  -52.822  -13.464  31.599 0.0000000000
69849  -53.144  -13.027  31.714 0.0000000000
69858  -52.753  -12.865  31.519 0.0000000000
69872  -53.709  -11.771  30.900 0.0000000000
69883  -52.887  -12.076  30.977 0.0000000000
70903  -53.406  -11.815  31.104 0.0000000000
70915  -52.933  -11.756  30.975 0.0000000000
70973  -58.840  -10.307  25.121 0.0000000000
70992  -58.446  -10.191  24.852 0.0000000000
70993  -58.664  -10.268  24.937 0.0000000000
71926  -55.219  -10.196  31.413 0.0000000000
71981  -59.108  -10.205  25.295 0.0000000000
72000  -58.978  -10.263  24.811 0.0000000000
72995  -59.285  -9.713  25.485 0.0000000000
75103  -59.958  -7.519  26.567 0.0000000000
127680  -43.301  -40.037  41.722 0.0000000000
127711  -39.146  -41.517  43.749 0.0000000000
127724  -39.310  -37.687  39.201 0.0000000000
127725  -39.528  -38.989  41.027 0.0000000000
127728  -39.092  -41.341  43.430 0.0000000000
127771  -34.667  -40.298  41.974 0.0000000000
127772  -34.681  -40.172  41.685 0.0000000000
127778  -33.937  -40.125  41.612 0.0000000000
127779  -34.429  -40.381  42.008 0.0000000000
127780  -34.501  -40.271  41.815 0.0000000000
127782  -34.756  -40.002  41.546 0.0000000000
127788  -33.790  -39.811  41.382 0.0000000000
127791  -37.024  -38.040  38.603 0.0000000000
