#!ascii label  , from subject sub-01 vox2ras=TkReg
994
45330  -43.386  -33.756  39.342 0.0000000000
41074  -25.565  -37.424  40.960 0.0000000000
42099  -34.476  -36.415  38.439 0.0000000000
70887  -43.875  -10.465  32.259 0.0000000000
72969  -50.209  -8.542  28.130 0.0000000000
41003  -17.927  -37.447  46.695 0.0000000000
67658  -41.461  -13.438  33.252 0.0000000000
49606  -43.903  -29.768  38.901 0.0000000000
42104  -39.127  -36.508  38.348 0.0000000000
42039  -21.460  -36.917  43.307 0.0000000000
36575  -21.300  -42.245  43.265 0.0000000000
45303  -40.559  -33.483  40.914 0.0000000000
47545  -40.624  -31.439  42.482 0.0000000000
41099  -29.229  -37.260  38.182 0.0000000000
45300  -36.487  -33.181  40.493 0.0000000000
56172  -40.454  -23.511  30.585 0.0000000000
61806  -42.552  -18.800  30.602 0.0000000000
65246  -45.837  -16.173  30.518 0.0000000000
35536  -14.867  -43.868  47.527 0.0000000000
32534  -12.554  -46.100  49.571 0.0000000000
49578  -36.879  -29.556  40.551 0.0000000000
52682  -35.673  -26.694  36.951 0.0000000000
55025  -37.265  -24.765  33.660 0.0000000000
35563  -17.971  -43.108  45.249 0.0000000000
39253  -25.114  -39.635  42.307 0.0000000000
39263  -27.252  -40.092  40.834 0.0000000000
127757  -41.853  -35.561  38.647 0.0000000000
44134  -23.419  -34.609  42.511 0.0000000000
42057  -22.839  -36.860  42.033 0.0000000000
39251  -22.909  -39.568  42.035 0.0000000000
44142  -41.012  -34.111  43.037 0.0000000000
44156  -38.523  -34.401  40.855 0.0000000000
59498  -39.024  -20.272  32.703 0.0000000000
58438  -41.508  -21.394  30.646 0.0000000000
61779  -40.382  -18.593  31.811 0.0000000000
65216  -43.202  -14.698  31.772 0.0000000000
67676  -44.930  -13.862  30.746 0.0000000000
66409  -46.477  -14.374  30.485 0.0000000000
68805  -45.740  -12.484  30.178 0.0000000000
69893  -47.367  -11.642  29.566 0.0000000000
49548  -38.386  -30.345  43.695 0.0000000000
47563  -38.825  -31.182  41.501 0.0000000000
49545  -35.638  -28.889  42.915 0.0000000000
53740  -33.983  -25.926  39.029 0.0000000000
56063  -33.735  -23.437  37.655 0.0000000000
53821  -36.397  -25.391  35.268 0.0000000000
57242  -34.813  -22.791  35.106 0.0000000000
57256  -36.787  -21.852  33.985 0.0000000000
41118  -32.188  -37.186  37.997 0.0000000000
38398  -16.280  -40.718  46.936 0.0000000000
38402  -17.635  -40.611  45.658 0.0000000000
29614  -12.727  -49.076  48.952 0.0000000000
28584  -11.293  -50.169  50.388 0.0000000000
64081  -39.997  -16.298  33.552 0.0000000000
50559  -41.790  -28.580  39.990 0.0000000000
42101  -36.393  -36.614  38.845 0.0000000000
42015  -19.796  -36.789  45.323 0.0000000000
39234  -19.038  -39.758  44.244 0.0000000000
40112  -20.814  -39.249  42.904 0.0000000000
72983  -51.303  -8.386  26.560 0.0000000000
45349  -42.125  -33.716  39.250 0.0000000000
46479  -42.563  -31.999  40.494 0.0000000000
46458  -41.859  -31.942  41.470 0.0000000000
44167  -25.599  -34.363  41.016 0.0000000000
41085  -27.241  -37.554  39.372 0.0000000000
43108  -27.918  -35.145  39.293 0.0000000000
44207  -29.568  -34.629  38.705 0.0000000000
44210  -32.509  -33.867  37.979 0.0000000000
46474  -34.449  -31.693  40.390 0.0000000000
45344  -34.912  -33.348  37.969 0.0000000000
45347  -37.697  -34.154  38.662 0.0000000000
44218  -40.427  -34.571  38.820 0.0000000000
53877  -42.465  -25.471  32.170 0.0000000000
64104  -41.401  -16.661  31.609 0.0000000000
62972  -45.145  -17.833  30.213 0.0000000000
69904  -48.938  -11.425  28.403 0.0000000000
33573  -13.908  -45.393  48.869 0.0000000000
30573  -14.205  -48.240  48.043 0.0000000000
48594  -42.217  -30.946  40.065 0.0000000000
49582  -40.611  -30.014  40.150 0.0000000000
50556  -38.666  -28.486  39.214 0.0000000000
51573  -33.428  -27.903  40.886 0.0000000000
51613  -35.484  -28.043  38.733 0.0000000000
51592  -38.137  -27.611  38.255 0.0000000000
52686  -39.249  -26.793  37.258 0.0000000000
52728  -39.868  -27.145  35.342 0.0000000000
52775  -40.699  -26.495  33.048 0.0000000000
55048  -38.725  -24.459  31.850 0.0000000000
57270  -38.224  -21.684  32.838 0.0000000000
38452  -29.267  -41.025  39.603 0.0000000000
37483  -15.436  -41.761  48.138 0.0000000000
35550  -16.238  -43.264  46.357 0.0000000000
36560  -18.894  -42.355  44.334 0.0000000000
28573  -10.006  -49.872  50.975 0.0000000000
40125  -24.827  -38.406  41.305 0.0000000000
39262  -26.508  -39.639  41.214 0.0000000000
40141  -26.134  -38.448  40.689 0.0000000000
44195  -42.653  -34.597  39.247 0.0000000000
43077  -24.519  -35.681  41.163 0.0000000000
43076  -23.337  -35.740  41.631 0.0000000000
41063  -24.113  -37.512  41.485 0.0000000000
40124  -23.909  -38.302  41.614 0.0000000000
60634  -39.051  -19.313  33.463 0.0000000000
60648  -40.085  -19.453  32.094 0.0000000000
61768  -39.210  -18.473  33.075 0.0000000000
69855  -43.304  -11.208  32.775 0.0000000000
68789  -43.624  -12.502  31.469 0.0000000000
69868  -43.894  -11.924  31.124 0.0000000000
68804  -44.913  -12.493  30.443 0.0000000000
70912  -44.689  -10.942  30.596 0.0000000000
70913  -45.680  -10.640  30.427 0.0000000000
49547  -37.467  -29.652  43.355 0.0000000000
56062  -33.186  -23.077  38.463 0.0000000000
56080  -34.760  -23.943  36.770 0.0000000000
58360  -34.410  -21.870  36.982 0.0000000000
58361  -34.854  -21.290  36.528 0.0000000000
42116  -32.670  -36.370  37.756 0.0000000000
41101  -32.835  -37.735  38.525 0.0000000000
41086  -34.060  -37.840  39.567 0.0000000000
39223  -16.794  -39.533  46.779 0.0000000000
40083  -17.830  -39.138  45.618 0.0000000000
71951  -50.257  -9.988  27.455 0.0000000000
29601  -12.138  -49.328  49.553 0.0000000000
48609  -45.419  -30.813  39.536 0.0000000000
50560  -42.849  -28.804  40.052 0.0000000000
42103  -38.230  -36.501  38.583 0.0000000000
41108  -38.846  -37.280  38.558 0.0000000000
43040  -20.960  -35.400  43.626 0.0000000000
42017  -20.677  -35.720  44.147 0.0000000000
42004  -20.362  -35.918  45.645 0.0000000000
42025  -20.719  -37.059  43.916 0.0000000000
41028  -20.236  -37.824  44.112 0.0000000000
40103  -20.972  -38.304  43.252 0.0000000000
38429  -23.595  -40.382  42.600 0.0000000000
38428  -22.632  -40.442  42.536 0.0000000000
45327  -41.086  -33.683  40.178 0.0000000000
45305  -42.152  -32.971  40.284 0.0000000000
45282  -41.629  -32.611  41.173 0.0000000000
45290  -25.770  -32.432  40.798 0.0000000000
44168  -26.628  -34.421  40.240 0.0000000000
45292  -27.084  -33.552  40.083 0.0000000000
44188  -29.583  -34.122  39.538 0.0000000000
44189  -30.229  -33.569  39.907 0.0000000000
44225  -31.312  -34.630  37.785 0.0000000000
45340  -31.424  -33.545  38.759 0.0000000000
45275  -35.521  -32.868  41.507 0.0000000000
45322  -35.370  -32.122  39.835 0.0000000000
46511  -34.582  -32.554  38.495 0.0000000000
46495  -35.908  -32.699  38.932 0.0000000000
45358  -36.396  -34.007  38.252 0.0000000000
45324  -36.528  -33.359  39.420 0.0000000000
45302  -39.906  -33.527  41.147 0.0000000000
44192  -39.517  -34.308  39.520 0.0000000000
44193  -40.464  -33.936  39.869 0.0000000000
44194  -41.211  -33.837  39.648 0.0000000000
53893  -40.898  -25.179  30.733 0.0000000000
55051  -43.075  -24.711  30.978 0.0000000000
56184  -41.351  -23.588  30.150 0.0000000000
59531  -42.568  -20.456  30.496 0.0000000000
58457  -43.101  -21.494  30.451 0.0000000000
65200  -40.159  -15.191  33.418 0.0000000000
64093  -40.758  -16.175  32.177 0.0000000000
65214  -41.636  -15.412  32.034 0.0000000000
65230  -44.864  -15.602  30.713 0.0000000000
64107  -44.011  -16.153  30.984 0.0000000000
64119  -45.594  -17.018  30.539 0.0000000000
62973  -46.150  -17.875  30.169 0.0000000000
69902  -47.802  -11.217  29.205 0.0000000000
70928  -47.940  -9.877  29.358 0.0000000000
71944  -48.937  -9.541  28.585 0.0000000000
35524  -14.451  -43.682  48.364 0.0000000000
35523  -13.809  -44.019  48.934 0.0000000000
34575  -14.655  -44.716  47.659 0.0000000000
30586  -14.669  -47.647  47.746 0.0000000000
28610  -14.489  -49.758  48.705 0.0000000000
47567  -42.178  -31.283  41.556 0.0000000000
47585  -43.163  -31.098  40.613 0.0000000000
47566  -41.405  -31.280  41.439 0.0000000000
49567  -37.652  -29.905  41.353 0.0000000000
48591  -39.496  -30.374  40.478 0.0000000000
48603  -39.057  -30.152  39.775 0.0000000000
49594  -39.444  -29.561  39.541 0.0000000000
49593  -38.336  -29.602  39.547 0.0000000000
53718  -33.719  -25.630  41.087 0.0000000000
53758  -34.480  -25.963  38.172 0.0000000000
51612  -34.674  -27.441  39.090 0.0000000000
51633  -35.616  -27.431  37.873 0.0000000000
51615  -37.616  -27.881  38.119 0.0000000000
51635  -37.416  -27.421  37.181 0.0000000000
52663  -38.737  -26.896  37.762 0.0000000000
52684  -37.760  -27.101  36.658 0.0000000000
53858  -36.702  -25.064  34.564 0.0000000000
52748  -37.874  -26.733  34.681 0.0000000000
52765  -38.589  -26.420  33.926 0.0000000000
52750  -40.082  -27.081  34.287 0.0000000000
53861  -39.060  -25.892  33.399 0.0000000000
53874  -39.522  -25.638  32.645 0.0000000000
55026  -38.120  -24.934  33.043 0.0000000000
58376  -36.986  -20.346  35.310 0.0000000000
57257  -37.312  -21.450  33.736 0.0000000000
59481  -37.994  -20.500  34.388 0.0000000000
41097  -27.769  -37.520  38.986 0.0000000000
39283  -27.833  -39.618  39.328 0.0000000000
39299  -28.845  -38.796  38.343 0.0000000000
37506  -16.936  -41.523  45.772 0.0000000000
36544  -16.348  -42.579  46.118 0.0000000000
35561  -16.639  -43.217  45.833 0.0000000000
38414  -19.968  -40.587  43.518 0.0000000000
37517  -19.248  -41.481  44.257 0.0000000000
36574  -20.410  -42.248  43.669 0.0000000000
37552  -25.646  -41.099  42.820 0.0000000000
37553  -26.377  -40.972  42.485 0.0000000000
37571  -27.356  -41.286  41.765 0.0000000000
37572  -28.401  -41.624  41.455 0.0000000000
42105  -40.083  -36.403  38.305 0.0000000000
41109  -39.853  -37.360  38.747 0.0000000000
44117  -22.809  -33.872  43.555 0.0000000000
44132  -21.814  -35.601  42.705 0.0000000000
43055  -21.922  -36.585  42.806 0.0000000000
41051  -22.068  -37.735  42.572 0.0000000000
40123  -23.108  -38.217  41.699 0.0000000000
39252  -24.055  -39.608  42.333 0.0000000000
44158  -40.495  -33.549  42.263 0.0000000000
45262  -41.786  -32.870  42.491 0.0000000000
46434  -37.117  -33.781  41.982 0.0000000000
45301  -37.543  -33.478  40.343 0.0000000000
45279  -39.384  -33.630  41.624 0.0000000000
58436  -39.663  -21.371  31.410 0.0000000000
57297  -41.216  -22.534  30.510 0.0000000000
59515  -40.201  -20.390  31.581 0.0000000000
60660  -40.799  -19.476  31.522 0.0000000000
61789  -41.259  -18.598  31.336 0.0000000000
66392  -42.146  -14.164  32.196 0.0000000000
67660  -42.644  -13.306  32.314 0.0000000000
66406  -43.508  -14.278  31.461 0.0000000000
66408  -45.453  -14.558  30.857 0.0000000000
65231  -46.113  -15.266  30.663 0.0000000000
67677  -45.758  -13.853  30.724 0.0000000000
67691  -46.332  -13.353  30.313 0.0000000000
67692  -47.346  -13.287  29.899 0.0000000000
69892  -46.632  -11.611  29.922 0.0000000000
70925  -46.114  -10.464  30.159 0.0000000000
32592  -15.842  -45.365  46.530 0.0000000000
33593  -15.037  -45.609  47.608 0.0000000000
32573  -16.658  -46.667  46.825 0.0000000000
48570  -39.277  -31.254  42.880 0.0000000000
47544  -39.753  -31.555  42.215 0.0000000000
49560  -38.136  -29.904  42.590 0.0000000000
49559  -36.976  -29.708  42.346 0.0000000000
49565  -36.100  -28.951  41.420 0.0000000000
54907  -33.690  -24.668  40.293 0.0000000000
54906  -33.544  -23.878  39.707 0.0000000000
54945  -33.731  -24.827  37.850 0.0000000000
54965  -34.458  -25.108  36.845 0.0000000000
52703  -35.700  -26.154  36.393 0.0000000000
54966  -34.831  -25.013  36.151 0.0000000000
54999  -35.847  -24.663  35.283 0.0000000000
56133  -35.940  -23.655  34.580 0.0000000000
56146  -36.516  -23.856  33.905 0.0000000000
57255  -35.667  -22.470  34.472 0.0000000000
40189  -30.736  -37.729  37.727 0.0000000000
39301  -30.590  -39.071  38.516 0.0000000000
39302  -31.568  -39.100  38.783 0.0000000000
38399  -17.043  -40.556  46.320 0.0000000000
37507  -17.882  -41.490  45.277 0.0000000000
31537  -12.336  -47.405  49.707 0.0000000000
31522  -12.126  -46.829  50.950 0.0000000000
31536  -11.687  -48.274  49.981 0.0000000000
30543  -11.482  -48.655  50.392 0.0000000000
29579  -10.856  -48.513  50.911 0.0000000000
51576  -41.501  -27.534  40.049 0.0000000000
42100  -35.405  -36.332  38.773 0.0000000000
42083  -35.048  -36.861  39.530 0.0000000000
41990  -19.498  -35.974  46.768 0.0000000000
41010  -18.739  -37.410  45.782 0.0000000000
40084  -18.492  -38.661  45.209 0.0000000000
40091  -19.389  -38.707  44.229 0.0000000000
40101  -19.774  -39.207  43.618 0.0000000000
38415  -20.457  -40.526  43.064 0.0000000000
39250  -21.849  -39.688  42.068 0.0000000000
38427  -21.741  -40.563  42.485 0.0000000000
36592  -21.805  -41.956  42.809 0.0000000000
72975  -50.535  -8.404  27.258 0.0000000000
45350  -42.564  -33.886  39.054 0.0000000000
46498  -43.357  -32.237  39.567 0.0000000000
46497  -42.604  -32.547  39.853 0.0000000000
47584  -42.531  -31.455  41.094 0.0000000000
47546  -41.392  -31.532  42.722 0.0000000000
46418  -42.232  -32.278  43.351 0.0000000000
47547  -41.834  -31.801  43.026 0.0000000000
47529  -40.422  -31.362  43.735 0.0000000000
48560  -39.355  -30.771  43.876 0.0000000000
43078  -25.116  -36.144  40.957 0.0000000000
41075  -26.095  -37.432  40.470 0.0000000000
42071  -26.048  -36.532  40.219 0.0000000000
42093  -27.003  -36.155  38.881 0.0000000000
42095  -28.461  -36.451  38.517 0.0000000000
45316  -28.224  -34.063  39.806 0.0000000000
43120  -28.586  -35.373  38.658 0.0000000000
42096  -29.226  -36.257  38.198 0.0000000000
42114  -30.566  -36.256  37.575 0.0000000000
43140  -31.817  -35.395  37.395 0.0000000000
43141  -32.875  -35.357  37.499 0.0000000000
46472  -31.889  -32.266  40.391 0.0000000000
46509  -32.848  -32.707  38.793 0.0000000000
45357  -33.600  -33.956  37.706 0.0000000000
44229  -34.526  -34.950  38.067 0.0000000000
43124  -35.766  -35.582  38.334 0.0000000000
44214  -37.068  -34.614  38.421 0.0000000000
43127  -38.444  -35.669  38.636 0.0000000000
44172  -38.069  -34.016  39.782 0.0000000000
44191  -38.648  -34.336  39.290 0.0000000000
43128  -39.316  -35.574  38.488 0.0000000000
43130  -41.312  -35.264  38.328 0.0000000000
44219  -41.599  -34.185  38.993 0.0000000000
44150  -24.620  -34.711  41.581 0.0000000000
57318  -42.812  -22.368  30.286 0.0000000000
62941  -39.946  -17.717  32.256 0.0000000000
62954  -40.843  -17.697  31.589 0.0000000000
62955  -41.742  -17.649  30.731 0.0000000000
65228  -42.579  -15.726  31.519 0.0000000000
64116  -42.853  -16.827  30.594 0.0000000000
61807  -43.594  -18.768  30.396 0.0000000000
61809  -45.844  -18.899  30.094 0.0000000000
69911  -49.482  -11.140  27.790 0.0000000000
70936  -49.160  -10.401  28.095 0.0000000000
72968  -49.231  -8.532  28.574 0.0000000000
34548  -13.566  -44.410  50.189 0.0000000000
33559  -13.266  -45.272  49.656 0.0000000000
32571  -14.830  -46.327  47.851 0.0000000000
32552  -14.073  -46.293  48.444 0.0000000000
31555  -13.305  -47.262  48.660 0.0000000000
30572  -13.150  -48.391  48.641 0.0000000000
47595  -43.837  -31.187  39.831 0.0000000000
48606  -42.702  -30.364  39.648 0.0000000000
47582  -40.352  -31.230  40.749 0.0000000000
48605  -41.889  -30.462  39.641 0.0000000000
49597  -42.259  -29.640  39.606 0.0000000000
49596  -41.280  -29.663  39.829 0.0000000000
50558  -40.855  -28.503  39.644 0.0000000000
50543  -40.048  -27.676  39.940 0.0000000000
50526  -34.977  -28.749  41.725 0.0000000000
49576  -35.177  -29.056  40.526 0.0000000000
52629  -33.437  -27.012  40.031 0.0000000000
51590  -34.147  -27.887  39.897 0.0000000000
49603  -36.054  -29.207  39.376 0.0000000000
49605  -37.426  -29.323  38.937 0.0000000000
51616  -38.145  -28.308  38.675 0.0000000000
53799  -37.557  -26.326  35.735 0.0000000000
52708  -39.610  -27.362  36.317 0.0000000000
52776  -41.154  -26.360  32.831 0.0000000000
53886  -40.451  -25.471  31.506 0.0000000000
56171  -39.397  -23.520  31.379 0.0000000000
56147  -37.604  -23.632  33.135 0.0000000000
57281  -37.935  -22.717  32.412 0.0000000000
57283  -39.165  -22.280  31.597 0.0000000000
58418  -38.540  -21.177  32.689 0.0000000000
59483  -38.994  -20.014  33.814 0.0000000000
40142  -26.696  -38.798  40.215 0.0000000000
38451  -28.642  -40.843  40.087 0.0000000000
37597  -30.653  -41.286  39.358 0.0000000000
35525  -15.076  -43.233  47.771 0.0000000000
37484  -15.983  -41.630  47.396 0.0000000000
36511  -15.599  -42.548  47.441 0.0000000000
34594  -15.919  -43.944  46.559 0.0000000000
33616  -16.424  -44.751  46.130 0.0000000000
39233  -18.420  -39.742  44.669 0.0000000000
37516  -18.582  -41.488  44.742 0.0000000000
35577  -18.617  -43.142  44.695 0.0000000000
27622  -11.695  -51.395  50.212 0.0000000000
29590  -10.919  -49.759  50.662 0.0000000000
29578  -10.523  -49.181  50.845 0.0000000000
40140  -25.412  -38.114  41.005 0.0000000000
40126  -25.685  -38.768  41.163 0.0000000000
42060  -25.060  -36.632  41.221 0.0000000000
42059  -24.191  -36.626  41.251 0.0000000000
41064  -24.910  -37.437  41.285 0.0000000000
61761  -39.434  -18.498  34.094 0.0000000000
69867  -43.580  -11.451  31.720 0.0000000000
69877  -43.902  -11.364  30.998 0.0000000000
69878  -44.429  -11.731  30.712 0.0000000000
70899  -44.111  -10.721  31.215 0.0000000000
58345  -34.271  -21.820  37.758 0.0000000000
42098  -33.610  -36.793  38.357 0.0000000000
41102  -33.514  -37.449  38.880 0.0000000000
42082  -34.244  -37.089  39.281 0.0000000000
40078  -17.570  -38.517  46.063 0.0000000000
41009  -18.000  -37.798  46.014 0.0000000000
71946  -50.284  -8.999  27.653 0.0000000000
71952  -50.563  -9.490  27.255 0.0000000000
49599  -44.337  -29.469  39.606 0.0000000000
50562  -44.157  -28.929  39.836 0.0000000000
49598  -43.311  -29.577  39.403 0.0000000000
41107  -38.000  -37.280  38.538 0.0000000000
42026  -20.840  -36.161  43.743 0.0000000000
43032  -20.898  -35.267  44.453 0.0000000000
42016  -20.384  -36.324  44.810 0.0000000000
41038  -20.795  -37.842  43.562 0.0000000000
42038  -21.116  -37.401  43.505 0.0000000000
45304  -41.365  -33.307  40.707 0.0000000000
45291  -26.087  -33.115  40.641 0.0000000000
44171  -30.266  -34.040  40.882 0.0000000000
45318  -31.092  -33.386  39.427 0.0000000000
45296  -31.605  -32.942  39.813 0.0000000000
45276  -36.484  -32.790  41.383 0.0000000000
45299  -35.516  -33.088  40.611 0.0000000000
46494  -35.359  -32.163  39.025 0.0000000000
45323  -35.648  -33.043  39.691 0.0000000000
46496  -36.088  -33.193  38.819 0.0000000000
44175  -40.043  -33.658  40.632 0.0000000000
55062  -40.988  -24.437  30.278 0.0000000000
60677  -42.283  -19.488  30.628 0.0000000000
59532  -43.654  -20.644  30.456 0.0000000000
60679  -44.239  -19.843  30.183 0.0000000000
66378  -40.962  -13.963  33.187 0.0000000000
66390  -40.515  -14.530  33.066 0.0000000000
66391  -41.242  -14.263  32.711 0.0000000000
65245  -45.221  -16.396  30.562 0.0000000000
64120  -46.496  -16.908  30.303 0.0000000000
49579  -37.645  -29.914  40.239 0.0000000000
48590  -38.525  -30.238  40.552 0.0000000000
49592  -37.342  -29.200  39.731 0.0000000000
52681  -34.827  -26.758  37.765 0.0000000000
51634  -36.584  -27.520  37.409 0.0000000000
52683  -36.865  -27.089  36.637 0.0000000000
53859  -37.166  -25.318  34.254 0.0000000000
53844  -37.839  -25.792  34.750 0.0000000000
53860  -37.935  -25.737  33.829 0.0000000000
41098  -28.429  -37.391  38.655 0.0000000000
40174  -28.292  -38.352  38.659 0.0000000000
40175  -29.039  -38.166  38.321 0.0000000000
36546  -17.469  -42.339  45.325 0.0000000000
36545  -16.767  -42.473  45.635 0.0000000000
35562  -17.258  -43.145  45.527 0.0000000000
34615  -17.635  -43.900  45.417 0.0000000000
37530  -20.540  -41.401  43.271 0.0000000000
37529  -19.887  -41.443  43.794 0.0000000000
33558  -12.528  -45.495  50.130 0.0000000000
33543  -12.602  -45.595  50.860 0.0000000000
47596  -44.503  -31.535  39.562 0.0000000000
38431  -25.744  -40.344  42.466 0.0000000000
38439  -26.815  -40.591  41.591 0.0000000000
38440  -27.225  -40.613  41.126 0.0000000000
37584  -27.708  -41.277  40.968 0.0000000000
127748  -40.997  -36.299  38.681 0.0000000000
45225  -23.727  -33.598  43.143 0.0000000000
43075  -22.919  -36.347  41.829 0.0000000000
43065  -22.809  -35.346  42.255 0.0000000000
43064  -22.362  -36.042  42.412 0.0000000000
43063  -21.921  -35.899  42.727 0.0000000000
42048  -22.326  -36.966  42.493 0.0000000000
41061  -22.686  -37.551  42.062 0.0000000000
39260  -24.450  -39.125  41.609 0.0000000000
39259  -23.495  -39.028  41.552 0.0000000000
45261  -41.177  -33.496  42.667 0.0000000000
46435  -37.562  -34.101  41.711 0.0000000000
44141  -40.418  -33.558  42.801 0.0000000000
45280  -40.226  -33.299  41.866 0.0000000000
59514  -39.452  -20.633  31.922 0.0000000000
60661  -41.583  -19.403  31.073 0.0000000000
68774  -42.625  -12.794  32.814 0.0000000000
67675  -44.052  -13.489  31.103 0.0000000000
67674  -43.252  -13.318  31.740 0.0000000000
66407  -44.416  -14.550  31.123 0.0000000000
67690  -45.368  -13.247  30.411 0.0000000000
68806  -46.680  -12.381  29.877 0.0000000000
69880  -46.056  -11.663  30.184 0.0000000000
70901  -45.435  -10.043  30.981 0.0000000000
48559  -38.755  -30.813  43.625 0.0000000000
48569  -38.477  -31.067  43.016 0.0000000000
49546  -36.364  -29.393  43.114 0.0000000000
49566  -36.495  -29.578  41.424 0.0000000000
49558  -36.125  -28.961  42.153 0.0000000000
54944  -33.354  -23.805  38.127 0.0000000000
54920  -33.456  -23.906  38.818 0.0000000000
56099  -35.024  -23.469  35.719 0.0000000000
56100  -35.435  -24.197  35.953 0.0000000000
55013  -35.901  -24.200  34.979 0.0000000000
56116  -35.183  -23.384  34.938 0.0000000000
56132  -35.425  -23.149  34.590 0.0000000000
58374  -35.224  -20.884  35.874 0.0000000000
41117  -31.181  -37.065  37.647 0.0000000000
40177  -31.243  -38.623  37.986 0.0000000000
40190  -31.804  -37.992  37.662 0.0000000000
40179  -33.322  -38.141  39.076 0.0000000000
40161  -32.880  -38.937  39.367 0.0000000000
39228  -17.458  -39.678  45.960 0.0000000000
30571  -12.493  -48.360  49.131 0.0000000000
30559  -12.007  -48.534  49.538 0.0000000000
28596  -11.758  -49.778  50.059 0.0000000000
29600  -11.694  -49.216  50.190 0.0000000000
29591  -11.252  -49.220  50.616 0.0000000000
30531  -11.153  -48.167  50.811 0.0000000000
50546  -42.488  -28.071  40.844 0.0000000000
42084  -35.895  -36.889  39.482 0.0000000000
43021  -19.904  -35.737  46.654 0.0000000000
42003  -19.675  -36.396  46.060 0.0000000000
42002  -18.917  -36.768  46.349 0.0000000000
41011  -19.472  -37.017  45.524 0.0000000000
41018  -18.991  -37.932  45.183 0.0000000000
41019  -19.629  -37.532  44.875 0.0000000000
40102  -20.344  -38.744  43.438 0.0000000000
39242  -20.114  -39.755  43.400 0.0000000000
39248  -20.583  -39.746  42.947 0.0000000000
40114  -22.114  -38.698  42.193 0.0000000000
41050  -21.730  -38.262  42.682 0.0000000000
37550  -23.235  -41.148  42.624 0.0000000000
37549  -22.457  -41.510  42.773 0.0000000000
37548  -21.486  -41.274  42.788 0.0000000000
45329  -42.566  -33.212  39.487 0.0000000000
47530  -41.415  -31.759  43.896 0.0000000000
43093  -25.374  -35.595  40.793 0.0000000000
43094  -26.223  -35.469  40.144 0.0000000000
43107  -27.124  -35.510  39.413 0.0000000000
43118  -27.280  -35.977  38.792 0.0000000000
43119  -27.770  -35.798  38.781 0.0000000000
44187  -28.732  -34.496  39.267 0.0000000000
44206  -29.074  -34.914  38.609 0.0000000000
43121  -29.648  -35.427  38.243 0.0000000000
42113  -29.857  -36.234  37.753 0.0000000000
43122  -30.081  -34.873  38.324 0.0000000000
44209  -31.669  -34.045  38.223 0.0000000000
44226  -32.188  -34.568  37.599 0.0000000000
44227  -33.162  -34.414  37.601 0.0000000000
46475  -35.047  -31.436  40.740 0.0000000000
46452  -34.218  -32.153  41.899 0.0000000000
47578  -33.654  -31.560  40.953 0.0000000000
47577  -32.632  -31.794  41.005 0.0000000000
46473  -33.265  -32.034  40.267 0.0000000000
46492  -32.698  -32.378  39.310 0.0000000000
45343  -33.879  -33.463  38.146 0.0000000000
44211  -34.461  -33.934  37.922 0.0000000000
44228  -34.076  -34.463  37.898 0.0000000000
44212  -35.051  -34.514  38.150 0.0000000000
44231  -36.798  -34.093  38.339 0.0000000000
44230  -36.613  -34.251  38.285 0.0000000000
43126  -37.605  -35.657  38.695 0.0000000000
44215  -37.891  -34.930  38.821 0.0000000000
44155  -38.044  -34.202  40.402 0.0000000000
44217  -39.453  -34.735  38.758 0.0000000000
43129  -40.267  -35.427  38.399 0.0000000000
44151  -25.288  -34.009  42.035 0.0000000000
44166  -25.058  -34.912  41.029 0.0000000000
43092  -24.864  -35.192  41.104 0.0000000000
53864  -42.344  -25.880  33.199 0.0000000000
55039  -43.733  -24.709  31.836 0.0000000000
57317  -42.100  -22.788  30.149 0.0000000000
57298  -42.082  -22.039  30.455 0.0000000000
62931  -39.479  -17.649  33.150 0.0000000000
64103  -40.581  -16.961  32.077 0.0000000000
65215  -42.718  -14.907  31.867 0.0000000000
64118  -44.657  -16.806  30.620 0.0000000000
64106  -43.213  -16.261  31.162 0.0000000000
64117  -43.620  -16.824  30.498 0.0000000000
62970  -42.875  -17.766  30.485 0.0000000000
62971  -44.108  -17.819  30.526 0.0000000000
61808  -44.716  -18.863  30.024 0.0000000000
61810  -46.701  -18.791  29.627 0.0000000000
65232  -47.242  -15.114  30.735 0.0000000000
69882  -47.925  -12.037  29.636 0.0000000000
69903  -48.248  -11.272  28.895 0.0000000000
69895  -48.630  -11.796  28.946 0.0000000000
72967  -48.612  -8.941  28.781 0.0000000000
34562  -14.223  -44.665  48.564 0.0000000000
35509  -13.767  -43.711  49.756 0.0000000000
34561  -13.759  -44.563  49.309 0.0000000000
32572  -15.568  -46.221  47.003 0.0000000000
31568  -15.054  -47.139  47.518 0.0000000000
31556  -14.314  -47.141  47.957 0.0000000000
46480  -43.169  -31.527  40.017 0.0000000000
48595  -43.004  -30.732  40.330 0.0000000000
48607  -43.630  -30.394  39.420 0.0000000000
47565  -40.437  -31.516  41.446 0.0000000000
47564  -39.471  -31.344  41.192 0.0000000000
49581  -39.984  -29.895  40.158 0.0000000000
48592  -40.257  -30.526  40.456 0.0000000000
49595  -40.345  -29.353  39.676 0.0000000000
50557  -39.816  -28.265  39.659 0.0000000000
50544  -40.390  -27.882  39.729 0.0000000000
51553  -33.903  -27.514  41.590 0.0000000000
51536  -34.352  -27.672  42.480 0.0000000000
50524  -33.790  -28.238  41.542 0.0000000000
50540  -34.335  -28.768  40.833 0.0000000000
53730  -33.612  -25.928  39.961 0.0000000000
53729  -33.732  -26.159  39.482 0.0000000000
51591  -34.980  -28.164  39.448 0.0000000000
50554  -35.464  -28.827  39.316 0.0000000000
49604  -36.749  -29.464  39.098 0.0000000000
50572  -36.151  -29.020  38.738 0.0000000000
51593  -38.514  -27.759  38.504 0.0000000000
51594  -39.264  -27.376  39.301 0.0000000000
52685  -38.502  -26.780  36.982 0.0000000000
53797  -35.691  -25.675  35.856 0.0000000000
53798  -36.829  -25.984  35.806 0.0000000000
51683  -38.455  -27.325  34.780 0.0000000000
51663  -38.032  -27.388  34.927 0.0000000000
52727  -38.792  -27.332  35.298 0.0000000000
52766  -40.521  -26.736  33.614 0.0000000000
52751  -41.202  -26.890  34.359 0.0000000000
52767  -41.374  -26.625  33.533 0.0000000000
53863  -41.689  -26.253  33.093 0.0000000000
55037  -39.066  -25.060  32.141 0.0000000000
53885  -39.732  -25.420  32.018 0.0000000000
55049  -39.365  -24.769  31.461 0.0000000000
56170  -38.889  -24.085  31.613 0.0000000000
57268  -36.495  -22.861  33.505 0.0000000000
57269  -37.558  -22.112  33.028 0.0000000000
57282  -38.469  -22.227  32.342 0.0000000000
56159  -38.762  -22.879  31.770 0.0000000000
59497  -38.562  -20.544  33.220 0.0000000000
41084  -26.654  -37.464  39.901 0.0000000000
40158  -26.588  -38.113  40.220 0.0000000000
40159  -27.199  -38.523  39.671 0.0000000000
38465  -28.753  -40.261  39.507 0.0000000000
38464  -27.942  -40.297  39.802 0.0000000000
37586  -29.443  -41.688  40.217 0.0000000000
39286  -31.170  -39.746  38.795 0.0000000000
39285  -30.101  -39.689  38.804 0.0000000000
37598  -31.377  -40.977  39.471 0.0000000000
41087  -34.767  -37.466  40.136 0.0000000000
36500  -14.947  -42.631  48.292 0.0000000000
39222  -16.202  -39.943  47.527 0.0000000000
38394  -15.708  -40.700  48.018 0.0000000000
36529  -16.043  -42.650  46.762 0.0000000000
35549  -15.856  -43.234  46.727 0.0000000000
36528  -15.728  -42.950  46.998 0.0000000000
40090  -18.786  -39.201  44.540 0.0000000000
38406  -18.856  -40.613  44.526 0.0000000000
36559  -18.225  -42.325  44.917 0.0000000000
72982  -50.819  -7.833  26.852 0.0000000000
28583  -10.626  -50.358  50.541 0.0000000000
39261  -25.434  -39.215  41.589 0.0000000000
39254  -25.943  -39.706  42.070 0.0000000000
39271  -26.609  -39.154  40.566 0.0000000000
43131  -42.038  -35.058  38.546 0.0000000000
44149  -23.990  -35.178  41.748 0.0000000000
42058  -23.423  -36.772  41.600 0.0000000000
41062  -23.343  -37.521  41.728 0.0000000000
59499  -39.722  -20.074  32.276 0.0000000000
60647  -39.464  -19.386  32.691 0.0000000000
61778  -39.721  -18.626  32.433 0.0000000000
68775  -43.077  -12.307  32.424 0.0000000000
68790  -44.241  -12.561  30.892 0.0000000000
67689  -44.637  -13.172  30.589 0.0000000000
69879  -45.254  -11.659  30.395 0.0000000000
70900  -44.928  -10.242  31.142 0.0000000000
50501  -36.744  -29.376  43.889 0.0000000000
57209  -34.143  -22.654  37.184 0.0000000000
57227  -34.556  -22.449  36.144 0.0000000000
57228  -34.819  -21.619  35.945 0.0000000000
40191  -32.374  -37.933  38.085 0.0000000000
42097  -32.937  -37.081  38.383 0.0000000000
70943  -49.881  -10.493  27.523 0.0000000000
70944  -50.645  -10.512  27.123 0.0000000000
29602  -13.005  -49.716  49.282 0.0000000000
28597  -12.422  -50.137  49.615 0.0000000000
27636  -11.864  -50.511  49.909 0.0000000000
50561  -43.778  -28.824  39.872 0.0000000000
42102  -37.350  -36.543  38.662 0.0000000000
41106  -37.162  -37.540  38.654 0.0000000000
127793  -37.853  -37.796  38.506 0.0000000000
40184  -38.476  -37.797  39.129 0.0000000000
44095  -21.408  -34.688  43.839 0.0000000000
43031  -20.631  -35.310  45.294 0.0000000000
41020  -20.292  -37.189  44.473 0.0000000000
41027  -19.801  -38.088  44.320 0.0000000000
45328  -41.740  -33.566  39.741 0.0000000000
44185  -27.432  -34.521  39.748 0.0000000000
44169  -29.084  -34.276  40.196 0.0000000000
44170  -29.801  -33.948  40.663 0.0000000000
44208  -30.556  -34.164  38.645 0.0000000000
45341  -32.123  -33.413  38.561 0.0000000000
45254  -35.195  -32.717  41.937 0.0000000000
45298  -35.328  -32.135  40.765 0.0000000000
45321  -34.979  -31.744  39.960 0.0000000000
46493  -34.254  -32.132  39.469 0.0000000000
46512  -35.571  -32.670  38.387 0.0000000000
45345  -35.883  -33.635  38.126 0.0000000000
46513  -35.999  -33.099  38.522 0.0000000000
45346  -36.731  -33.687  38.541 0.0000000000
45325  -37.658  -33.675  39.225 0.0000000000
44174  -39.439  -34.146  40.657 0.0000000000
44173  -38.690  -34.338  40.083 0.0000000000
53887  -41.560  -25.570  31.310 0.0000000000
53888  -42.439  -25.293  31.093 0.0000000000
53894  -41.693  -25.039  30.535 0.0000000000
53895  -42.421  -24.761  30.487 0.0000000000
55064  -42.893  -24.130  30.158 0.0000000000
59517  -41.831  -20.696  30.603 0.0000000000
58439  -42.272  -21.323  30.528 0.0000000000
64091  -39.717  -16.055  32.956 0.0000000000
65213  -40.413  -15.422  32.698 0.0000000000
65229  -43.640  -15.327  31.563 0.0000000000
62974  -47.214  -17.790  29.828 0.0000000000
70927  -47.457  -10.488  29.375 0.0000000000
70934  -47.946  -10.853  29.055 0.0000000000
70935  -48.393  -10.414  28.911 0.0000000000
71937  -48.251  -9.391  29.080 0.0000000000
35510  -13.769  -43.375  49.075 0.0000000000
29616  -14.923  -49.263  48.201 0.0000000000
47568  -42.894  -30.873  40.974 0.0000000000
48582  -42.552  -30.811  40.853 0.0000000000
48581  -41.953  -30.810  40.986 0.0000000000
48579  -38.999  -30.679  41.113 0.0000000000
49580  -39.656  -29.995  39.962 0.0000000000
50555  -37.919  -28.864  39.259 0.0000000000
52612  -33.558  -26.757  40.900 0.0000000000
53739  -33.795  -26.376  39.365 0.0000000000
52661  -34.413  -26.735  38.585 0.0000000000
51632  -34.954  -27.300  38.359 0.0000000000
51614  -36.374  -28.208  38.175 0.0000000000
52642  -38.313  -27.314  38.126 0.0000000000
52662  -38.089  -27.216  37.456 0.0000000000
53843  -37.033  -25.381  34.854 0.0000000000
53822  -37.360  -25.762  35.354 0.0000000000
52764  -38.052  -26.456  34.220 0.0000000000
52749  -38.794  -27.014  34.496 0.0000000000
53845  -39.280  -26.645  33.931 0.0000000000
53846  -39.760  -26.675  33.579 0.0000000000
53862  -39.965  -26.381  33.025 0.0000000000
55027  -38.827  -25.244  32.707 0.0000000000
55036  -38.440  -24.611  32.362 0.0000000000
58392  -36.338  -21.158  34.706 0.0000000000
58393  -37.242  -20.863  34.342 0.0000000000
58406  -37.728  -20.995  33.690 0.0000000000
58407  -38.143  -21.122  33.185 0.0000000000
40173  -27.653  -38.152  39.130 0.0000000000
40160  -27.881  -38.856  39.010 0.0000000000
39284  -28.770  -39.541  38.640 0.0000000000
38466  -29.713  -40.618  39.018 0.0000000000
37496  -16.679  -41.150  46.409 0.0000000000
37495  -16.298  -41.795  46.512 0.0000000000
37505  -16.436  -42.058  45.878 0.0000000000
33639  -16.755  -44.264  45.849 0.0000000000
34614  -16.985  -43.836  45.688 0.0000000000
38407  -19.443  -40.606  44.030 0.0000000000
36573  -19.693  -42.370  44.035 0.0000000000
48608  -44.410  -30.466  39.459 0.0000000000
49607  -44.268  -29.979  38.931 0.0000000000
37551  -24.978  -41.338  43.001 0.0000000000
36596  -26.812  -41.224  42.741 0.0000000000
38432  -26.379  -40.336  42.006 0.0000000000
37570  -26.705  -40.937  41.979 0.0000000000
44116  -21.956  -34.337  43.041 0.0000000000
44133  -22.146  -35.098  42.552 0.0000000000
44115  -21.274  -35.050  42.861 0.0000000000
43054  -21.605  -35.959  43.063 0.0000000000
41040  -21.733  -37.382  42.985 0.0000000000
42040  -21.905  -37.099  42.838 0.0000000000
40122  -22.534  -38.181  42.017 0.0000000000
40115  -22.761  -38.770  41.691 0.0000000000
38430  -24.716  -40.624  42.659 0.0000000000
45281  -40.818  -33.062  41.894 0.0000000000
46455  -37.401  -32.602  41.950 0.0000000000
46477  -37.219  -32.736  41.258 0.0000000000
46478  -37.409  -32.894  40.880 0.0000000000
46456  -37.826  -33.175  41.403 0.0000000000
46457  -37.724  -34.093  41.358 0.0000000000
45278  -38.306  -34.112  41.592 0.0000000000
44157  -38.934  -34.264  41.233 0.0000000000
57296  -40.083  -22.443  31.086 0.0000000000
58437  -40.572  -21.388  30.920 0.0000000000
59516  -41.172  -20.377  30.998 0.0000000000
59530  -41.836  -19.955  30.678 0.0000000000
60676  -41.894  -19.482  30.789 0.0000000000
61791  -42.197  -19.047  30.783 0.0000000000
67659  -42.124  -13.332  32.975 0.0000000000
66393  -42.917  -14.118  31.923 0.0000000000
66421  -46.939  -13.983  29.867 0.0000000000
68820  -47.127  -12.108  29.661 0.0000000000
68819  -46.904  -11.947  29.676 0.0000000000
70914  -46.288  -11.190  30.242 0.0000000000
70926  -46.585  -10.800  30.020 0.0000000000
71934  -46.226  -10.310  29.923 0.0000000000
34576  -15.250  -44.314  47.024 0.0000000000
33594  -15.296  -45.185  47.022 0.0000000000
47543  -38.818  -31.528  42.088 0.0000000000
48578  -38.496  -30.551  41.746 0.0000000000
54921  -33.698  -24.842  39.286 0.0000000000
53776  -34.697  -25.853  37.334 0.0000000000
53777  -35.165  -25.754  36.594 0.0000000000
53820  -35.748  -25.191  35.472 0.0000000000
56081  -35.121  -24.489  36.196 0.0000000000
55000  -36.289  -24.924  35.060 0.0000000000
55014  -36.292  -24.557  34.756 0.0000000000
55024  -36.633  -24.693  34.183 0.0000000000
56145  -36.188  -23.594  34.203 0.0000000000
57267  -36.026  -23.322  34.021 0.0000000000
57243  -35.104  -21.939  35.438 0.0000000000
58391  -35.611  -21.336  35.119 0.0000000000
41100  -29.954  -37.426  37.817 0.0000000000
40176  -30.018  -38.219  38.033 0.0000000000
40178  -32.399  -38.544  38.871 0.0000000000
39303  -32.169  -39.187  38.994 0.0000000000
35604  -21.851  -43.105  43.783 0.0000000000
31538  -12.847  -46.715  49.224 0.0000000000
32533  -12.281  -46.200  50.386 0.0000000000
31521  -11.565  -47.749  50.499 0.0000000000
30558  -11.737  -48.874  49.955 0.0000000000
30519  -11.028  -47.701  51.411 0.0000000000
64069  -40.417  -16.570  35.091 0.0000000000
65191  -40.615  -15.249  34.414 0.0000000000
66377  -40.564  -14.269  33.754 0.0000000000
67647  -41.121  -13.148  33.788 0.0000000000
40079  -18.079  -38.016  45.681 0.0000000000
40085  -19.159  -38.218  44.912 0.0000000000
39241  -19.578  -39.762  43.789 0.0000000000
37531  -21.106  -41.570  42.991 0.0000000000
41039  -21.431  -37.833  43.134 0.0000000000
40113  -21.285  -38.811  42.760 0.0000000000
39249  -21.135  -39.760  42.526 0.0000000000
38426  -20.964  -40.525  42.635 0.0000000000
36591  -21.421  -41.770  42.935 0.0000000000
127770  -42.903  -34.112  39.133 0.0000000000
45351  -42.852  -33.888  39.070 0.0000000000
46436  -41.597  -31.986  42.404 0.0000000000
47531  -42.069  -31.825  43.955 0.0000000000
47528  -39.914  -31.319  43.097 0.0000000000
49549  -38.752  -30.676  44.197 0.0000000000
49538  -38.833  -30.666  44.679 0.0000000000
42070  -25.556  -36.619  40.817 0.0000000000
42080  -26.699  -36.575  39.296 0.0000000000
42094  -27.583  -36.637  38.829 0.0000000000
46469  -27.541  -33.223  40.527 0.0000000000
45293  -27.863  -33.502  40.037 0.0000000000
44186  -28.052  -34.507  39.510 0.0000000000
45317  -28.622  -34.192  39.931 0.0000000000
43109  -28.315  -34.887  39.182 0.0000000000
41115  -29.661  -36.835  37.841 0.0000000000
41116  -30.298  -36.937  37.653 0.0000000000
43139  -30.633  -35.298  37.773 0.0000000000
42115  -31.497  -36.277  37.637 0.0000000000
42117  -33.675  -36.096  37.670 0.0000000000
46491  -32.035  -32.637  39.655 0.0000000000
45319  -31.922  -33.030  39.188 0.0000000000
45320  -32.463  -32.887  38.829 0.0000000000
46510  -33.474  -32.598  38.673 0.0000000000
45342  -32.906  -33.236  38.434 0.0000000000
45356  -33.202  -33.723  37.833 0.0000000000
43142  -33.693  -35.218  37.779 0.0000000000
42118  -34.251  -35.753  37.823 0.0000000000
43123  -34.833  -35.581  38.127 0.0000000000
44213  -36.217  -34.612  38.200 0.0000000000
43125  -36.724  -35.608  38.515 0.0000000000
44190  -38.150  -33.991  39.290 0.0000000000
45326  -38.208  -34.116  38.922 0.0000000000
44216  -38.582  -34.786  38.755 0.0000000000
45245  -24.065  -33.992  42.752 0.0000000000
44135  -24.512  -34.139  42.378 0.0000000000
55038  -43.037  -25.147  31.644 0.0000000000
57316  -41.688  -23.125  30.185 0.0000000000
56185  -42.113  -23.543  30.009 0.0000000000
55065  -43.344  -23.512  30.405 0.0000000000
57299  -42.562  -21.798  30.410 0.0000000000
61762  -39.644  -18.063  33.734 0.0000000000
62940  -39.451  -18.112  32.752 0.0000000000
64092  -39.970  -16.489  32.634 0.0000000000
61790  -41.933  -18.718  30.784 0.0000000000
62969  -42.196  -18.325  30.493 0.0000000000
65227  -41.938  -16.048  31.474 0.0000000000
64105  -42.301  -16.609  31.104 0.0000000000
62956  -42.409  -17.196  30.657 0.0000000000
71945  -49.774  -9.471  27.823 0.0000000000
74016  -49.916  -7.683  28.644 0.0000000000
33574  -14.519  -45.513  48.206 0.0000000000
32551  -13.282  -46.132  49.015 0.0000000000
31554  -12.752  -47.854  48.974 0.0000000000
29615  -13.724  -49.409  48.642 0.0000000000
29603  -13.564  -49.951  49.180 0.0000000000
48615  -44.119  -30.249  38.995 0.0000000000
47583  -40.879  -31.324  40.929 0.0000000000
48593  -41.242  -30.871  40.362 0.0000000000
47581  -39.877  -30.929  40.691 0.0000000000
51596  -41.348  -28.039  39.653 0.0000000000
51595  -40.978  -27.759  39.597 0.0000000000
50499  -35.432  -28.474  43.194 0.0000000000
51521  -34.634  -27.531  43.180 0.0000000000
50512  -34.948  -28.432  42.599 0.0000000000
50513  -35.512  -28.702  42.099 0.0000000000
50527  -35.706  -28.803  41.616 0.0000000000
50542  -35.844  -28.911  41.234 0.0000000000
49577  -36.034  -29.029  40.763 0.0000000000
52641  -33.825  -26.837  39.315 0.0000000000
50553  -34.805  -28.842  39.919 0.0000000000
49590  -35.532  -29.167  39.970 0.0000000000
49591  -36.469  -29.107  39.947 0.0000000000
50573  -37.024  -29.031  38.469 0.0000000000
50574  -37.691  -28.703  38.731 0.0000000000
51574  -39.943  -27.310  40.054 0.0000000000
52643  -38.864  -26.957  38.527 0.0000000000
52704  -36.351  -26.395  36.264 0.0000000000
52705  -37.269  -26.660  36.134 0.0000000000
52706  -37.995  -26.671  36.125 0.0000000000
53823  -37.811  -26.327  35.287 0.0000000000
53800  -37.808  -26.640  35.615 0.0000000000
53876  -41.444  -25.887  32.352 0.0000000000
53875  -40.434  -25.958  32.483 0.0000000000
55050  -40.150  -24.555  30.842 0.0000000000
56148  -38.196  -24.144  32.760 0.0000000000
56157  -37.623  -22.998  32.457 0.0000000000
56158  -38.273  -23.539  32.069 0.0000000000
58419  -38.973  -21.296  32.034 0.0000000000
60621  -39.174  -19.241  34.533 0.0000000000
39272  -27.275  -39.573  40.315 0.0000000000
38450  -27.671  -40.707  40.419 0.0000000000
37585  -28.474  -41.385  40.653 0.0000000000
39300  -29.536  -38.985  38.290 0.0000000000
37596  -29.867  -41.471  39.453 0.0000000000
36634  -30.217  -42.358  40.260 0.0000000000
36499  -14.170  -42.730  48.915 0.0000000000
36512  -16.069  -42.171  47.073 0.0000000000
35537  -15.416  -43.419  47.102 0.0000000000
33615  -15.703  -44.728  46.584 0.0000000000
39229  -17.956  -39.734  45.313 0.0000000000
38403  -18.253  -40.615  45.057 0.0000000000
35603  -20.958  -43.060  43.922 0.0000000000
35602  -20.089  -42.948  43.918 0.0000000000
34616  -18.353  -43.891  45.093 0.0000000000
72976  -50.825  -8.959  26.891 0.0000000000
26629  -11.766  -52.461  50.497 0.0000000000
29563  -10.653  -48.292  51.168 0.0000000000
28582  -9.824  -50.403  50.310 0.0000000000
28572  -9.749  -49.686  50.860 0.0000000000
29577  -10.020  -48.949  50.953 0.0000000000
29613  -12.314  -48.847  49.271 0.0000000000
34595  -16.496  -43.893  46.060 0.0000000000
36616  -27.285  -41.536  42.734 0.0000000000
36647  -30.456  -43.085  40.160 0.0000000000
37547  -20.864  -41.092  42.868 0.0000000000
37554  -26.908  -41.175  42.337 0.0000000000
37587  -30.491  -41.850  39.986 0.0000000000
37588  -31.555  -41.617  40.022 0.0000000000
38467  -30.839  -40.537  38.902 0.0000000000
39287  -31.956  -39.629  39.132 0.0000000000
40092  -19.885  -38.294  43.972 0.0000000000
40180  -34.992  -37.907  39.886 0.0000000000
42081  -27.329  -37.096  39.100 0.0000000000
43138  -30.137  -35.787  37.761 0.0000000000
43143  -34.251  -35.194  37.980 0.0000000000
44159  -40.608  -33.472  42.582 0.0000000000
45277  -37.853  -34.086  40.979 0.0000000000
45297  -35.089  -31.568  40.344 0.0000000000
45315  -27.723  -33.979  39.795 0.0000000000
45348  -38.081  -34.527  38.836 0.0000000000
45359  -36.620  -33.929  38.332 0.0000000000
46454  -35.063  -31.380  41.174 0.0000000000
46476  -35.166  -31.400  40.954 0.0000000000
47560  -34.047  -31.690  41.513 0.0000000000
47561  -34.827  -31.437  41.122 0.0000000000
47562  -34.861  -31.196  41.057 0.0000000000
47579  -34.544  -31.394  40.976 0.0000000000
47580  -34.953  -31.377  40.981 0.0000000000
47593  -35.937  -32.741  38.744 0.0000000000
47594  -35.981  -32.933  38.856 0.0000000000
47603  -35.861  -32.696  38.572 0.0000000000
47604  -35.948  -32.898  38.651 0.0000000000
48580  -41.619  -30.963  40.956 0.0000000000
48604  -39.430  -30.072  39.844 0.0000000000
48614  -44.022  -30.100  38.751 0.0000000000
49557  -35.569  -28.745  42.418 0.0000000000
49575  -34.808  -29.010  40.335 0.0000000000
49589  -35.029  -29.160  40.155 0.0000000000
50511  -34.392  -28.193  42.412 0.0000000000
50525  -34.071  -28.349  41.885 0.0000000000
50539  -33.688  -28.300  41.317 0.0000000000
50541  -35.367  -28.930  41.131 0.0000000000
50575  -38.102  -28.557  39.001 0.0000000000
51552  -33.667  -28.056  41.423 0.0000000000
51572  -33.537  -28.097  41.208 0.0000000000
51664  -38.272  -27.400  34.848 0.0000000000
51665  -41.366  -27.187  34.741 0.0000000000
51682  -38.110  -27.253  34.693 0.0000000000
52628  -33.665  -26.479  39.615 0.0000000000
52640  -33.720  -26.609  39.413 0.0000000000
52726  -37.947  -27.128  35.261 0.0000000000
52768  -42.057  -26.488  33.561 0.0000000000
53842  -36.569  -25.070  34.916 0.0000000000
53878  -43.319  -25.279  32.231 0.0000000000
54984  -35.298  -24.890  35.716 0.0000000000
55063  -41.900  -24.316  30.087 0.0000000000
56117  -35.618  -23.919  35.312 0.0000000000
56134  -36.368  -24.178  34.382 0.0000000000
56186  -42.770  -23.222  30.175 0.0000000000
57254  -35.150  -22.963  34.711 0.0000000000
59452  -35.323  -20.448  36.150 0.0000000000
60662  -41.982  -19.215  30.848 0.0000000000
61769  -39.436  -18.206  33.504 0.0000000000
61805  -42.215  -18.637  30.624 0.0000000000
62930  -39.280  -18.081  32.959 0.0000000000
64080  -39.805  -16.024  33.183 0.0000000000
65199  -39.850  -15.763  33.069 0.0000000000
65212  -39.897  -15.901  32.811 0.0000000000
70911  -44.206  -11.145  30.766 0.0000000000
127766  -42.673  -34.105  39.032 0.0000000000
