#!ascii label  , from subject sub-01 vox2ras=TkReg
1273
43113  -49.271  -35.109  39.436 0.0000000000
30569  -38.104  -47.940  49.988 0.0000000000
56153  -52.500  -23.117  33.254 0.0000000000
46545  -42.058  -32.271  34.769 0.0000000000
51638  -48.738  -28.025  38.025 0.0000000000
35620  -45.773  -42.846  43.374 0.0000000000
127542  -37.012  -44.526  40.715 0.0000000000
39348  -41.929  -39.881  34.197 0.0000000000
127434  -30.662  -49.105  49.921 0.0000000000
60530  -59.842  -19.270  39.053 0.0000000000
127511  -36.617  -48.338  39.946 0.0000000000
44241  -45.864  -34.184  36.675 0.0000000000
48627  -46.383  -30.465  35.329 0.0000000000
47598  -48.922  -31.580  38.991 0.0000000000
38457  -48.112  -40.066  40.770 0.0000000000
36659  -44.759  -42.355  38.568 0.0000000000
127784  -44.667  -38.897  38.336 0.0000000000
42129  -41.488  -37.095  35.007 0.0000000000
62900  -60.413  -18.054  36.190 0.0000000000
28605  -35.442  -50.720  49.973 0.0000000000
31619  -34.496  -47.509  44.073 0.0000000000
29658  -37.742  -49.423  45.440 0.0000000000
52738  -51.311  -25.717  35.487 0.0000000000
32587  -42.641  -45.878  47.614 0.0000000000
34627  -37.519  -45.398  45.217 0.0000000000
35618  -41.061  -43.048  43.228 0.0000000000
127698  -40.088  -41.249  38.651 0.0000000000
127810  -28.333  -45.981  50.126 0.0000000000
51566  -53.768  -26.453  41.220 0.0000000000
53787  -55.600  -25.273  37.873 0.0000000000
57181  -57.199  -22.269  39.502 0.0000000000
59462  -56.168  -20.508  35.778 0.0000000000
59494  -59.637  -20.719  34.108 0.0000000000
32667  -30.819  -46.392  43.580 0.0000000000
127499  -40.605  -48.770  40.891 0.0000000000
44220  -47.928  -34.804  37.805 0.0000000000
45362  -48.574  -33.064  37.369 0.0000000000
45334  -50.275  -33.371  38.912 0.0000000000
41077  -47.978  -37.721  40.223 0.0000000000
39293  -46.526  -39.336  39.336 0.0000000000
42086  -46.891  -36.858  39.180 0.0000000000
42119  -45.707  -36.372  37.842 0.0000000000
57302  -51.807  -22.543  30.655 0.0000000000
58424  -53.333  -21.751  32.236 0.0000000000
29611  -37.216  -49.590  50.469 0.0000000000
29632  -36.543  -49.978  48.221 0.0000000000
31578  -36.852  -48.570  47.743 0.0000000000
48643  -42.361  -30.419  33.357 0.0000000000
50595  -47.307  -28.713  36.454 0.0000000000
51686  -46.429  -28.051  34.775 0.0000000000
51669  -47.886  -27.451  35.992 0.0000000000
52759  -49.080  -26.088  34.453 0.0000000000
51656  -49.964  -26.984  36.673 0.0000000000
127587  -44.411  -45.093  45.747 0.0000000000
34631  -41.593  -44.145  45.665 0.0000000000
127610  -43.958  -43.640  43.274 0.0000000000
37631  -44.029  -41.109  35.846 0.0000000000
37610  -42.408  -41.394  37.966 0.0000000000
38499  -41.081  -39.916  36.316 0.0000000000
44246  -41.680  -34.713  35.142 0.0000000000
52632  -54.969  -26.291  39.805 0.0000000000
58351  -58.272  -21.778  37.937 0.0000000000
60582  -58.441  -19.652  37.478 0.0000000000
60629  -58.381  -19.470  34.782 0.0000000000
59448  -60.342  -20.166  36.886 0.0000000000
60631  -61.432  -19.471  34.110 0.0000000000
32526  -29.908  -47.563  50.227 0.0000000000
32581  -28.959  -47.221  47.121 0.0000000000
127465  -30.249  -47.996  47.507 0.0000000000
31640  -35.472  -47.334  41.252 0.0000000000
127533  -34.116  -46.265  40.713 0.0000000000
127529  -35.180  -46.964  38.694 0.0000000000
33700  -37.882  -45.496  42.624 0.0000000000
31623  -38.615  -47.704  43.312 0.0000000000
32689  -38.095  -46.583  41.122 0.0000000000
45377  -44.041  -33.268  36.018 0.0000000000
47631  -44.755  -31.172  34.897 0.0000000000
46535  -46.205  -32.106  35.855 0.0000000000
48624  -48.207  -31.264  36.834 0.0000000000
49609  -48.310  -29.711  38.734 0.0000000000
127730  -47.378  -42.409  41.247 0.0000000000
35684  -45.271  -43.425  40.534 0.0000000000
127740  -46.597  -42.044  39.308 0.0000000000
127767  -45.559  -40.559  37.533 0.0000000000
40205  -44.411  -39.693  34.842 0.0000000000
40218  -43.078  -39.130  33.077 0.0000000000
127769  -43.329  -38.388  36.566 0.0000000000
44238  -42.907  -35.232  36.435 0.0000000000
61721  -60.363  -18.728  37.814 0.0000000000
64043  -58.958  -16.619  37.416 0.0000000000
127424  -33.405  -49.901  49.453 0.0000000000
127483  -33.069  -48.415  46.807 0.0000000000
29642  -34.788  -49.294  46.864 0.0000000000
30627  -36.288  -48.990  44.700 0.0000000000
30647  -37.645  -49.007  42.590 0.0000000000
49635  -45.286  -29.717  33.881 0.0000000000
53870  -50.414  -24.975  33.578 0.0000000000
53855  -52.099  -24.898  34.441 0.0000000000
32546  -40.925  -46.182  49.238 0.0000000000
32585  -38.000  -46.270  48.292 0.0000000000
33633  -40.101  -44.853  47.349 0.0000000000
35591  -39.666  -43.430  44.084 0.0000000000
36605  -38.940  -42.844  42.154 0.0000000000
35682  -43.440  -42.438  41.104 0.0000000000
127656  -41.243  -42.224  40.570 0.0000000000
36639  -38.347  -42.260  40.308 0.0000000000
45309  -51.477  -33.662  40.779 0.0000000000
31519  -40.072  -47.143  50.806 0.0000000000
33589  -44.286  -45.297  47.848 0.0000000000
127583  -45.546  -43.476  45.542 0.0000000000
47572  -50.381  -32.035  41.551 0.0000000000
49572  -48.958  -29.937  41.375 0.0000000000
51579  -49.837  -27.793  40.830 0.0000000000
51547  -51.673  -26.749  42.404 0.0000000000
51599  -51.414  -26.782  39.577 0.0000000000
51621  -52.530  -26.468  38.601 0.0000000000
52717  -53.335  -25.706  36.900 0.0000000000
55007  -54.221  -24.355  35.767 0.0000000000
54936  -57.806  -23.987  39.198 0.0000000000
57233  -56.463  -22.725  37.040 0.0000000000
58399  -54.728  -21.608  34.668 0.0000000000
59490  -55.266  -20.382  33.693 0.0000000000
59465  -61.354  -20.393  35.747 0.0000000000
33625  -28.113  -45.865  46.869 0.0000000000
33724  -29.511  -45.607  40.624 0.0000000000
127482  -32.639  -47.063  44.097 0.0000000000
33726  -31.852  -45.618  40.309 0.0000000000
31599  -37.858  -48.254  45.427 0.0000000000
29680  -39.802  -49.716  42.901 0.0000000000
127568  -39.407  -49.824  40.518 0.0000000000
29715  -39.626  -49.459  38.596 0.0000000000
43112  -48.680  -35.154  38.930 0.0000000000
44222  -49.274  -33.874  37.851 0.0000000000
44200  -49.826  -34.238  39.291 0.0000000000
42075  -48.896  -36.404  39.963 0.0000000000
41092  -47.466  -37.358  39.657 0.0000000000
42087  -47.812  -36.471  39.294 0.0000000000
42108  -47.407  -36.104  38.624 0.0000000000
56152  -51.910  -23.551  32.804 0.0000000000
57287  -52.504  -22.298  32.015 0.0000000000
58442  -52.871  -21.998  31.426 0.0000000000
57288  -52.907  -22.272  32.572 0.0000000000
30568  -37.572  -48.540  50.048 0.0000000000
30583  -36.946  -48.956  48.460 0.0000000000
31546  -37.644  -47.764  49.383 0.0000000000
46554  -40.833  -32.314  33.822 0.0000000000
47640  -42.336  -31.073  34.013 0.0000000000
50588  -48.076  -28.494  37.596 0.0000000000
51653  -47.421  -28.146  36.317 0.0000000000
51654  -48.002  -27.799  36.876 0.0000000000
52713  -49.191  -26.690  36.254 0.0000000000
51655  -49.166  -27.167  36.904 0.0000000000
127594  -45.237  -43.728  43.962 0.0000000000
127600  -43.773  -44.084  44.471 0.0000000000
127602  -44.696  -43.932  43.461 0.0000000000
38513  -43.217  -40.344  34.442 0.0000000000
37629  -42.260  -41.186  35.694 0.0000000000
39333  -41.935  -39.852  35.306 0.0000000000
39331  -39.757  -39.728  35.204 0.0000000000
45388  -41.736  -33.378  34.986 0.0000000000
44257  -40.340  -34.145  33.822 0.0000000000
45387  -40.808  -33.278  34.317 0.0000000000
59378  -58.683  -20.298  38.868 0.0000000000
59399  -59.523  -19.477  38.244 0.0000000000
60600  -59.211  -19.616  36.768 0.0000000000
59427  -60.314  -20.126  37.704 0.0000000000
30565  -30.474  -48.622  49.659 0.0000000000
127457  -29.795  -48.078  48.120 0.0000000000
127446  -30.573  -48.449  48.409 0.0000000000
127515  -36.107  -47.934  40.406 0.0000000000
127521  -35.654  -47.291  39.883 0.0000000000
127557  -35.955  -47.563  39.328 0.0000000000
31669  -35.610  -47.826  37.655 0.0000000000
127517  -36.748  -48.708  38.523 0.0000000000
34692  -37.567  -44.822  42.029 0.0000000000
33716  -38.151  -46.220  41.685 0.0000000000
33729  -37.194  -45.185  40.856 0.0000000000
45367  -45.113  -33.273  36.496 0.0000000000
45378  -44.702  -32.721  36.120 0.0000000000
45368  -46.179  -33.351  36.494 0.0000000000
46520  -48.962  -32.543  37.660 0.0000000000
47615  -48.329  -31.926  36.743 0.0000000000
48621  -48.653  -31.033  37.458 0.0000000000
48616  -48.103  -30.329  37.865 0.0000000000
48610  -48.683  -30.656  39.330 0.0000000000
127732  -47.925  -41.542  40.750 0.0000000000
127731  -47.385  -42.183  40.181 0.0000000000
127741  -47.421  -41.394  40.272 0.0000000000
127768  -45.561  -39.655  38.561 0.0000000000
127762  -45.917  -40.315  38.604 0.0000000000
127773  -45.018  -39.886  38.034 0.0000000000
38487  -44.721  -40.475  36.560 0.0000000000
127774  -44.424  -39.442  37.310 0.0000000000
127777  -43.266  -38.902  35.519 0.0000000000
127764  -44.131  -37.832  37.366 0.0000000000
43146  -45.968  -35.235  37.543 0.0000000000
43153  -44.579  -35.301  36.886 0.0000000000
44240  -44.878  -34.380  36.575 0.0000000000
44239  -43.741  -34.460  36.508 0.0000000000
28604  -34.526  -50.606  50.375 0.0000000000
127437  -34.013  -49.632  48.679 0.0000000000
29623  -35.513  -51.006  48.993 0.0000000000
29644  -36.697  -49.416  46.817 0.0000000000
29657  -36.668  -49.593  45.580 0.0000000000
29668  -37.550  -49.740  44.860 0.0000000000
30635  -37.025  -48.783  43.412 0.0000000000
29677  -37.930  -49.594  43.951 0.0000000000
48626  -45.842  -30.656  35.081 0.0000000000
48646  -45.001  -30.422  34.066 0.0000000000
49622  -45.593  -30.010  34.371 0.0000000000
52769  -46.648  -27.332  34.254 0.0000000000
51699  -46.167  -27.959  33.685 0.0000000000
52778  -46.276  -26.902  33.196 0.0000000000
53829  -49.866  -25.671  34.826 0.0000000000
53853  -50.233  -25.399  34.174 0.0000000000
53830  -50.821  -25.508  34.877 0.0000000000
53871  -51.082  -24.676  33.560 0.0000000000
53831  -51.769  -25.441  34.943 0.0000000000
32566  -41.875  -46.273  48.329 0.0000000000
33586  -40.397  -45.550  48.564 0.0000000000
33609  -41.606  -45.281  47.723 0.0000000000
35593  -41.541  -43.499  44.008 0.0000000000
34649  -41.050  -43.806  44.864 0.0000000000
35592  -40.558  -43.379  44.093 0.0000000000
35616  -39.056  -43.351  43.435 0.0000000000
35643  -40.507  -42.735  42.427 0.0000000000
36653  -45.288  -42.508  39.171 0.0000000000
35683  -44.457  -43.154  40.602 0.0000000000
36652  -44.519  -42.589  39.494 0.0000000000
127699  -41.356  -41.042  37.514 0.0000000000
127677  -41.704  -41.939  39.546 0.0000000000
127687  -40.219  -41.575  39.787 0.0000000000
37590  -39.303  -42.048  40.328 0.0000000000
41137  -42.568  -38.222  33.567 0.0000000000
127572  -45.303  -43.808  46.972 0.0000000000
127694  -49.219  -42.015  43.174 0.0000000000
46461  -51.396  -32.789  41.630 0.0000000000
48564  -49.763  -30.296  43.170 0.0000000000
50520  -49.626  -29.111  42.558 0.0000000000
50535  -49.181  -28.836  41.646 0.0000000000
51530  -50.053  -27.480  42.639 0.0000000000
52604  -53.141  -26.338  42.259 0.0000000000
51564  -51.790  -26.745  41.482 0.0000000000
51582  -52.195  -26.647  40.472 0.0000000000
51620  -51.724  -26.754  38.537 0.0000000000
51583  -53.261  -26.936  40.345 0.0000000000
52695  -55.302  -25.799  38.234 0.0000000000
52693  -53.849  -25.922  37.680 0.0000000000
53786  -54.653  -25.119  37.486 0.0000000000
53834  -54.190  -24.859  36.132 0.0000000000
54988  -54.713  -24.378  36.384 0.0000000000
56055  -57.950  -23.724  39.208 0.0000000000
58372  -57.132  -21.647  37.251 0.0000000000
57234  -57.047  -22.462  37.404 0.0000000000
58371  -56.154  -21.587  36.204 0.0000000000
57249  -55.271  -22.743  35.635 0.0000000000
58400  -55.000  -21.342  34.975 0.0000000000
59489  -54.651  -21.004  34.098 0.0000000000
60613  -55.793  -20.084  35.044 0.0000000000
59477  -58.792  -19.788  34.486 0.0000000000
59492  -57.254  -20.274  33.209 0.0000000000
58413  -59.258  -21.020  33.285 0.0000000000
62890  -60.118  -18.056  37.134 0.0000000000
60602  -61.352  -19.827  36.600 0.0000000000
60618  -61.218  -19.250  35.441 0.0000000000
127475  -30.041  -46.612  45.298 0.0000000000
32615  -29.014  -46.519  45.727 0.0000000000
32666  -29.911  -46.413  43.443 0.0000000000
33696  -29.131  -45.965  42.975 0.0000000000
33710  -30.122  -45.675  41.930 0.0000000000
127473  -33.253  -48.020  45.704 0.0000000000
32652  -33.744  -47.287  43.818 0.0000000000
34691  -33.101  -46.104  40.998 0.0000000000
127547  -32.787  -47.099  36.617 0.0000000000
33652  -37.710  -45.486  46.359 0.0000000000
32603  -37.102  -46.953  46.467 0.0000000000
32616  -37.357  -47.187  45.372 0.0000000000
31643  -39.743  -48.256  41.735 0.0000000000
30649  -39.867  -48.622  42.656 0.0000000000
30661  -41.087  -49.007  42.121 0.0000000000
29686  -39.655  -50.161  42.176 0.0000000000
127488  -40.206  -50.147  40.376 0.0000000000
29714  -38.718  -49.607  38.517 0.0000000000
44233  -46.705  -34.337  37.340 0.0000000000
45369  -47.091  -33.326  36.859 0.0000000000
44235  -48.579  -33.792  37.594 0.0000000000
45363  -49.294  -33.198  37.622 0.0000000000
46515  -50.013  -32.624  38.273 0.0000000000
39276  -47.516  -39.262  40.455 0.0000000000
39275  -46.782  -39.869  39.897 0.0000000000
40170  -47.247  -38.491  39.738 0.0000000000
40169  -46.746  -38.625  39.172 0.0000000000
41111  -46.256  -37.478  38.625 0.0000000000
41110  -45.269  -37.905  38.021 0.0000000000
42107  -46.548  -36.489  38.308 0.0000000000
42120  -46.409  -35.799  37.859 0.0000000000
58444  -54.581  -21.191  31.516 0.0000000000
28607  -36.804  -50.529  50.078 0.0000000000
28619  -36.252  -50.960  48.670 0.0000000000
28620  -36.691  -50.703  48.975 0.0000000000
30603  -36.714  -49.408  47.415 0.0000000000
29645  -37.377  -49.176  46.133 0.0000000000
49620  -47.186  -29.769  35.689 0.0000000000
50602  -46.662  -28.924  35.070 0.0000000000
50603  -46.877  -28.860  35.753 0.0000000000
51687  -46.764  -27.657  35.077 0.0000000000
52757  -47.280  -27.170  34.992 0.0000000000
52771  -48.345  -26.205  33.944 0.0000000000
52758  -48.194  -26.344  34.810 0.0000000000
52736  -49.338  -26.308  35.374 0.0000000000
52715  -51.305  -26.086  36.314 0.0000000000
33635  -43.434  -45.168  46.490 0.0000000000
34610  -42.190  -44.513  46.458 0.0000000000
34633  -43.354  -44.552  45.447 0.0000000000
34651  -42.911  -43.997  44.708 0.0000000000
127618  -43.101  -43.187  43.158 0.0000000000
37622  -44.466  -41.655  36.434 0.0000000000
37602  -43.442  -42.060  38.307 0.0000000000
37621  -43.332  -41.502  36.591 0.0000000000
37620  -42.022  -41.283  36.491 0.0000000000
38486  -40.816  -40.468  36.993 0.0000000000
127708  -38.331  -40.033  36.508 0.0000000000
127726  -39.588  -39.808  36.096 0.0000000000
43160  -41.406  -36.011  35.154 0.0000000000
43170  -40.528  -35.439  34.260 0.0000000000
51549  -54.661  -26.050  41.681 0.0000000000
51584  -54.296  -26.627  40.254 0.0000000000
52620  -55.207  -25.857  41.392 0.0000000000
51604  -55.815  -25.600  40.099 0.0000000000
53751  -56.409  -25.194  39.460 0.0000000000
58323  -57.640  -21.573  39.648 0.0000000000
57183  -58.287  -22.757  39.298 0.0000000000
58338  -58.574  -21.595  38.598 0.0000000000
59397  -58.278  -20.939  38.313 0.0000000000
59446  -57.237  -20.330  36.933 0.0000000000
60614  -56.546  -19.641  35.352 0.0000000000
60599  -58.445  -19.580  36.548 0.0000000000
60617  -59.160  -19.535  35.853 0.0000000000
59463  -59.870  -20.490  36.130 0.0000000000
62925  -59.562  -17.572  34.710 0.0000000000
61758  -61.101  -18.978  34.920 0.0000000000
62939  -60.645  -18.445  33.937 0.0000000000
32525  -29.526  -46.959  50.107 0.0000000000
32558  -28.803  -46.661  47.774 0.0000000000
32559  -29.154  -47.357  48.077 0.0000000000
31575  -29.407  -47.681  47.236 0.0000000000
32651  -31.310  -46.979  45.029 0.0000000000
31630  -35.320  -47.172  42.743 0.0000000000
32670  -34.312  -46.484  42.567 0.0000000000
32687  -34.879  -46.504  41.125 0.0000000000
127526  -34.918  -46.650  40.247 0.0000000000
127535  -34.590  -46.742  38.390 0.0000000000
31666  -33.863  -47.268  36.931 0.0000000000
31667  -34.360  -47.392  37.212 0.0000000000
33687  -37.469  -45.757  43.758 0.0000000000
32634  -37.419  -46.957  44.252 0.0000000000
32672  -38.134  -46.359  42.450 0.0000000000
32673  -38.314  -46.766  41.972 0.0000000000
127508  -39.693  -47.794  40.862 0.0000000000
46546  -42.821  -32.271  35.216 0.0000000000
47618  -43.448  -31.715  35.209 0.0000000000
46533  -44.462  -32.292  35.753 0.0000000000
47620  -44.991  -31.692  35.277 0.0000000000
47622  -46.743  -31.424  35.756 0.0000000000
46526  -47.334  -32.307  36.548 0.0000000000
47613  -47.129  -31.672  36.279 0.0000000000
48628  -47.291  -30.903  35.792 0.0000000000
49616  -47.628  -29.780  36.628 0.0000000000
50576  -47.694  -29.155  38.029 0.0000000000
50577  -48.507  -28.480  38.611 0.0000000000
35646  -46.450  -41.991  42.768 0.0000000000
34684  -45.650  -43.224  42.112 0.0000000000
35686  -47.002  -43.060  40.806 0.0000000000
35698  -46.570  -42.685  39.931 0.0000000000
36661  -45.954  -41.788  38.773 0.0000000000
127753  -46.025  -41.152  39.010 0.0000000000
127752  -45.954  -41.427  38.480 0.0000000000
37613  -45.696  -41.517  37.227 0.0000000000
38504  -45.166  -41.204  35.924 0.0000000000
38503  -44.432  -40.550  35.443 0.0000000000
39350  -44.541  -39.964  33.730 0.0000000000
39362  -42.682  -39.393  32.748 0.0000000000
40219  -43.984  -39.593  33.823 0.0000000000
40197  -42.737  -38.555  35.270 0.0000000000
41129  -42.377  -37.737  34.987 0.0000000000
42123  -43.529  -36.996  36.774 0.0000000000
43151  -42.856  -36.247  36.278 0.0000000000
42130  -42.152  -36.666  35.614 0.0000000000
43161  -42.274  -35.540  35.750 0.0000000000
45375  -42.247  -33.954  35.356 0.0000000000
60531  -60.298  -19.213  38.345 0.0000000000
62878  -59.267  -17.515  38.249 0.0000000000
62889  -59.526  -17.256  37.413 0.0000000000
62899  -59.866  -17.160  36.458 0.0000000000
64064  -59.206  -16.327  35.687 0.0000000000
64063  -58.655  -16.224  35.347 0.0000000000
127427  -31.798  -49.469  49.291 0.0000000000
127448  -33.414  -49.519  48.448 0.0000000000
127466  -34.184  -49.182  47.219 0.0000000000
31598  -34.562  -48.253  45.720 0.0000000000
29643  -35.675  -49.510  46.623 0.0000000000
30614  -35.442  -48.859  45.662 0.0000000000
31611  -35.712  -48.026  44.434 0.0000000000
31621  -35.901  -47.921  43.678 0.0000000000
30646  -36.953  -48.338  42.049 0.0000000000
30658  -37.570  -48.687  41.506 0.0000000000
48632  -43.696  -30.724  34.290 0.0000000000
49634  -44.086  -29.534  33.523 0.0000000000
49636  -45.953  -29.079  33.991 0.0000000000
55033  -51.496  -24.230  33.120 0.0000000000
55034  -52.195  -23.815  33.387 0.0000000000
31548  -39.539  -47.185  49.745 0.0000000000
32543  -38.218  -47.029  49.277 0.0000000000
33585  -39.257  -45.879  48.580 0.0000000000
34588  -38.844  -45.194  47.350 0.0000000000
34607  -39.020  -44.797  46.818 0.0000000000
34609  -41.212  -44.394  46.536 0.0000000000
34629  -39.431  -44.304  45.752 0.0000000000
34647  -38.758  -43.992  44.504 0.0000000000
34668  -38.508  -43.759  43.708 0.0000000000
35640  -38.065  -43.765  42.646 0.0000000000
35664  -38.195  -43.260  41.978 0.0000000000
127629  -44.717  -43.556  41.516 0.0000000000
127628  -43.273  -42.930  41.752 0.0000000000
127652  -42.392  -42.204  41.631 0.0000000000
127673  -43.125  -41.893  39.224 0.0000000000
127640  -42.350  -42.164  40.703 0.0000000000
127651  -40.972  -42.547  41.844 0.0000000000
36625  -39.954  -42.574  41.405 0.0000000000
36623  -38.449  -42.865  41.408 0.0000000000
40232  -42.958  -39.085  31.898 0.0000000000
42076  -49.512  -36.127  40.342 0.0000000000
44178  -50.267  -34.475  39.917 0.0000000000
127812  -29.575  -46.964  51.666 0.0000000000
127432  -31.351  -49.608  51.146 0.0000000000
127421  -31.921  -50.183  51.505 0.0000000000
127422  -33.363  -50.769  51.522 0.0000000000
28594  -36.995  -49.814  51.293 0.0000000000
29596  -37.251  -49.113  51.194 0.0000000000
30552  -38.625  -47.891  50.531 0.0000000000
30553  -39.617  -47.615  50.446 0.0000000000
31532  -40.720  -47.269  50.145 0.0000000000
31550  -41.459  -46.934  49.402 0.0000000000
31552  -43.044  -46.979  48.673 0.0000000000
33570  -43.523  -45.362  48.744 0.0000000000
32589  -44.097  -45.853  47.438 0.0000000000
33636  -44.338  -45.321  46.707 0.0000000000
127582  -44.958  -44.114  45.181 0.0000000000
127595  -45.607  -43.310  44.591 0.0000000000
35621  -46.786  -42.890  43.595 0.0000000000
127702  -47.391  -42.180  43.184 0.0000000000
127704  -49.134  -41.883  42.070 0.0000000000
41079  -49.661  -36.820  40.929 0.0000000000
45308  -50.894  -33.499  40.223 0.0000000000
46483  -50.616  -32.665  40.283 0.0000000000
47588  -49.783  -31.593  40.230 0.0000000000
48574  -50.187  -31.278  42.841 0.0000000000
47571  -49.746  -31.528  41.173 0.0000000000
48599  -49.193  -30.756  40.787 0.0000000000
49601  -48.554  -29.827  39.924 0.0000000000
50563  -48.662  -28.790  39.673 0.0000000000
51597  -49.802  -27.822  40.058 0.0000000000
51546  -50.690  -26.897  42.145 0.0000000000
51580  -50.303  -27.294  40.711 0.0000000000
51598  -50.380  -27.156  39.762 0.0000000000
51619  -50.437  -26.873  38.596 0.0000000000
52670  -51.756  -26.974  37.909 0.0000000000
52691  -51.865  -26.419  37.432 0.0000000000
52650  -53.682  -26.831  38.969 0.0000000000
52692  -52.946  -26.362  37.419 0.0000000000
53807  -52.061  -25.525  35.842 0.0000000000
53832  -52.662  -24.934  35.321 0.0000000000
55006  -53.518  -24.305  35.129 0.0000000000
56141  -53.434  -23.271  34.299 0.0000000000
54935  -56.999  -24.366  39.565 0.0000000000
54954  -56.653  -24.618  38.326 0.0000000000
57200  -58.275  -22.946  38.528 0.0000000000
56090  -57.233  -23.954  37.844 0.0000000000
56088  -55.743  -23.891  36.953 0.0000000000
56126  -55.262  -23.439  35.917 0.0000000000
56125  -54.360  -23.388  35.334 0.0000000000
57263  -53.510  -22.736  33.910 0.0000000000
58411  -54.069  -21.728  33.638 0.0000000000
59520  -54.721  -20.778  32.343 0.0000000000
59521  -55.349  -20.871  31.953 0.0000000000
60640  -56.417  -19.852  33.719 0.0000000000
59505  -56.605  -20.712  32.634 0.0000000000
58446  -56.942  -21.568  31.478 0.0000000000
59428  -61.183  -20.092  37.799 0.0000000000
59464  -60.759  -20.637  36.180 0.0000000000
58387  -61.083  -21.164  35.496 0.0000000000
61759  -61.539  -19.458  34.721 0.0000000000
58388  -61.522  -20.910  35.039 0.0000000000
58415  -60.774  -21.648  33.794 0.0000000000
33626  -28.548  -46.234  46.663 0.0000000000
127478  -31.437  -47.841  47.255 0.0000000000
32668  -31.882  -46.299  43.416 0.0000000000
33698  -33.687  -46.093  42.053 0.0000000000
32684  -32.088  -46.201  42.143 0.0000000000
32683  -31.129  -45.991  42.565 0.0000000000
33725  -30.681  -45.476  40.443 0.0000000000
32584  -37.451  -46.725  47.579 0.0000000000
31587  -37.379  -48.110  46.149 0.0000000000
30616  -37.949  -48.927  45.643 0.0000000000
31613  -38.682  -48.211  44.148 0.0000000000
30629  -38.858  -49.037  44.747 0.0000000000
29670  -39.321  -50.032  43.955 0.0000000000
29685  -38.907  -49.822  42.670 0.0000000000
127493  -39.022  -49.585  41.595 0.0000000000
127503  -38.034  -48.832  39.912 0.0000000000
127514  -38.720  -47.391  39.462 0.0000000000
127510  -39.591  -47.826  38.924 0.0000000000
30679  -40.381  -49.040  39.091 0.0000000000
29706  -39.466  -49.846  39.284 0.0000000000
127501  -38.719  -49.583  39.495 0.0000000000
30677  -37.031  -48.860  39.073 0.0000000000
44199  -49.146  -34.497  38.627 0.0000000000
42089  -49.112  -35.755  39.916 0.0000000000
41093  -48.351  -36.896  39.763 0.0000000000
42088  -48.607  -35.928  39.468 0.0000000000
42109  -48.147  -35.700  38.813 0.0000000000
56164  -52.196  -22.936  32.622 0.0000000000
57273  -52.616  -22.588  32.774 0.0000000000
46555  -41.481  -31.957  34.295 0.0000000000
47628  -42.019  -31.561  34.320 0.0000000000
51639  -49.213  -27.281  37.840 0.0000000000
127603  -45.284  -43.492  43.114 0.0000000000
38512  -42.407  -40.215  35.038 0.0000000000
45389  -42.337  -32.787  35.169 0.0000000000
46544  -41.360  -32.635  34.473 0.0000000000
59368  -59.392  -19.602  39.235 0.0000000000
59379  -59.535  -19.596  38.829 0.0000000000
59380  -60.032  -19.414  38.570 0.0000000000
127435  -30.663  -48.921  49.226 0.0000000000
127566  -36.260  -48.032  39.985 0.0000000000
127516  -36.227  -47.878  39.460 0.0000000000
127522  -36.064  -47.826  38.321 0.0000000000
127512  -36.708  -48.444  39.417 0.0000000000
34704  -37.329  -44.613  41.337 0.0000000000
44242  -46.467  -33.812  36.800 0.0000000000
47605  -48.930  -31.835  38.082 0.0000000000
48617  -48.765  -30.810  38.323 0.0000000000
37591  -48.084  -40.915  40.645 0.0000000000
127776  -45.145  -38.898  38.644 0.0000000000
127775  -44.851  -39.398  38.334 0.0000000000
44232  -45.993  -34.699  37.075 0.0000000000
43154  -45.455  -34.995  36.878 0.0000000000
29608  -35.179  -50.623  49.639 0.0000000000
29609  -35.565  -51.017  49.521 0.0000000000
29669  -38.602  -49.717  44.532 0.0000000000
48634  -45.438  -30.557  34.612 0.0000000000
48635  -45.901  -30.335  34.935 0.0000000000
52770  -47.316  -26.516  34.039 0.0000000000
53854  -51.173  -25.060  34.215 0.0000000000
33587  -41.189  -45.516  48.290 0.0000000000
32586  -42.178  -45.669  47.749 0.0000000000
35617  -40.044  -43.073  43.310 0.0000000000
127697  -39.537  -41.733  39.916 0.0000000000
41128  -41.870  -37.366  34.724 0.0000000000
41136  -41.758  -37.302  34.109 0.0000000000
50521  -49.878  -28.390  42.304 0.0000000000
52605  -54.051  -25.783  42.022 0.0000000000
52618  -53.024  -26.565  41.640 0.0000000000
51565  -52.806  -26.799  41.119 0.0000000000
54972  -54.881  -24.556  36.992 0.0000000000
54973  -55.630  -24.474  37.318 0.0000000000
57198  -56.606  -22.491  38.923 0.0000000000
56053  -56.747  -23.395  39.526 0.0000000000
57182  -57.691  -22.568  39.501 0.0000000000
59445  -56.645  -20.742  36.521 0.0000000000
58370  -55.756  -21.869  35.910 0.0000000000
58385  -55.780  -21.122  35.725 0.0000000000
59461  -55.594  -20.807  35.363 0.0000000000
59493  -58.547  -20.033  33.887 0.0000000000
58414  -60.118  -21.412  33.669 0.0000000000
61749  -60.869  -18.918  35.829 0.0000000000
127811  -28.318  -45.943  49.575 0.0000000000
32650  -30.328  -46.560  44.314 0.0000000000
32649  -29.598  -46.534  44.336 0.0000000000
33697  -29.891  -46.112  42.743 0.0000000000
32682  -30.374  -46.138  42.828 0.0000000000
127477  -34.115  -47.588  44.629 0.0000000000
127551  -32.138  -46.763  36.969 0.0000000000
33651  -37.163  -45.874  45.811 0.0000000000
33669  -37.410  -46.021  44.817 0.0000000000
31651  -40.202  -48.352  41.254 0.0000000000
30660  -40.660  -48.617  41.947 0.0000000000
127498  -40.889  -49.112  41.014 0.0000000000
127490  -40.708  -49.854  41.448 0.0000000000
127491  -40.601  -49.541  40.548 0.0000000000
43148  -47.350  -34.927  37.766 0.0000000000
44234  -47.760  -34.192  37.694 0.0000000000
45333  -49.657  -33.803  38.552 0.0000000000
45352  -49.820  -33.240  38.139 0.0000000000
46521  -49.610  -32.787  37.829 0.0000000000
45353  -50.193  -33.003  38.439 0.0000000000
40152  -47.775  -38.421  40.373 0.0000000000
41091  -46.810  -37.924  39.180 0.0000000000
40186  -46.044  -38.643  38.861 0.0000000000
42106  -46.027  -37.097  38.091 0.0000000000
43133  -47.857  -35.294  38.184 0.0000000000
43132  -47.034  -35.618  38.106 0.0000000000
43147  -46.683  -35.177  37.734 0.0000000000
57286  -51.889  -22.485  31.453 0.0000000000
58423  -52.981  -21.890  31.687 0.0000000000
29610  -37.063  -49.924  49.784 0.0000000000
30595  -36.754  -49.192  47.861 0.0000000000
30604  -37.149  -48.959  46.819 0.0000000000
51668  -47.012  -27.986  35.698 0.0000000000
52734  -47.612  -27.373  35.560 0.0000000000
52735  -48.271  -26.891  35.623 0.0000000000
52714  -50.175  -26.421  36.210 0.0000000000
33653  -43.843  -44.951  45.646 0.0000000000
127609  -43.845  -43.623  43.987 0.0000000000
127608  -43.354  -43.609  43.967 0.0000000000
35594  -42.495  -43.586  43.953 0.0000000000
37611  -43.938  -42.228  37.282 0.0000000000
38500  -41.682  -40.627  35.741 0.0000000000
127727  -40.274  -39.816  36.497 0.0000000000
52593  -55.664  -25.783  43.026 0.0000000000
52606  -55.240  -26.291  41.998 0.0000000000
52608  -56.474  -25.458  41.838 0.0000000000
52622  -56.414  -25.409  41.261 0.0000000000
52635  -56.412  -25.295  40.643 0.0000000000
52653  -56.237  -25.405  40.013 0.0000000000
53752  -56.606  -25.177  40.134 0.0000000000
59366  -57.928  -20.184  39.460 0.0000000000
59377  -57.458  -20.186  39.386 0.0000000000
59365  -57.290  -20.711  39.647 0.0000000000
58315  -58.022  -20.874  39.488 0.0000000000
58324  -58.287  -21.434  39.283 0.0000000000
59398  -58.630  -20.114  38.494 0.0000000000
59425  -58.265  -20.119  38.108 0.0000000000
59424  -57.798  -20.571  37.733 0.0000000000
60581  -57.813  -19.825  37.105 0.0000000000
60598  -57.627  -19.604  36.396 0.0000000000
59447  -59.748  -19.894  37.001 0.0000000000
62926  -60.563  -18.276  34.416 0.0000000000
32540  -29.791  -47.432  49.187 0.0000000000
30593  -29.787  -47.901  47.307 0.0000000000
127464  -30.051  -47.548  46.458 0.0000000000
127527  -35.036  -46.655  39.212 0.0000000000
127558  -34.501  -46.601  38.992 0.0000000000
127541  -34.308  -46.922  37.684 0.0000000000
127536  -34.702  -47.198  37.790 0.0000000000
30685  -35.325  -48.116  37.092 0.0000000000
34667  -38.083  -44.467  43.457 0.0000000000
31642  -38.991  -47.452  41.535 0.0000000000
127513  -38.857  -47.323  40.493 0.0000000000
45376  -42.894  -33.317  35.424 0.0000000000
46532  -43.588  -32.337  35.640 0.0000000000
46524  -45.868  -32.728  36.206 0.0000000000
46534  -45.327  -32.340  35.782 0.0000000000
47621  -45.811  -31.345  35.251 0.0000000000
45361  -47.894  -33.451  37.393 0.0000000000
45370  -47.970  -32.892  36.879 0.0000000000
47614  -47.660  -31.540  36.456 0.0000000000
47623  -47.234  -31.367  36.064 0.0000000000
48623  -47.690  -30.653  36.364 0.0000000000
48620  -47.921  -30.530  37.095 0.0000000000
49608  -47.727  -29.761  38.081 0.0000000000
49613  -47.659  -29.801  37.470 0.0000000000
35669  -46.791  -42.650  41.796 0.0000000000
127763  -47.029  -41.968  39.547 0.0000000000
36654  -46.002  -42.307  39.183 0.0000000000
38455  -46.685  -40.334  39.839 0.0000000000
127754  -46.279  -40.497  39.386 0.0000000000
127761  -46.009  -41.018  37.919 0.0000000000
37614  -45.934  -41.172  37.683 0.0000000000
37603  -45.766  -41.626  38.168 0.0000000000
37623  -45.184  -41.596  36.392 0.0000000000
38488  -45.339  -40.985  36.362 0.0000000000
39321  -44.354  -39.908  35.634 0.0000000000
39335  -44.635  -39.959  34.533 0.0000000000
38515  -44.639  -40.146  34.193 0.0000000000
39351  -44.687  -39.945  34.026 0.0000000000
40204  -43.928  -39.445  34.728 0.0000000000
41122  -42.818  -38.208  35.758 0.0000000000
42122  -42.788  -37.368  36.065 0.0000000000
43144  -44.436  -36.463  37.559 0.0000000000
43152  -43.698  -35.779  36.692 0.0000000000
44248  -43.366  -33.882  35.878 0.0000000000
64034  -59.108  -17.119  37.766 0.0000000000
64053  -59.244  -16.449  36.681 0.0000000000
65175  -58.889  -15.719  36.181 0.0000000000
65185  -58.750  -15.779  35.776 0.0000000000
127423  -32.786  -49.808  49.680 0.0000000000
127429  -32.919  -49.726  49.155 0.0000000000
29630  -34.576  -49.520  47.875 0.0000000000
30594  -33.845  -49.344  47.679 0.0000000000
30613  -34.433  -48.717  46.466 0.0000000000
30602  -35.067  -49.205  46.347 0.0000000000
28629  -36.361  -50.461  48.434 0.0000000000
29631  -35.860  -50.132  48.139 0.0000000000
30615  -36.126  -49.293  45.443 0.0000000000
29656  -36.012  -49.424  45.819 0.0000000000
30626  -35.634  -48.407  44.942 0.0000000000
30636  -37.710  -49.311  43.274 0.0000000000
47630  -43.950  -31.246  34.769 0.0000000000
48645  -44.400  -30.290  33.890 0.0000000000
50611  -46.368  -28.785  34.224 0.0000000000
51708  -45.615  -27.641  32.917 0.0000000000
52772  -48.985  -25.848  33.864 0.0000000000
55032  -50.538  -24.507  33.005 0.0000000000
55019  -51.682  -24.694  33.816 0.0000000000
55020  -52.326  -24.320  33.928 0.0000000000
32545  -39.813  -46.527  49.379 0.0000000000
32564  -39.212  -46.348  49.072 0.0000000000
33568  -39.986  -45.900  49.141 0.0000000000
33608  -40.623  -45.082  47.767 0.0000000000
33607  -39.528  -45.161  47.705 0.0000000000
33632  -39.710  -44.834  47.155 0.0000000000
34648  -40.001  -43.774  44.876 0.0000000000
34630  -40.580  -44.120  45.757 0.0000000000
35641  -38.628  -43.155  42.591 0.0000000000
35615  -38.431  -43.645  43.203 0.0000000000
35667  -45.564  -43.489  41.269 0.0000000000
127621  -44.936  -43.595  42.233 0.0000000000
36641  -44.216  -42.588  40.246 0.0000000000
127630  -44.075  -43.177  41.307 0.0000000000
127627  -42.832  -42.735  42.211 0.0000000000
127679  -42.866  -41.728  38.683 0.0000000000
127676  -41.262  -42.086  40.006 0.0000000000
127657  -41.719  -42.204  40.104 0.0000000000
127639  -41.553  -42.315  41.406 0.0000000000
127655  -40.739  -42.405  41.296 0.0000000000
36606  -40.430  -42.620  41.783 0.0000000000
127674  -40.320  -42.251  40.745 0.0000000000
36640  -39.479  -42.309  40.762 0.0000000000
35681  -37.956  -43.152  41.283 0.0000000000
36638  -37.260  -42.946  40.164 0.0000000000
28593  -36.610  -50.432  51.096 0.0000000000
30540  -40.010  -47.479  50.524 0.0000000000
30554  -40.078  -47.428  50.284 0.0000000000
31551  -42.384  -47.033  49.173 0.0000000000
33571  -44.128  -45.077  48.336 0.0000000000
33588  -43.825  -45.559  48.208 0.0000000000
32568  -43.446  -46.242  48.138 0.0000000000
32569  -44.028  -45.845  47.961 0.0000000000
32605  -43.989  -46.016  47.056 0.0000000000
33612  -44.666  -45.174  47.315 0.0000000000
127578  -45.501  -43.452  46.327 0.0000000000
127576  -45.196  -44.042  46.082 0.0000000000
35596  -46.871  -43.007  44.188 0.0000000000
37574  -48.553  -41.271  41.350 0.0000000000
44179  -50.921  -34.265  40.406 0.0000000000
44201  -50.440  -33.818  39.742 0.0000000000
47590  -50.852  -32.507  41.098 0.0000000000
47600  -50.184  -32.253  39.806 0.0000000000
47589  -50.183  -32.204  40.695 0.0000000000
49562  -49.340  -29.794  42.193 0.0000000000
48573  -49.676  -30.583  42.695 0.0000000000
48586  -49.488  -30.662  41.686 0.0000000000
48598  -48.794  -30.536  40.153 0.0000000000
49571  -48.789  -29.625  41.055 0.0000000000
51561  -49.715  -28.149  41.266 0.0000000000
50550  -49.307  -28.389  40.555 0.0000000000
50564  -49.226  -28.202  39.686 0.0000000000
52590  -52.294  -26.448  42.888 0.0000000000
51531  -51.010  -26.962  42.927 0.0000000000
51581  -51.115  -26.835  40.588 0.0000000000
51641  -52.181  -27.166  38.006 0.0000000000
51642  -52.606  -26.811  37.913 0.0000000000
51602  -54.383  -26.626  39.417 0.0000000000
52716  -52.404  -25.849  36.716 0.0000000000
53808  -52.974  -25.312  36.186 0.0000000000
53833  -53.636  -24.931  35.760 0.0000000000
55021  -53.037  -23.939  34.498 0.0000000000
56124  -53.653  -23.644  34.823 0.0000000000
54956  -57.625  -24.109  39.070 0.0000000000
54934  -56.680  -24.633  38.955 0.0000000000
54955  -57.299  -24.171  38.602 0.0000000000
58352  -58.510  -22.240  38.243 0.0000000000
57217  -58.239  -22.469  38.143 0.0000000000
57215  -56.863  -23.186  37.430 0.0000000000
56089  -56.584  -23.724  37.303 0.0000000000
56107  -55.934  -23.461  36.700 0.0000000000
56127  -55.616  -23.459  36.275 0.0000000000
57248  -54.760  -22.312  35.126 0.0000000000
57264  -54.100  -22.616  34.419 0.0000000000
57275  -53.689  -22.342  33.839 0.0000000000
59503  -54.571  -20.805  33.186 0.0000000000
59504  -55.504  -20.526  32.667 0.0000000000
60615  -57.447  -19.410  35.558 0.0000000000
60627  -56.481  -19.682  34.487 0.0000000000
60628  -57.336  -19.473  34.715 0.0000000000
59506  -57.433  -20.895  32.627 0.0000000000
58426  -56.219  -21.096  32.084 0.0000000000
59401  -61.164  -19.795  38.032 0.0000000000
60559  -61.568  -19.670  37.733 0.0000000000
61765  -60.902  -19.019  34.245 0.0000000000
60632  -61.912  -19.706  34.350 0.0000000000
58403  -61.560  -20.821  34.346 0.0000000000
58402  -61.191  -21.312  34.571 0.0000000000
32580  -28.757  -46.659  46.897 0.0000000000
32648  -28.912  -46.478  44.317 0.0000000000
32630  -28.728  -46.452  45.032 0.0000000000
33709  -28.865  -45.800  41.654 0.0000000000
33734  -29.881  -45.567  39.348 0.0000000000
127479  -32.570  -48.476  47.314 0.0000000000
32686  -34.434  -46.229  41.600 0.0000000000
33712  -32.527  -45.830  41.212 0.0000000000
32685  -32.692  -46.122  41.894 0.0000000000
33711  -31.422  -45.625  41.463 0.0000000000
31678  -33.500  -47.598  36.446 0.0000000000
32562  -37.690  -46.977  48.654 0.0000000000
30628  -38.338  -48.618  45.232 0.0000000000
32655  -37.814  -46.737  43.220 0.0000000000
31622  -38.150  -47.558  43.965 0.0000000000
30638  -39.967  -48.986  43.904 0.0000000000
30630  -39.471  -49.676  44.188 0.0000000000
30631  -39.586  -49.880  43.926 0.0000000000
29679  -39.253  -49.863  43.109 0.0000000000
127487  -39.660  -49.923  40.954 0.0000000000
127494  -38.984  -49.517  40.501 0.0000000000
127502  -38.177  -49.135  40.989 0.0000000000
31661  -38.816  -47.411  38.536 0.0000000000
30678  -40.017  -48.638  38.560 0.0000000000
29716  -40.262  -49.355  38.898 0.0000000000
28681  -40.265  -49.819  39.063 0.0000000000
29713  -37.614  -49.253  38.759 0.0000000000
43134  -48.390  -35.114  38.473 0.0000000000
44221  -48.516  -34.582  38.019 0.0000000000
44198  -48.681  -34.812  38.517 0.0000000000
41078  -48.940  -37.190  40.371 0.0000000000
55045  -51.362  -23.765  32.398 0.0000000000
56163  -51.646  -23.033  32.120 0.0000000000
57303  -52.691  -22.173  30.938 0.0000000000
29625  -37.156  -49.373  49.679 0.0000000000
30584  -37.190  -48.771  49.135 0.0000000000
31563  -36.952  -48.005  48.324 0.0000000000
48631  -42.888  -30.656  34.129 0.0000000000
50596  -47.853  -28.546  36.958 0.0000000000
52712  -48.466  -27.133  36.357 0.0000000000
51640  -50.150  -27.008  37.438 0.0000000000
127592  -44.188  -44.558  45.113 0.0000000000
127593  -44.592  -44.183  44.306 0.0000000000
127601  -44.187  -43.740  43.967 0.0000000000
127611  -44.500  -43.711  43.014 0.0000000000
38502  -43.661  -40.713  35.078 0.0000000000
37630  -43.000  -41.193  35.756 0.0000000000
38501  -42.720  -40.736  35.271 0.0000000000
39332  -40.942  -39.725  35.518 0.0000000000
39347  -40.698  -39.451  34.242 0.0000000000
44258  -40.862  -34.182  34.667 0.0000000000
59367  -58.734  -20.096  39.274 0.0000000000
60557  -58.935  -19.323  38.214 0.0000000000
60583  -59.182  -19.385  37.615 0.0000000000
59426  -59.888  -19.857  37.509 0.0000000000
31527  -30.285  -48.044  49.877 0.0000000000
31542  -30.275  -48.267  48.971 0.0000000000
127456  -30.197  -48.266  48.475 0.0000000000
31641  -36.250  -47.966  41.398 0.0000000000
127523  -35.695  -47.332  39.067 0.0000000000
127528  -35.263  -47.344  38.193 0.0000000000
30686  -36.262  -48.496  37.309 0.0000000000
34682  -37.848  -44.473  42.540 0.0000000000
33715  -37.668  -45.692  41.534 0.0000000000
32688  -37.620  -46.145  41.091 0.0000000000
45366  -44.405  -33.824  36.480 0.0000000000
46525  -46.546  -32.591  36.428 0.0000000000
45371  -48.292  -32.683  37.051 0.0000000000
46528  -48.469  -32.431  37.161 0.0000000000
47610  -48.595  -31.873  37.317 0.0000000000
127715  -48.040  -41.926  41.447 0.0000000000
39306  -45.995  -39.372  38.976 0.0000000000
39292  -45.939  -39.928  39.034 0.0000000000
127785  -44.125  -39.203  35.708 0.0000000000
43145  -45.132  -35.594  37.524 0.0000000000
127430  -33.809  -49.736  49.023 0.0000000000
29622  -34.531  -50.002  49.265 0.0000000000
29667  -36.918  -49.616  44.880 0.0000000000
29676  -37.165  -49.437  44.395 0.0000000000
29684  -38.225  -49.610  43.084 0.0000000000
47632  -45.249  -31.134  35.074 0.0000000000
48633  -44.577  -30.758  34.383 0.0000000000
51709  -46.020  -27.501  33.289 0.0000000000
53852  -49.537  -25.701  34.143 0.0000000000
32565  -41.169  -45.781  48.716 0.0000000000
34590  -40.970  -44.760  47.233 0.0000000000
34650  -42.003  -43.965  44.761 0.0000000000
35642  -39.472  -42.844  42.434 0.0000000000
35696  -44.970  -43.099  39.834 0.0000000000
36651  -43.780  -42.186  39.889 0.0000000000
127678  -42.415  -41.770  38.998 0.0000000000
127689  -41.538  -41.498  38.976 0.0000000000
127688  -40.941  -41.538  39.618 0.0000000000
127675  -40.636  -41.966  40.156 0.0000000000
32529  -40.560  -46.615  50.606 0.0000000000
32518  -40.734  -45.936  50.713 0.0000000000
33590  -44.709  -44.763  47.746 0.0000000000
127570  -45.073  -44.563  47.384 0.0000000000
127693  -48.349  -42.349  43.757 0.0000000000
46462  -51.629  -33.258  41.925 0.0000000000
46485  -51.557  -33.257  41.268 0.0000000000
46439  -51.399  -32.529  42.191 0.0000000000
47573  -51.057  -32.321  41.905 0.0000000000
50506  -49.790  -29.217  42.913 0.0000000000
50534  -48.845  -29.363  41.241 0.0000000000
50536  -49.937  -28.151  41.784 0.0000000000
52591  -53.415  -26.074  43.067 0.0000000000
52603  -52.442  -26.674  42.048 0.0000000000
52617  -52.516  -26.683  41.537 0.0000000000
51600  -52.552  -26.431  39.508 0.0000000000
52649  -53.200  -26.200  39.152 0.0000000000
52651  -54.905  -26.162  39.165 0.0000000000
52673  -54.831  -26.184  38.530 0.0000000000
52694  -54.796  -25.969  37.942 0.0000000000
53785  -53.916  -25.299  37.099 0.0000000000
53809  -53.755  -25.210  36.425 0.0000000000
53810  -54.277  -24.828  36.787 0.0000000000
56054  -57.197  -23.874  39.658 0.0000000000
57250  -55.840  -23.106  36.157 0.0000000000
57232  -55.827  -22.320  36.039 0.0000000000
58384  -55.328  -21.665  35.430 0.0000000000
59475  -54.774  -21.114  34.508 0.0000000000
59476  -55.106  -20.819  34.714 0.0000000000
60626  -55.747  -20.054  34.221 0.0000000000
60642  -57.930  -19.553  34.267 0.0000000000
58412  -58.232  -20.850  32.948 0.0000000000
61739  -60.875  -18.955  36.904 0.0000000000
60585  -61.422  -19.619  37.082 0.0000000000
61750  -61.082  -19.385  36.418 0.0000000000
60601  -61.182  -19.472  35.881 0.0000000000
60619  -61.573  -19.670  35.283 0.0000000000
60644  -61.656  -19.819  33.580 0.0000000000
33598  -28.069  -45.807  47.647 0.0000000000
31597  -29.330  -46.758  46.029 0.0000000000
32631  -29.301  -46.545  45.234 0.0000000000
32665  -29.285  -46.416  43.724 0.0000000000
32697  -33.597  -46.212  40.287 0.0000000000
127540  -33.445  -46.110  40.842 0.0000000000
33727  -32.952  -45.862  40.221 0.0000000000
127556  -31.825  -46.083  37.886 0.0000000000
127552  -32.156  -47.349  36.474 0.0000000000
33605  -37.713  -45.967  47.268 0.0000000000
33630  -37.357  -46.042  46.741 0.0000000000
31633  -39.249  -48.084  42.220 0.0000000000
30648  -39.153  -48.144  42.877 0.0000000000
30650  -40.351  -49.246  42.706 0.0000000000
28660  -40.390  -50.128  41.536 0.0000000000
127485  -40.084  -50.328  40.854 0.0000000000
127489  -39.849  -50.287  40.420 0.0000000000
29724  -39.387  -49.051  37.483 0.0000000000
45360  -47.366  -33.790  37.377 0.0000000000
44236  -49.011  -33.515  37.523 0.0000000000
46514  -49.484  -32.373  38.020 0.0000000000
47606  -49.550  -32.128  38.595 0.0000000000
38456  -46.985  -40.559  40.233 0.0000000000
39294  -47.052  -39.248  39.814 0.0000000000
57304  -53.220  -22.065  30.709 0.0000000000
28606  -36.051  -51.077  49.677 0.0000000000
29624  -36.902  -49.771  49.004 0.0000000000
49619  -46.485  -29.694  35.254 0.0000000000
51667  -46.581  -28.337  35.186 0.0000000000
52756  -46.725  -27.535  34.770 0.0000000000
52737  -50.457  -25.877  35.559 0.0000000000
33611  -42.982  -45.416  47.208 0.0000000000
33610  -42.504  -45.058  47.256 0.0000000000
33634  -42.797  -44.754  46.672 0.0000000000
34611  -42.853  -44.679  46.128 0.0000000000
34632  -42.485  -44.314  45.532 0.0000000000
35619  -42.112  -43.036  43.183 0.0000000000
36667  -44.851  -42.204  37.704 0.0000000000
36666  -44.177  -42.456  38.074 0.0000000000
127707  -38.876  -39.889  37.248 0.0000000000
127710  -38.801  -39.917  36.312 0.0000000000
39320  -38.962  -39.852  35.735 0.0000000000
42136  -41.235  -36.428  34.381 0.0000000000
43184  -40.568  -35.837  33.550 0.0000000000
43169  -40.018  -34.871  33.575 0.0000000000
43183  -40.331  -35.592  33.020 0.0000000000
52592  -54.615  -26.109  43.195 0.0000000000
51548  -54.328  -26.092  41.510 0.0000000000
51567  -54.698  -26.074  41.167 0.0000000000
51585  -55.097  -26.092  40.372 0.0000000000
52607  -56.198  -26.024  42.000 0.0000000000
51586  -55.569  -25.661  40.489 0.0000000000
51603  -55.505  -25.880  40.092 0.0000000000
52652  -55.634  -25.770  39.605 0.0000000000
53750  -55.989  -25.549  38.969 0.0000000000
53788  -56.201  -25.048  38.146 0.0000000000
58337  -58.460  -21.476  38.279 0.0000000000
60597  -56.736  -19.779  36.252 0.0000000000
60616  -58.332  -19.470  35.721 0.0000000000
60630  -58.868  -19.496  35.263 0.0000000000
59478  -59.362  -19.920  34.860 0.0000000000
58401  -60.324  -21.213  34.917 0.0000000000
62912  -59.882  -17.324  35.567 0.0000000000
62913  -60.421  -18.171  35.249 0.0000000000
32539  -28.724  -46.442  49.205 0.0000000000
31586  -29.339  -47.262  46.521 0.0000000000
127472  -29.604  -46.913  45.957 0.0000000000
31620  -35.167  -47.554  43.812 0.0000000000
31629  -34.591  -47.238  43.377 0.0000000000
32671  -35.091  -46.492  41.890 0.0000000000
127534  -33.934  -46.476  39.390 0.0000000000
31668  -34.993  -47.617  37.510 0.0000000000
30684  -34.812  -47.824  37.106 0.0000000000
34646  -37.787  -45.015  44.565 0.0000000000
32656  -38.280  -47.053  42.653 0.0000000000
33701  -38.301  -45.982  42.025 0.0000000000
31632  -38.756  -47.551  42.424 0.0000000000
127504  -40.105  -48.316  40.278 0.0000000000
47619  -44.173  -31.607  35.418 0.0000000000
46527  -48.117  -32.338  36.667 0.0000000000
46536  -46.738  -31.942  36.289 0.0000000000
50587  -47.737  -29.095  37.135 0.0000000000
51617  -48.850  -28.052  38.518 0.0000000000
34669  -45.473  -42.963  42.682 0.0000000000
35645  -45.904  -42.557  42.363 0.0000000000
35668  -46.137  -43.139  41.521 0.0000000000
35685  -46.098  -43.212  40.602 0.0000000000
35697  -45.745  -42.919  39.825 0.0000000000
36660  -45.490  -41.950  38.260 0.0000000000
38471  -46.623  -40.898  39.730 0.0000000000
127742  -46.626  -41.479  39.553 0.0000000000
127760  -45.988  -40.861  38.418 0.0000000000
36662  -46.092  -41.747  38.933 0.0000000000
36668  -45.331  -41.958  37.429 0.0000000000
37612  -45.054  -42.073  36.929 0.0000000000
37632  -44.884  -41.346  35.876 0.0000000000
38514  -44.214  -40.534  34.069 0.0000000000
39349  -43.594  -39.763  33.667 0.0000000000
40203  -43.142  -38.908  34.652 0.0000000000
44247  -42.737  -34.434  35.766 0.0000000000
61697  -60.064  -18.626  38.703 0.0000000000
62879  -59.948  -17.963  38.096 0.0000000000
65166  -58.862  -15.716  36.960 0.0000000000
64076  -59.384  -16.879  35.166 0.0000000000
64075  -58.557  -16.498  34.777 0.0000000000
62924  -58.896  -17.225  34.384 0.0000000000
127458  -33.318  -48.882  47.370 0.0000000000
31610  -34.897  -47.911  44.823 0.0000000000
32653  -35.503  -47.682  43.844 0.0000000000
31631  -36.172  -47.876  42.420 0.0000000000
30657  -36.789  -48.266  40.929 0.0000000000
127506  -37.328  -48.555  40.313 0.0000000000
47629  -42.906  -31.457  34.570 0.0000000000
48644  -43.388  -30.148  33.791 0.0000000000
49633  -42.978  -29.643  33.123 0.0000000000
49623  -46.014  -29.730  34.633 0.0000000000
50627  -46.113  -28.601  33.844 0.0000000000
50626  -45.638  -28.487  33.539 0.0000000000
50625  -44.738  -28.738  33.335 0.0000000000
53869  -49.434  -25.354  33.471 0.0000000000
56140  -52.710  -23.576  33.899 0.0000000000
31547  -38.619  -47.440  49.834 0.0000000000
32544  -38.973  -46.817  49.389 0.0000000000
32563  -38.510  -46.432  48.840 0.0000000000
33584  -38.536  -46.067  48.351 0.0000000000
33606  -38.388  -45.724  47.716 0.0000000000
34587  -38.511  -45.301  47.073 0.0000000000
34606  -38.293  -45.241  46.564 0.0000000000
34628  -38.087  -44.888  45.726 0.0000000000
34591  -41.735  -44.665  47.161 0.0000000000
34608  -40.172  -44.494  46.786 0.0000000000
35663  -37.759  -43.961  41.798 0.0000000000
35680  -37.281  -43.619  40.790 0.0000000000
34683  -45.265  -43.466  42.477 0.0000000000
127612  -44.868  -43.672  42.803 0.0000000000
127620  -44.450  -43.594  42.485 0.0000000000
127619  -43.690  -43.275  42.066 0.0000000000
35644  -41.629  -42.549  42.323 0.0000000000
36658  -43.958  -42.359  38.896 0.0000000000
127654  -43.051  -41.959  40.272 0.0000000000
127658  -42.396  -42.051  39.779 0.0000000000
127653  -42.978  -42.021  40.758 0.0000000000
35666  -40.002  -42.778  41.953 0.0000000000
35665  -39.628  -42.730  41.830 0.0000000000
36624  -39.098  -42.639  41.546 0.0000000000
36604  -38.642  -42.928  41.953 0.0000000000
41146  -41.836  -37.741  32.758 0.0000000000
43101  -49.621  -35.411  39.964 0.0000000000
43114  -49.921  -34.925  39.732 0.0000000000
43102  -50.284  -35.224  40.373 0.0000000000
43103  -51.006  -34.906  40.994 0.0000000000
44180  -51.594  -34.311  41.104 0.0000000000
127817  -29.008  -46.485  50.884 0.0000000000
32511  -29.652  -47.346  51.022 0.0000000000
31500  -29.461  -48.045  52.155 0.0000000000
31513  -30.079  -48.123  50.846 0.0000000000
30549  -30.446  -48.600  50.316 0.0000000000
30535  -30.598  -48.990  51.158 0.0000000000
127419  -33.091  -50.341  50.628 0.0000000000
127436  -33.776  -50.644  51.025 0.0000000000
28591  -35.303  -50.870  50.680 0.0000000000
28578  -35.111  -50.546  51.610 0.0000000000
28592  -36.091  -51.056  50.900 0.0000000000
28608  -37.052  -50.270  50.761 0.0000000000
30551  -37.675  -48.523  50.868 0.0000000000
31530  -39.290  -47.494  50.172 0.0000000000
31531  -39.976  -47.417  50.046 0.0000000000
31549  -40.451  -47.066  49.629 0.0000000000
32547  -41.565  -46.720  48.920 0.0000000000
31565  -42.543  -46.986  48.508 0.0000000000
32567  -42.827  -46.514  47.944 0.0000000000
32549  -43.073  -46.461  48.976 0.0000000000
32588  -43.434  -45.940  47.302 0.0000000000
127573  -45.175  -44.768  46.737 0.0000000000
127579  -45.161  -44.940  46.017 0.0000000000
35574  -46.254  -43.110  45.187 0.0000000000
35595  -46.313  -42.959  44.267 0.0000000000
127714  -47.353  -42.059  42.155 0.0000000000
127703  -48.275  -41.985  42.610 0.0000000000
38441  -48.773  -40.428  41.286 0.0000000000
38442  -49.312  -40.311  41.729 0.0000000000
39265  -48.693  -39.799  41.164 0.0000000000
39277  -48.425  -39.330  40.991 0.0000000000
40153  -48.533  -38.318  40.941 0.0000000000
46484  -51.175  -33.019  40.707 0.0000000000
46503  -50.767  -33.041  40.042 0.0000000000
46502  -50.528  -32.794  39.425 0.0000000000
46501  -50.167  -32.341  38.967 0.0000000000
47599  -49.671  -31.859  39.377 0.0000000000
47533  -50.882  -31.528  43.180 0.0000000000
47550  -50.681  -31.794  42.348 0.0000000000
47549  -49.890  -31.440  42.089 0.0000000000
48611  -49.212  -31.164  39.800 0.0000000000
50549  -48.717  -29.213  40.748 0.0000000000
50578  -48.917  -28.272  39.231 0.0000000000
51618  -49.293  -27.715  38.951 0.0000000000
51545  -50.429  -27.787  42.012 0.0000000000
52615  -50.393  -27.317  41.737 0.0000000000
51563  -50.626  -26.943  41.460 0.0000000000
52669  -51.098  -26.530  37.866 0.0000000000
52690  -50.796  -26.675  36.953 0.0000000000
51601  -53.666  -26.913  39.464 0.0000000000
52672  -54.018  -26.446  38.551 0.0000000000
52671  -53.264  -26.422  38.401 0.0000000000
55005  -52.726  -24.493  34.674 0.0000000000
56154  -53.086  -23.039  33.719 0.0000000000
56071  -57.974  -23.832  38.839 0.0000000000
57216  -57.532  -22.912  37.732 0.0000000000
56070  -57.740  -23.488  38.315 0.0000000000
54974  -56.503  -24.559  37.748 0.0000000000
54989  -55.294  -24.243  36.780 0.0000000000
56106  -55.356  -23.832  36.404 0.0000000000
56105  -54.749  -23.853  36.008 0.0000000000
56142  -53.881  -23.227  34.753 0.0000000000
57274  -53.212  -22.349  33.241 0.0000000000
58410  -53.615  -21.735  32.966 0.0000000000
58425  -54.112  -21.319  32.639 0.0000000000
60639  -55.859  -20.106  33.700 0.0000000000
60641  -57.331  -19.657  33.951 0.0000000000
59491  -56.135  -20.295  33.246 0.0000000000
59400  -60.373  -19.585  37.965 0.0000000000
59450  -61.941  -20.176  37.405 0.0000000000
59449  -61.043  -20.013  36.860 0.0000000000
58386  -60.529  -21.024  35.752 0.0000000000
59479  -61.793  -20.319  34.762 0.0000000000
33579  -28.401  -46.098  48.169 0.0000000000
33599  -28.507  -46.176  47.317 0.0000000000
33723  -28.575  -46.034  40.555 0.0000000000
32669  -33.028  -46.412  42.700 0.0000000000
33713  -33.145  -46.100  41.519 0.0000000000
31579  -36.946  -48.022  47.179 0.0000000000
30617  -38.344  -49.275  45.239 0.0000000000
31612  -38.171  -48.024  44.800 0.0000000000
30637  -39.318  -48.501  43.698 0.0000000000
29659  -38.449  -49.436  45.054 0.0000000000
29678  -38.771  -50.012  43.654 0.0000000000
29694  -38.271  -49.329  42.097 0.0000000000
127559  -37.125  -48.547  39.985 0.0000000000
32699  -37.260  -46.045  40.498 0.0000000000
127518  -38.047  -46.860  40.047 0.0000000000
127519  -38.054  -47.032  39.428 0.0000000000
127509  -39.427  -47.947  39.909 0.0000000000
127569  -40.187  -48.452  39.825 0.0000000000
127505  -40.045  -48.287  39.502 0.0000000000
127500  -40.337  -48.812  39.746 0.0000000000
127495  -40.300  -49.998  39.682 0.0000000000
28675  -39.894  -50.223  39.815 0.0000000000
127492  -39.417  -50.035  40.128 0.0000000000
127507  -37.147  -48.630  39.688 0.0000000000
28630  -36.492  -50.571  48.616 0.0000000000
28659  -40.162  -50.263  41.472 0.0000000000
28680  -39.966  -50.055  39.234 0.0000000000
29671  -39.562  -49.839  43.604 0.0000000000
29687  -40.418  -49.914  42.111 0.0000000000
29688  -40.881  -49.561  41.901 0.0000000000
30596  -36.910  -48.763  47.362 0.0000000000
30639  -39.804  -49.586  43.606 0.0000000000
30651  -40.731  -49.429  42.222 0.0000000000
30659  -40.196  -48.506  42.029 0.0000000000
30668  -41.059  -48.887  41.519 0.0000000000
31562  -36.812  -48.714  48.086 0.0000000000
31564  -41.939  -47.079  48.789 0.0000000000
31566  -43.010  -46.851  48.270 0.0000000000
31644  -40.081  -48.491  41.808 0.0000000000
32601  -28.790  -46.435  46.214 0.0000000000
32602  -29.063  -46.847  46.424 0.0000000000
32604  -43.843  -45.802  46.762 0.0000000000
32632  -35.415  -47.727  44.189 0.0000000000
32633  -35.681  -47.768  43.982 0.0000000000
32654  -35.702  -47.790  43.737 0.0000000000
33567  -39.558  -46.125  49.093 0.0000000000
33631  -37.999  -45.632  46.937 0.0000000000
33699  -34.110  -46.057  41.930 0.0000000000
33714  -33.829  -46.067  41.370 0.0000000000
33728  -33.804  -46.116  40.960 0.0000000000
34571  -44.520  -44.690  48.086 0.0000000000
34589  -40.469  -44.803  47.280 0.0000000000
34690  -32.902  -46.052  41.140 0.0000000000
34693  -45.327  -43.550  41.881 0.0000000000
34694  -45.682  -43.397  41.688 0.0000000000
34702  -32.897  -46.019  40.853 0.0000000000
34703  -33.093  -46.069  40.715 0.0000000000
35695  -44.588  -42.873  40.035 0.0000000000
37624  -45.306  -41.355  36.348 0.0000000000
37633  -45.183  -41.401  36.081 0.0000000000
38470  -45.956  -40.291  39.025 0.0000000000
38479  -44.824  -40.305  37.167 0.0000000000
38498  -38.451  -39.820  35.628 0.0000000000
39334  -44.563  -39.751  34.133 0.0000000000
42145  -40.648  -36.092  32.818 0.0000000000
45335  -50.583  -33.282  39.647 0.0000000000
46516  -50.321  -32.808  38.739 0.0000000000
49552  -49.699  -29.750  43.004 0.0000000000
49585  -48.751  -30.049  40.771 0.0000000000
49586  -48.919  -30.302  41.034 0.0000000000
51562  -50.209  -27.587  41.521 0.0000000000
51568  -55.210  -25.722  40.918 0.0000000000
51622  -54.089  -26.956  38.971 0.0000000000
51623  -54.418  -26.479  38.913 0.0000000000
52595  -56.537  -25.343  42.187 0.0000000000
52601  -50.392  -27.534  41.891 0.0000000000
52602  -50.391  -27.364  42.085 0.0000000000
52616  -50.417  -27.115  41.893 0.0000000000
52619  -53.486  -26.271  41.760 0.0000000000
52621  -55.778  -25.586  41.173 0.0000000000
52633  -55.355  -26.097  39.979 0.0000000000
52634  -56.065  -25.374  40.430 0.0000000000
52654  -56.416  -25.301  40.295 0.0000000000
52674  -55.405  -25.811  38.782 0.0000000000
53748  -53.388  -26.313  38.911 0.0000000000
53749  -53.436  -26.474  39.070 0.0000000000
53766  -53.496  -26.455  38.686 0.0000000000
53767  -53.579  -26.606  38.852 0.0000000000
53768  -55.831  -25.485  38.399 0.0000000000
53769  -56.328  -25.137  38.689 0.0000000000
54975  -56.967  -24.331  38.051 0.0000000000
57199  -57.859  -23.091  38.239 0.0000000000
58383  -54.918  -21.855  35.090 0.0000000000
59402  -61.726  -19.797  38.039 0.0000000000
59429  -61.811  -20.096  37.912 0.0000000000
60556  -58.564  -19.510  38.087 0.0000000000
60558  -60.846  -19.463  37.569 0.0000000000
60560  -62.036  -19.886  37.950 0.0000000000
60584  -61.171  -19.031  36.973 0.0000000000
60586  -62.042  -19.744  37.624 0.0000000000
60603  -62.052  -19.827  37.032 0.0000000000
61719  -58.589  -19.217  37.981 0.0000000000
61720  -58.756  -19.275  38.133 0.0000000000
61737  -58.700  -19.355  37.815 0.0000000000
61738  -58.841  -19.114  37.927 0.0000000000
61740  -61.162  -19.536  36.819 0.0000000000
61766  -61.373  -19.358  34.470 0.0000000000
127447  -33.416  -49.719  48.948 0.0000000000
127449  -33.650  -49.660  48.751 0.0000000000
127486  -40.395  -50.117  41.034 0.0000000000
127496  -41.029  -49.332  41.445 0.0000000000
127497  -40.416  -49.472  39.454 0.0000000000
127561  -36.498  -48.237  39.608 0.0000000000
127562  -36.787  -48.474  39.682 0.0000000000
127563  -37.498  -48.640  39.962 0.0000000000
127564  -35.890  -47.512  39.552 0.0000000000
127565  -36.072  -47.680  39.495 0.0000000000
127567  -36.884  -48.489  39.966 0.0000000000
127686  -39.905  -41.945  40.305 0.0000000000
127709  -42.818  -41.787  38.955 0.0000000000
127719  -41.404  -42.196  40.217 0.0000000000
127751  -46.253  -41.727  39.119 0.0000000000
