#!ascii label  , from subject sub-01 vox2ras=TkReg
1563
83379  -43.301  1.333  37.008 0.0000000000
83560  -48.770  1.984  22.344 0.0000000000
85267  -48.629  4.165  43.387 0.0000000000
83475  -47.388  1.232  28.917 0.0000000000
80441  -49.882  -1.151  34.283 0.0000000000
89131  -47.456  7.794  29.255 0.0000000000
90947  -45.517  9.146  32.415 0.0000000000
98185  -42.715  17.173  30.987 0.0000000000
75058  -43.444  -6.226  35.399 0.0000000000
83434  -44.064  1.718  32.813 0.0000000000
86341  -45.083  4.336  28.026 0.0000000000
87196  -44.299  5.841  33.940 0.0000000000
88970  -46.525  7.977  45.770 0.0000000000
89943  -49.018  8.376  39.104 0.0000000000
89933  -42.153  7.987  40.187 0.0000000000
91892  -39.810  10.907  32.634 0.0000000000
96412  -43.639  15.050  36.394 0.0000000000
86399  -50.296  5.189  20.935 0.0000000000
84339  -40.124  1.904  41.387 0.0000000000
85314  -45.296  2.873  39.366 0.0000000000
83479  -51.746  1.992  29.497 0.0000000000
82397  -48.668  0.711  33.098 0.0000000000
82383  -45.588  0.428  34.256 0.0000000000
78279  -43.882  -3.563  33.185 0.0000000000
86368  -50.598  4.317  23.859 0.0000000000
90096  -51.561  8.902  24.864 0.0000000000
89072  -48.381  7.033  36.588 0.0000000000
90964  -49.766  9.595  31.400 0.0000000000
93793  -49.403  12.414  25.816 0.0000000000
93803  -44.412  12.187  25.037 0.0000000000
94700  -40.356  14.006  25.515 0.0000000000
84377  -43.036  2.112  34.877 0.0000000000
85356  -43.237  3.882  32.860 0.0000000000
86274  -42.522  3.810  35.483 0.0000000000
92755  -45.798  11.055  44.052 0.0000000000
88994  -44.316  7.739  42.834 0.0000000000
92794  -44.526  11.560  41.496 0.0000000000
92814  -42.122  11.898  38.688 0.0000000000
84550  -49.123  3.066  20.708 0.0000000000
86220  -38.158  4.108  41.276 0.0000000000
85292  -41.274  3.356  42.070 0.0000000000
82387  -49.638  0.642  34.508 0.0000000000
82385  -47.093  0.636  34.240 0.0000000000
81401  -47.403  -0.659  34.066 0.0000000000
76115  -43.600  -5.482  34.041 0.0000000000
80402  -39.390  -1.268  35.855 0.0000000000
81329  -38.160  0.312  38.024 0.0000000000
81344  -37.340  -0.424  37.458 0.0000000000
83515  -48.067  1.631  27.359 0.0000000000
88182  -46.028  6.215  28.576 0.0000000000
87272  -46.926  5.174  25.774 0.0000000000
89159  -48.235  7.170  25.804 0.0000000000
88229  -51.466  6.901  23.689 0.0000000000
90087  -49.391  8.894  27.324 0.0000000000
84344  -46.826  3.034  41.237 0.0000000000
87176  -46.764  5.816  38.661 0.0000000000
87167  -48.753  5.885  39.869 0.0000000000
89995  -46.939  8.530  35.924 0.0000000000
90006  -48.968  8.845  35.136 0.0000000000
90962  -48.085  10.159  31.762 0.0000000000
91963  -49.280  10.802  28.758 0.0000000000
91961  -47.113  10.682  28.908 0.0000000000
93805  -46.595  12.214  25.367 0.0000000000
92870  -44.882  10.853  28.147 0.0000000000
94659  -39.860  13.721  32.193 0.0000000000
93766  -40.284  12.261  29.203 0.0000000000
95598  -40.249  15.097  28.999 0.0000000000
97368  -40.144  16.790  26.121 0.0000000000
98215  -41.693  17.997  28.037 0.0000000000
83459  -44.962  1.005  30.483 0.0000000000
84471  -45.957  1.864  28.254 0.0000000000
84431  -44.302  2.407  30.500 0.0000000000
87218  -44.865  5.138  30.339 0.0000000000
88142  -46.038  6.435  31.268 0.0000000000
87090  -48.855  5.660  45.088 0.0000000000
88045  -51.156  6.649  42.227 0.0000000000
88041  -47.603  6.004  42.536 0.0000000000
89042  -45.092  7.044  39.356 0.0000000000
89978  -43.758  8.496  36.395 0.0000000000
90944  -42.569  9.093  32.156 0.0000000000
90911  -41.439  9.293  36.010 0.0000000000
94638  -40.733  13.297  35.485 0.0000000000
96440  -43.088  15.422  33.727 0.0000000000
88244  -49.889  6.696  21.292 0.0000000000
83368  -41.983  1.193  39.109 0.0000000000
84365  -43.460  2.233  38.321 0.0000000000
83334  -42.663  1.681  40.781 0.0000000000
84322  -43.807  2.387  42.089 0.0000000000
85263  -44.538  3.753  43.677 0.0000000000
88984  -43.281  7.354  43.922 0.0000000000
87086  -45.834  5.485  45.952 0.0000000000
84454  -49.431  2.877  29.151 0.0000000000
84415  -50.870  2.326  30.741 0.0000000000
82415  -48.834  0.779  31.036 0.0000000000
82403  -45.989  1.460  32.825 0.0000000000
83416  -45.222  1.302  33.927 0.0000000000
78268  -50.825  -2.856  34.784 0.0000000000
76089  -46.514  -5.390  35.909 0.0000000000
77185  -47.459  -4.659  34.109 0.0000000000
78294  -47.071  -2.851  32.734 0.0000000000
80435  -44.457  -1.758  33.305 0.0000000000
82359  -42.171  0.250  37.082 0.0000000000
81481  -50.214  0.647  24.252 0.0000000000
85429  -47.282  3.097  25.945 0.0000000000
84512  -50.212  2.218  24.821 0.0000000000
84522  -50.988  2.342  23.303 0.0000000000
86382  -52.306  4.636  22.796 0.0000000000
88247  -52.416  6.503  22.106 0.0000000000
92041  -52.290  9.778  22.638 0.0000000000
87185  -43.830  5.279  36.659 0.0000000000
88124  -45.575  6.362  35.371 0.0000000000
88139  -47.555  7.521  32.901 0.0000000000
89061  -51.523  7.849  37.345 0.0000000000
89089  -49.741  8.183  34.236 0.0000000000
90053  -49.088  9.239  29.962 0.0000000000
91001  -50.443  10.041  28.444 0.0000000000
92000  -51.512  10.670  25.314 0.0000000000
92963  -50.634  11.362  23.000 0.0000000000
91956  -42.311  10.783  28.436 0.0000000000
92911  -41.615  12.378  25.517 0.0000000000
94721  -41.235  14.747  22.538 0.0000000000
95625  -39.538  15.037  23.731 0.0000000000
96489  -38.622  15.886  25.792 0.0000000000
83385  -42.693  1.791  36.061 0.0000000000
84382  -42.640  2.735  34.725 0.0000000000
84373  -42.761  2.344  36.511 0.0000000000
91839  -44.912  10.642  42.739 0.0000000000
94609  -44.581  13.024  40.279 0.0000000000
84528  -49.272  2.420  22.125 0.0000000000
81391  -49.956  -0.020  34.765 0.0000000000
81389  -47.835  0.021  34.489 0.0000000000
81403  -48.736  -0.652  34.200 0.0000000000
79316  -38.164  -2.386  36.077 0.0000000000
80391  -38.304  -1.110  36.792 0.0000000000
83498  -47.837  1.336  28.139 0.0000000000
88183  -46.851  6.977  28.877 0.0000000000
88200  -47.344  6.548  26.765 0.0000000000
89146  -47.529  7.277  27.313 0.0000000000
89153  -48.496  7.659  26.102 0.0000000000
90065  -47.933  8.341  28.583 0.0000000000
85278  -47.796  3.431  42.545 0.0000000000
86240  -47.797  4.221  40.881 0.0000000000
87135  -49.218  4.994  41.293 0.0000000000
90016  -46.365  8.808  33.987 0.0000000000
90017  -47.173  8.834  34.240 0.0000000000
90948  -46.764  9.425  32.903 0.0000000000
91911  -47.571  10.528  30.679 0.0000000000
90987  -46.633  10.363  30.006 0.0000000000
91960  -46.269  10.480  28.904 0.0000000000
91928  -45.092  10.011  30.282 0.0000000000
96448  -41.376  15.979  32.218 0.0000000000
95589  -39.687  14.438  30.406 0.0000000000
96463  -41.267  16.198  30.395 0.0000000000
97348  -40.937  16.653  29.065 0.0000000000
97350  -42.038  17.188  30.169 0.0000000000
82411  -44.620  1.178  31.304 0.0000000000
83458  -44.460  1.530  30.668 0.0000000000
84413  -44.005  2.340  31.320 0.0000000000
86286  -43.589  4.378  32.713 0.0000000000
86290  -44.227  4.382  31.825 0.0000000000
87204  -44.577  5.306  32.234 0.0000000000
87208  -45.277  5.814  30.806 0.0000000000
87201  -45.159  6.216  32.639 0.0000000000
88006  -47.091  6.979  45.770 0.0000000000
87108  -47.981  5.571  43.748 0.0000000000
88026  -46.238  6.600  43.954 0.0000000000
89008  -43.118  8.000  41.590 0.0000000000
88073  -44.938  6.587  40.808 0.0000000000
89054  -43.342  7.209  38.951 0.0000000000
89965  -44.111  7.896  37.509 0.0000000000
89952  -42.908  8.007  38.313 0.0000000000
89977  -42.481  8.814  36.097 0.0000000000
90902  -42.036  8.763  37.958 0.0000000000
94627  -42.928  13.733  38.154 0.0000000000
93716  -41.449  12.682  37.044 0.0000000000
95540  -42.893  14.073  36.624 0.0000000000
95552  -42.173  14.608  34.494 0.0000000000
96417  -43.515  15.402  35.297 0.0000000000
88253  -50.234  6.141  20.815 0.0000000000
83351  -41.783  1.292  39.792 0.0000000000
83352  -42.681  1.534  39.907 0.0000000000
82310  -41.763  1.365  40.986 0.0000000000
86224  -41.429  4.252  42.249 0.0000000000
84303  -42.496  2.828  41.819 0.0000000000
85274  -42.649  3.172  42.192 0.0000000000
84305  -44.761  2.477  42.878 0.0000000000
85262  -43.672  3.587  43.210 0.0000000000
89899  -42.865  8.534  43.715 0.0000000000
88013  -44.149  6.576  45.006 0.0000000000
88969  -44.516  7.677  45.732 0.0000000000
87988  -46.346  6.787  46.701 0.0000000000
89868  -45.275  8.557  46.831 0.0000000000
84474  -50.661  3.000  28.986 0.0000000000
85396  -51.803  3.744  29.461 0.0000000000
83454  -50.941  1.819  31.485 0.0000000000
82417  -50.001  1.133  31.675 0.0000000000
83452  -49.668  1.774  30.501 0.0000000000
82405  -48.196  0.517  32.409 0.0000000000
82414  -47.505  0.386  31.540 0.0000000000
82384  -46.366  0.509  34.394 0.0000000000
83417  -46.022  1.527  34.161 0.0000000000
83399  -45.386  1.016  34.262 0.0000000000
76087  -44.218  -6.235  35.546 0.0000000000
76117  -45.623  -4.912  33.815 0.0000000000
77199  -45.696  -4.093  33.141 0.0000000000
78282  -47.215  -3.553  33.193 0.0000000000
78281  -45.596  -3.164  32.728 0.0000000000
79355  -45.889  -2.263  33.040 0.0000000000
79353  -44.136  -2.563  33.017 0.0000000000
82346  -41.278  0.520  37.800 0.0000000000
82345  -40.227  0.410  37.412 0.0000000000
81480  -49.616  0.399  24.525 0.0000000000
85408  -45.099  3.010  28.064 0.0000000000
84491  -46.604  2.793  26.846 0.0000000000
85427  -45.934  3.708  26.885 0.0000000000
87280  -48.333  5.182  24.634 0.0000000000
85445  -48.389  3.732  24.642 0.0000000000
85447  -50.173  3.218  24.257 0.0000000000
84514  -51.261  2.391  24.215 0.0000000000
85449  -51.302  3.240  24.097 0.0000000000
85467  -52.168  3.702  22.781 0.0000000000
86375  -51.743  4.517  23.460 0.0000000000
90106  -51.528  8.252  24.448 0.0000000000
89181  -52.241  7.215  23.565 0.0000000000
89171  -52.484  7.911  23.724 0.0000000000
89193  -52.744  8.218  22.677 0.0000000000
91052  -52.753  9.062  23.921 0.0000000000
84366  -44.212  2.126  38.769 0.0000000000
86257  -43.269  4.015  37.730 0.0000000000
86253  -44.761  4.117  38.689 0.0000000000
88108  -47.141  6.631  37.743 0.0000000000
88115  -45.990  6.502  36.512 0.0000000000
88125  -46.958  6.781  35.850 0.0000000000
88133  -47.042  6.957  33.856 0.0000000000
88134  -47.595  7.254  34.475 0.0000000000
89030  -50.357  7.762  40.425 0.0000000000
89048  -51.151  7.487  39.669 0.0000000000
89958  -50.520  8.404  38.488 0.0000000000
90939  -49.851  9.320  33.414 0.0000000000
90008  -49.992  8.684  34.113 0.0000000000
90028  -50.062  8.747  33.007 0.0000000000
89106  -49.082  8.473  32.051 0.0000000000
90043  -49.516  9.303  31.332 0.0000000000
90067  -49.523  9.335  29.328 0.0000000000
90979  -50.394  9.861  30.242 0.0000000000
92889  -49.735  11.424  27.250 0.0000000000
92891  -51.024  11.165  27.514 0.0000000000
92917  -50.512  12.416  25.841 0.0000000000
92931  -51.132  11.756  24.062 0.0000000000
93826  -50.486  12.185  24.054 0.0000000000
93859  -49.216  12.489  22.841 0.0000000000
94715  -49.177  13.369  24.163 0.0000000000
93804  -45.360  12.302  25.063 0.0000000000
93838  -46.658  13.157  23.645 0.0000000000
90943  -41.680  9.402  32.276 0.0000000000
91926  -42.566  10.331  30.290 0.0000000000
91925  -41.292  10.748  29.934 0.0000000000
94690  -40.064  13.049  27.367 0.0000000000
92880  -41.061  11.914  27.320 0.0000000000
93799  -40.629  13.147  25.065 0.0000000000
94708  -41.567  14.272  23.739 0.0000000000
95626  -40.818  15.211  23.794 0.0000000000
95633  -40.344  15.178  23.362 0.0000000000
96503  -40.413  15.940  24.404 0.0000000000
98230  -40.281  17.281  26.590 0.0000000000
97367  -39.730  16.769  26.072 0.0000000000
98228  -39.561  17.293  26.591 0.0000000000
96483  -38.549  15.710  26.933 0.0000000000
83414  -43.681  1.981  33.561 0.0000000000
84399  -43.724  2.377  32.744 0.0000000000
84383  -43.229  2.610  34.073 0.0000000000
85343  -42.860  3.521  34.320 0.0000000000
87195  -43.633  5.242  34.431 0.0000000000
88986  -45.479  7.733  44.154 0.0000000000
90853  -44.977  9.785  43.316 0.0000000000
90863  -43.605  9.211  42.340 0.0000000000
90877  -42.768  9.537  41.176 0.0000000000
90888  -41.764  10.023  39.947 0.0000000000
92799  -43.402  11.574  40.486 0.0000000000
95518  -43.992  14.148  39.190 0.0000000000
86389  -50.250  4.663  21.182 0.0000000000
84317  -39.099  3.013  41.175 0.0000000000
84318  -40.135  2.424  41.693 0.0000000000
85290  -39.393  3.539  41.679 0.0000000000
83402  -48.954  1.256  33.959 0.0000000000
82396  -47.837  0.644  33.534 0.0000000000
82386  -48.574  0.720  34.110 0.0000000000
81388  -46.861  -0.049  34.520 0.0000000000
81387  -46.010  -0.129  34.034 0.0000000000
76102  -43.481  -5.904  34.968 0.0000000000
77195  -41.807  -4.583  34.164 0.0000000000
81356  -39.407  -0.492  36.353 0.0000000000
81346  -39.083  0.401  36.986 0.0000000000
81355  -38.739  -0.541  36.677 0.0000000000
81328  -37.226  0.123  38.267 0.0000000000
87243  -45.549  5.322  28.480 0.0000000000
87263  -45.918  5.010  26.999 0.0000000000
87256  -46.831  5.938  26.910 0.0000000000
87273  -47.682  5.562  25.275 0.0000000000
88217  -48.979  6.589  24.610 0.0000000000
88219  -50.960  6.401  23.801 0.0000000000
89167  -49.628  7.192  24.581 0.0000000000
89161  -50.040  7.857  24.978 0.0000000000
91040  -50.242  9.348  25.824 0.0000000000
84357  -46.224  2.763  40.270 0.0000000000
86245  -45.652  4.350  39.352 0.0000000000
86246  -46.426  4.185  39.927 0.0000000000
87177  -48.106  5.817  38.921 0.0000000000
88101  -48.611  6.512  38.366 0.0000000000
89968  -47.357  8.684  37.510 0.0000000000
89969  -48.360  8.554  37.546 0.0000000000
90920  -48.008  8.742  35.541 0.0000000000
90938  -49.083  9.601  33.608 0.0000000000
90950  -49.310  9.647  32.531 0.0000000000
91933  -49.912  10.467  30.704 0.0000000000
91932  -48.995  10.469  30.513 0.0000000000
91962  -48.091  10.579  28.856 0.0000000000
92887  -47.826  11.258  27.435 0.0000000000
93806  -47.847  12.426  25.078 0.0000000000
92903  -47.256  11.585  26.711 0.0000000000
92902  -46.272  11.565  26.542 0.0000000000
92884  -44.577  11.143  27.346 0.0000000000
92835  -40.099  12.386  32.680 0.0000000000
92844  -40.366  11.763  30.541 0.0000000000
93756  -39.473  12.830  30.517 0.0000000000
94684  -39.701  13.617  28.977 0.0000000000
95609  -39.726  14.623  27.531 0.0000000000
96496  -40.369  15.976  25.429 0.0000000000
96485  -39.849  15.535  27.543 0.0000000000
98214  -40.740  17.382  27.995 0.0000000000
98224  -41.241  18.466  27.493 0.0000000000
82429  -46.160  0.774  29.976 0.0000000000
83497  -46.653  1.520  28.310 0.0000000000
83473  -45.250  1.306  29.675 0.0000000000
84451  -44.586  2.631  29.507 0.0000000000
85393  -44.543  3.471  29.231 0.0000000000
85362  -44.045  3.613  31.899 0.0000000000
86299  -44.489  4.367  30.723 0.0000000000
86311  -45.179  4.863  29.422 0.0000000000
87219  -45.324  5.655  29.972 0.0000000000
88155  -45.861  6.296  30.286 0.0000000000
88156  -46.692  7.073  30.678 0.0000000000
86188  -48.790  4.773  44.489 0.0000000000
86204  -50.237  4.904  43.142 0.0000000000
87111  -50.165  5.635  43.313 0.0000000000
88043  -49.859  6.611  42.403 0.0000000000
88076  -48.381  7.101  40.813 0.0000000000
88039  -45.271  6.875  42.787 0.0000000000
88074  -46.162  6.633  40.837 0.0000000000
89044  -47.316  7.550  39.674 0.0000000000
89064  -45.848  8.245  38.080 0.0000000000
89979  -44.974  8.492  36.576 0.0000000000
90015  -45.211  8.659  33.938 0.0000000000
90946  -44.462  9.087  32.258 0.0000000000
90001  -43.423  8.615  34.430 0.0000000000
90918  -42.049  9.189  34.641 0.0000000000
91894  -41.169  10.175  34.004 0.0000000000
91876  -41.083  10.781  38.172 0.0000000000
92820  -40.491  11.562  36.308 0.0000000000
92826  -40.407  11.590  34.211 0.0000000000
94653  -40.984  13.794  33.966 0.0000000000
95573  -41.890  15.092  32.732 0.0000000000
97321  -42.841  16.343  32.183 0.0000000000
83375  -42.718  1.263  38.338 0.0000000000
84371  -43.097  2.223  37.401 0.0000000000
83370  -43.509  1.533  39.063 0.0000000000
83371  -44.236  1.688  39.486 0.0000000000
83312  -41.802  2.085  41.513 0.0000000000
83335  -43.690  2.199  41.022 0.0000000000
83336  -44.862  2.016  41.117 0.0000000000
83316  -45.567  2.444  41.609 0.0000000000
84306  -45.555  2.943  42.665 0.0000000000
85265  -46.737  3.523  43.436 0.0000000000
87105  -42.801  5.556  43.225 0.0000000000
87107  -44.086  5.232  44.077 0.0000000000
86184  -45.285  4.798  44.458 0.0000000000
86186  -47.183  4.631  44.845 0.0000000000
86178  -47.790  5.203  45.436 0.0000000000
87990  -47.538  6.851  47.112 0.0000000000
89871  -47.405  8.485  46.931 0.0000000000
84453  -49.258  2.549  28.617 0.0000000000
82432  -48.569  1.408  29.404 0.0000000000
84416  -51.735  2.422  31.203 0.0000000000
84434  -51.519  2.612  30.320 0.0000000000
84432  -49.894  2.806  29.779 0.0000000000
83451  -49.263  1.365  30.023 0.0000000000
82431  -48.062  1.022  29.457 0.0000000000
82423  -46.737  0.534  30.703 0.0000000000
82413  -46.241  0.426  31.832 0.0000000000
82402  -45.187  1.299  32.572 0.0000000000
82395  -46.706  1.274  33.726 0.0000000000
83436  -45.717  1.639  33.592 0.0000000000
83415  -44.349  1.511  33.797 0.0000000000
76091  -48.746  -5.232  35.789 0.0000000000
76104  -45.550  -5.355  34.857 0.0000000000
76105  -46.724  -4.984  34.648 0.0000000000
76107  -48.612  -5.067  35.091 0.0000000000
78266  -49.234  -3.860  34.065 0.0000000000
78284  -49.124  -3.145  33.295 0.0000000000
79358  -48.982  -2.055  33.609 0.0000000000
80447  -47.493  -1.597  33.086 0.0000000000
80437  -46.146  -1.443  33.482 0.0000000000
81386  -44.898  -0.526  33.985 0.0000000000
82348  -43.194  0.983  37.499 0.0000000000
82347  -42.448  0.971  37.998 0.0000000000
82335  -41.465  0.915  38.918 0.0000000000
83350  -41.057  1.260  40.085 0.0000000000
83330  -39.215  2.051  40.714 0.0000000000
81490  -48.454  -0.347  23.720 0.0000000000
81491  -49.340  0.546  23.903 0.0000000000
81502  -49.546  1.051  23.769 0.0000000000
84484  -47.280  2.069  27.334 0.0000000000
84492  -47.512  2.395  26.636 0.0000000000
85436  -47.095  3.734  25.792 0.0000000000
85438  -48.822  3.011  25.069 0.0000000000
84503  -49.449  2.202  25.260 0.0000000000
83537  -51.244  1.455  25.235 0.0000000000
81493  -50.394  1.087  24.030 0.0000000000
83562  -50.107  2.070  23.301 0.0000000000
84529  -49.899  2.696  22.446 0.0000000000
85466  -51.458  3.848  22.335 0.0000000000
86391  -51.929  4.837  21.757 0.0000000000
87291  -51.941  5.427  23.310 0.0000000000
87298  -52.479  5.653  22.409 0.0000000000
87307  -51.585  5.750  21.343 0.0000000000
89199  -51.547  7.176  21.717 0.0000000000
90130  -51.202  7.978  22.056 0.0000000000
90123  -50.876  8.458  22.349 0.0000000000
86256  -42.930  3.614  37.221 0.0000000000
86266  -43.054  4.656  36.107 0.0000000000
87191  -43.609  5.430  35.570 0.0000000000
87181  -44.680  5.509  37.518 0.0000000000
88114  -44.937  6.059  36.512 0.0000000000
87193  -45.165  5.943  34.372 0.0000000000
88132  -45.949  6.808  33.224 0.0000000000
88143  -46.982  7.100  31.792 0.0000000000
89118  -47.256  7.670  30.889 0.0000000000
87155  -50.465  5.761  40.994 0.0000000000
88103  -50.238  6.974  38.645 0.0000000000
89068  -49.973  7.503  37.399 0.0000000000
89984  -50.358  8.276  36.751 0.0000000000
89074  -50.067  7.934  36.401 0.0000000000
89083  -49.266  7.433  35.435 0.0000000000
89094  -49.119  7.901  33.666 0.0000000000
89105  -47.865  8.139  31.704 0.0000000000
90052  -48.137  8.575  29.624 0.0000000000
90066  -48.865  8.752  28.980 0.0000000000
91029  -50.604  9.897  26.390 0.0000000000
91964  -50.224  10.517  28.677 0.0000000000
91977  -51.058  10.723  27.613 0.0000000000
91042  -51.773  9.598  25.176 0.0000000000
92017  -51.942  10.713  24.269 0.0000000000
92040  -51.619  10.355  22.836 0.0000000000
94713  -48.051  13.463  23.755 0.0000000000
91927  -43.867  10.134  30.584 0.0000000000
92869  -43.983  11.288  28.140 0.0000000000
92883  -43.645  11.347  27.235 0.0000000000
92859  -41.428  11.250  28.509 0.0000000000
92882  -42.677  11.446  27.087 0.0000000000
92913  -43.178  11.787  25.339 0.0000000000
93818  -42.515  12.864  24.050 0.0000000000
95645  -42.179  14.844  21.838 0.0000000000
93850  -40.987  13.472  22.402 0.0000000000
97375  -40.149  16.390  24.951 0.0000000000
96494  -39.306  15.892  24.820 0.0000000000
98187  -44.565  17.304  31.297 0.0000000000
98196  -43.736  18.104  30.047 0.0000000000
98217  -43.263  18.595  28.292 0.0000000000
99087  -41.785  19.023  27.612 0.0000000000
99947  -41.184  19.571  27.625 0.0000000000
83378  -43.007  1.634  36.474 0.0000000000
84374  -43.113  1.841  36.874 0.0000000000
80425  -50.499  -0.825  34.630 0.0000000000
80424  -49.575  -0.645  34.363 0.0000000000
80423  -49.167  -0.649  34.271 0.0000000000
80440  -49.021  -1.055  34.121 0.0000000000
89141  -47.409  7.469  28.235 0.0000000000
90076  -47.731  8.182  27.559 0.0000000000
85296  -48.332  3.719  42.205 0.0000000000
86210  -48.749  4.017  42.281 0.0000000000
90027  -45.776  8.859  33.243 0.0000000000
90960  -46.098  9.595  31.578 0.0000000000
90976  -46.979  10.543  30.473 0.0000000000
91929  -45.763  9.820  30.235 0.0000000000
90974  -45.530  9.651  30.773 0.0000000000
97319  -41.655  16.293  31.807 0.0000000000
96456  -41.021  15.905  31.271 0.0000000000
96457  -41.430  16.295  30.871 0.0000000000
83449  -44.261  1.553  31.690 0.0000000000
84400  -43.947  2.336  32.164 0.0000000000
87199  -43.784  5.210  33.407 0.0000000000
87203  -44.030  5.142  32.720 0.0000000000
87200  -44.425  5.737  33.057 0.0000000000
88979  -46.534  7.307  45.549 0.0000000000
88015  -46.808  6.678  45.196 0.0000000000
88987  -46.216  7.262  44.770 0.0000000000
89024  -42.757  7.701  40.903 0.0000000000
89040  -43.095  7.400  39.971 0.0000000000
89941  -42.543  7.698  39.297 0.0000000000
89953  -43.681  7.545  38.302 0.0000000000
90894  -41.990  8.682  39.142 0.0000000000
96408  -43.695  14.621  37.118 0.0000000000
94636  -42.583  13.630  37.135 0.0000000000
95545  -43.010  14.723  35.792 0.0000000000
86398  -49.718  4.738  20.249 0.0000000000
87317  -49.920  5.523  20.529 0.0000000000
83332  -41.332  1.179  40.978 0.0000000000
86208  -41.985  4.389  43.040 0.0000000000
85273  -41.960  3.432  42.347 0.0000000000
86195  -42.403  3.953  43.223 0.0000000000
85261  -42.840  3.557  42.967 0.0000000000
86196  -42.925  4.497  43.288 0.0000000000
89884  -44.574  8.513  46.134 0.0000000000
88952  -45.192  7.740  46.338 0.0000000000
84475  -51.107  2.945  29.394 0.0000000000
84456  -51.251  2.851  29.647 0.0000000000
82416  -49.599  1.157  31.445 0.0000000000
82406  -49.168  0.789  32.252 0.0000000000
82382  -44.739  0.426  34.355 0.0000000000
77198  -44.706  -4.325  33.377 0.0000000000
78280  -44.803  -3.363  33.011 0.0000000000
77207  -46.188  -3.621  32.837 0.0000000000
82358  -41.141  0.248  36.714 0.0000000000
83536  -50.225  1.465  25.500 0.0000000000
85418  -44.873  3.551  27.974 0.0000000000
85419  -45.462  3.344  27.472 0.0000000000
86349  -45.664  4.324  27.254 0.0000000000
87281  -49.211  5.473  24.423 0.0000000000
86367  -49.697  4.396  24.203 0.0000000000
85448  -51.084  3.401  24.038 0.0000000000
86374  -51.264  4.400  23.640 0.0000000000
85458  -51.814  3.847  23.481 0.0000000000
89170  -51.989  7.780  23.964 0.0000000000
90107  -52.255  8.566  24.249 0.0000000000
90115  -52.875  8.442  23.587 0.0000000000
90097  -51.988  9.068  24.707 0.0000000000
84355  -44.820  2.244  39.423 0.0000000000
85327  -44.659  3.079  38.719 0.0000000000
85328  -45.259  3.665  39.094 0.0000000000
88117  -47.801  6.864  37.024 0.0000000000
88116  -46.950  6.710  36.802 0.0000000000
88126  -47.650  6.874  36.373 0.0000000000
89081  -47.440  7.026  35.392 0.0000000000
89082  -48.154  7.114  35.723 0.0000000000
89046  -49.360  8.230  39.682 0.0000000000
89934  -50.078  8.369  39.923 0.0000000000
90951  -49.884  9.198  32.614 0.0000000000
90940  -50.209  9.057  33.401 0.0000000000
90033  -49.705  9.012  32.138 0.0000000000
90978  -49.871  9.504  30.590 0.0000000000
90965  -50.207  9.821  30.823 0.0000000000
92905  -49.183  11.811  26.525 0.0000000000
92906  -50.271  12.203  26.529 0.0000000000
93794  -50.051  12.641  25.726 0.0000000000
93809  -50.321  12.320  25.076 0.0000000000
93808  -49.517  12.469  25.023 0.0000000000
93825  -49.611  12.807  24.271 0.0000000000
93824  -49.025  12.993  24.499 0.0000000000
92915  -44.770  11.814  25.764 0.0000000000
93820  -44.883  12.850  24.132 0.0000000000
93819  -43.641  12.390  24.354 0.0000000000
90942  -41.042  9.737  32.516 0.0000000000
91908  -41.550  10.113  31.280 0.0000000000
91897  -40.539  10.345  32.190 0.0000000000
94695  -39.992  13.633  26.702 0.0000000000
93788  -40.634  13.016  26.110 0.0000000000
94707  -40.865  14.274  24.558 0.0000000000
95619  -40.488  15.153  24.902 0.0000000000
98229  -40.070  17.381  26.473 0.0000000000
85342  -42.458  3.353  35.139 0.0000000000
86275  -42.857  4.402  35.054 0.0000000000
90854  -45.483  9.704  44.220 0.0000000000
91828  -45.510  10.554  43.681 0.0000000000
91855  -44.419  10.595  42.024 0.0000000000
90864  -44.223  9.654  42.460 0.0000000000
90879  -44.037  10.087  41.899 0.0000000000
90878  -43.469  9.629  41.829 0.0000000000
91853  -43.148  10.271  41.329 0.0000000000
91862  -42.676  10.519  40.628 0.0000000000
92793  -43.737  11.179  41.190 0.0000000000
94619  -44.997  13.825  39.785 0.0000000000
94618  -44.375  13.361  39.695 0.0000000000
95532  -44.532  14.683  38.626 0.0000000000
85475  -49.705  3.852  21.260 0.0000000000
85289  -38.497  3.670  41.398 0.0000000000
83403  -49.566  1.145  34.054 0.0000000000
81400  -46.528  -0.701  33.862 0.0000000000
80417  -40.403  -1.868  34.623 0.0000000000
80410  -39.857  -1.558  35.272 0.0000000000
81368  -39.813  -0.879  35.863 0.0000000000
87244  -45.932  5.684  27.984 0.0000000000
87255  -46.173  5.713  27.322 0.0000000000
88191  -46.285  5.986  27.920 0.0000000000
88209  -47.667  6.580  25.898 0.0000000000
87274  -48.469  5.898  24.797 0.0000000000
88210  -48.281  6.591  25.247 0.0000000000
89160  -48.928  7.553  25.322 0.0000000000
90086  -48.424  8.304  26.715 0.0000000000
90093  -48.839  8.055  26.023 0.0000000000
90094  -49.511  8.604  25.946 0.0000000000
84343  -46.507  2.469  40.912 0.0000000000
85316  -46.487  3.407  40.519 0.0000000000
85317  -47.047  3.691  40.874 0.0000000000
87153  -48.498  4.818  40.713 0.0000000000
87166  -47.491  4.967  39.950 0.0000000000
87178  -48.884  6.332  38.997 0.0000000000
89981  -47.106  8.551  36.749 0.0000000000
89996  -47.766  8.529  36.076 0.0000000000
90919  -47.528  8.608  35.753 0.0000000000
90937  -47.846  9.269  33.919 0.0000000000
90949  -48.256  9.757  32.509 0.0000000000
91900  -48.889  9.900  32.103 0.0000000000
91913  -49.256  10.153  31.534 0.0000000000
91912  -48.259  10.374  31.164 0.0000000000
91947  -47.662  10.633  29.560 0.0000000000
91974  -48.464  10.797  28.032 0.0000000000
91973  -47.456  10.736  28.151 0.0000000000
91959  -45.339  10.460  28.782 0.0000000000
92885  -45.677  10.823  27.544 0.0000000000
92901  -45.168  11.431  26.579 0.0000000000
93736  -39.999  12.917  32.420 0.0000000000
93747  -39.758  12.886  31.503 0.0000000000
94666  -39.658  13.787  31.614 0.0000000000
95590  -40.348  15.058  29.870 0.0000000000
95597  -39.802  14.433  29.436 0.0000000000
94689  -39.823  13.599  27.839 0.0000000000
95604  -39.805  14.576  28.474 0.0000000000
95605  -39.955  15.173  28.596 0.0000000000
97357  -41.157  17.154  28.671 0.0000000000
97356  -40.605  16.648  28.514 0.0000000000
98223  -40.503  17.771  27.237 0.0000000000
83472  -44.612  1.929  29.901 0.0000000000
84469  -44.652  2.904  28.924 0.0000000000
85375  -44.466  3.450  30.135 0.0000000000
85357  -43.657  3.310  32.511 0.0000000000
85358  -44.109  2.991  31.868 0.0000000000
86310  -44.765  4.417  29.649 0.0000000000
87230  -45.167  5.060  29.748 0.0000000000
87205  -45.404  5.789  31.777 0.0000000000
88171  -46.359  6.643  29.612 0.0000000000
86180  -49.015  5.133  44.715 0.0000000000
87100  -49.685  5.203  43.841 0.0000000000
87099  -49.045  5.456  44.228 0.0000000000
87120  -47.755  5.724  43.195 0.0000000000
88042  -48.805  6.285  42.657 0.0000000000
88057  -47.989  6.545  41.551 0.0000000000
88058  -49.136  7.024  41.563 0.0000000000
88995  -45.050  7.514  43.371 0.0000000000
88025  -45.461  7.147  43.586 0.0000000000
88038  -44.544  7.132  42.332 0.0000000000
88089  -44.755  6.649  39.977 0.0000000000
88090  -45.680  6.564  39.974 0.0000000000
88091  -46.655  6.787  40.045 0.0000000000
89043  -46.113  7.368  39.422 0.0000000000
89057  -46.568  8.165  38.691 0.0000000000
89056  -45.513  7.663  38.672 0.0000000000
89993  -44.701  8.546  35.616 0.0000000000
90002  -44.450  8.557  34.669 0.0000000000
90014  -44.165  8.629  33.766 0.0000000000
89992  -43.574  8.604  35.379 0.0000000000
89976  -41.745  9.002  36.536 0.0000000000
90912  -42.048  9.170  35.381 0.0000000000
90917  -41.501  9.547  35.098 0.0000000000
90924  -41.523  9.705  34.303 0.0000000000
90916  -40.875  9.891  35.441 0.0000000000
92804  -41.685  11.085  39.081 0.0000000000
91877  -41.403  10.492  38.769 0.0000000000
92813  -41.485  11.543  38.353 0.0000000000
94634  -41.403  13.299  36.477 0.0000000000
93715  -40.943  12.394  36.634 0.0000000000
93718  -40.514  12.418  35.813 0.0000000000
92823  -40.520  11.568  35.283 0.0000000000
93721  -40.359  12.544  34.890 0.0000000000
93728  -40.421  12.648  33.902 0.0000000000
94644  -40.722  13.515  34.511 0.0000000000
96428  -42.997  15.111  34.367 0.0000000000
95562  -42.472  15.003  33.556 0.0000000000
95574  -42.521  15.592  33.038 0.0000000000
95575  -42.992  15.702  33.019 0.0000000000
88252  -49.459  5.861  20.567 0.0000000000
89197  -50.192  7.210  21.946 0.0000000000
83369  -42.558  1.339  38.894 0.0000000000
83376  -43.048  1.494  38.083 0.0000000000
83353  -43.602  1.675  40.081 0.0000000000
84319  -41.138  2.521  41.897 0.0000000000
83311  -41.239  1.738  41.574 0.0000000000
84321  -42.850  2.565  41.641 0.0000000000
83314  -43.192  2.315  41.490 0.0000000000
84340  -44.445  2.207  41.604 0.0000000000
83315  -45.198  2.171  41.520 0.0000000000
84341  -44.881  2.125  41.618 0.0000000000
84294  -44.758  3.043  43.343 0.0000000000
85276  -45.657  3.217  43.133 0.0000000000
85277  -46.027  3.301  43.070 0.0000000000
85264  -45.645  3.641  43.748 0.0000000000
88037  -42.645  6.428  42.899 0.0000000000
88023  -43.116  6.446  43.523 0.0000000000
87106  -43.463  5.527  43.723 0.0000000000
88024  -43.492  6.499  44.254 0.0000000000
87085  -45.171  5.812  45.362 0.0000000000
87095  -44.668  5.567  44.679 0.0000000000
87096  -45.478  5.337  45.003 0.0000000000
86185  -46.119  4.719  44.895 0.0000000000
86176  -46.419  5.222  45.798 0.0000000000
86177  -46.972  5.122  45.730 0.0000000000
87087  -46.668  5.537  46.351 0.0000000000
88954  -46.632  7.405  47.532 0.0000000000
87071  -47.221  6.432  47.091 0.0000000000
87983  -47.294  7.366  47.621 0.0000000000
88955  -47.440  7.728  47.387 0.0000000000
89862  -47.304  8.448  47.517 0.0000000000
82450  -50.173  1.696  28.397 0.0000000000
85409  -50.051  3.574  28.978 0.0000000000
84473  -49.913  2.876  28.720 0.0000000000
83476  -48.643  1.847  28.909 0.0000000000
83477  -49.011  2.302  29.295 0.0000000000
84433  -50.617  2.834  29.901 0.0000000000
84414  -50.219  2.353  30.438 0.0000000000
82425  -48.678  0.983  29.889 0.0000000000
82424  -47.876  0.500  30.338 0.0000000000
82412  -45.119  0.978  31.841 0.0000000000
83435  -44.992  1.494  33.156 0.0000000000
79340  -50.169  -2.484  34.249 0.0000000000
76090  -47.671  -5.371  35.813 0.0000000000
76074  -49.054  -5.094  36.595 0.0000000000
76114  -42.992  -5.639  34.280 0.0000000000
76103  -44.455  -5.623  34.914 0.0000000000
76118  -46.327  -4.622  33.709 0.0000000000
76106  -47.997  -5.111  34.948 0.0000000000
77186  -48.698  -4.600  34.504 0.0000000000
78283  -47.940  -3.199  33.193 0.0000000000
79357  -48.276  -2.332  33.129 0.0000000000
79367  -47.742  -1.823  32.928 0.0000000000
79366  -47.164  -1.906  32.631 0.0000000000
80436  -45.255  -1.521  33.502 0.0000000000
81399  -45.760  -0.855  33.761 0.0000000000
80422  -44.679  -1.278  33.680 0.0000000000
81359  -42.575  -0.098  36.336 0.0000000000
81360  -43.316  -0.116  35.963 0.0000000000
82360  -43.107  0.549  36.690 0.0000000000
82334  -40.182  0.380  38.540 0.0000000000
81330  -39.118  0.203  37.919 0.0000000000
81331  -39.661  0.190  37.747 0.0000000000
83348  -38.857  1.314  40.606 0.0000000000
83349  -40.107  1.054  40.632 0.0000000000
84337  -38.598  2.565  40.803 0.0000000000
80538  -48.083  -1.019  24.134 0.0000000000
81479  -48.800  -0.443  24.596 0.0000000000
81492  -50.023  0.881  23.921 0.0000000000
84483  -46.258  2.286  27.501 0.0000000000
86357  -46.683  4.425  26.033 0.0000000000
86358  -47.297  4.455  25.434 0.0000000000
85446  -49.212  3.581  24.506 0.0000000000
85439  -49.552  2.788  24.704 0.0000000000
83545  -50.919  1.964  25.283 0.0000000000
83546  -51.219  1.940  25.120 0.0000000000
84523  -51.336  2.540  23.596 0.0000000000
83547  -51.209  1.693  24.215 0.0000000000
83554  -51.015  1.805  23.791 0.0000000000
82505  -50.224  1.315  23.689 0.0000000000
83553  -50.691  1.922  23.512 0.0000000000
84530  -50.836  2.672  22.789 0.0000000000
86381  -52.079  4.418  22.427 0.0000000000
85477  -51.315  4.499  21.862 0.0000000000
88220  -51.403  5.904  23.653 0.0000000000
88230  -51.771  6.373  23.558 0.0000000000
88238  -52.517  6.545  22.756 0.0000000000
88231  -52.300  6.446  23.224 0.0000000000
87308  -52.371  5.694  21.727 0.0000000000
88246  -51.967  6.507  21.529 0.0000000000
89200  -52.080  7.072  21.987 0.0000000000
91067  -52.713  9.245  22.684 0.0000000000
90124  -51.751  8.167  22.257 0.0000000000
91066  -51.846  9.215  22.500 0.0000000000
85331  -42.883  2.959  37.285 0.0000000000
85332  -43.211  3.161  37.932 0.0000000000
87180  -43.740  4.706  37.772 0.0000000000
86260  -43.267  4.362  36.979 0.0000000000
87164  -45.751  4.767  39.113 0.0000000000
87175  -45.432  4.975  38.666 0.0000000000
87182  -45.849  5.835  37.876 0.0000000000
88106  -45.506  6.124  37.172 0.0000000000
88123  -44.457  5.854  35.794 0.0000000000
87197  -45.095  6.259  33.552 0.0000000000
88128  -45.921  6.620  34.205 0.0000000000
89092  -47.398  7.342  33.510 0.0000000000
88138  -46.977  7.239  32.912 0.0000000000
88144  -47.510  7.527  32.455 0.0000000000
87122  -50.685  5.496  42.646 0.0000000000
87137  -50.647  5.455  41.784 0.0000000000
87156  -51.074  6.003  41.265 0.0000000000
89960  -51.329  7.882  37.726 0.0000000000
88104  -50.741  7.106  39.174 0.0000000000
89060  -50.943  7.545  38.099 0.0000000000
88111  -49.881  7.082  38.083 0.0000000000
89983  -49.164  8.313  36.705 0.0000000000
89998  -49.695  8.222  35.891 0.0000000000
89084  -49.655  7.947  35.189 0.0000000000
89088  -49.212  7.603  34.528 0.0000000000
90031  -48.821  8.667  31.390 0.0000000000
90041  -48.412  8.701  30.654 0.0000000000
91000  -50.053  9.622  28.907 0.0000000000
90078  -49.382  9.197  28.410 0.0000000000
91013  -49.970  9.595  27.922 0.0000000000
91014  -50.543  10.123  27.474 0.0000000000
91949  -49.691  10.759  29.790 0.0000000000
91950  -50.290  10.342  29.985 0.0000000000
92907  -50.832  11.502  26.787 0.0000000000
91988  -51.179  10.919  26.622 0.0000000000
91030  -51.146  10.144  25.977 0.0000000000
92001  -52.056  10.025  24.634 0.0000000000
92947  -50.965  11.704  23.458 0.0000000000
92964  -51.350  11.054  23.295 0.0000000000
91065  -50.946  9.539  23.054 0.0000000000
92962  -49.683  11.404  22.869 0.0000000000
93822  -47.269  12.931  24.143 0.0000000000
94743  -46.452  13.385  22.372 0.0000000000
94727  -46.996  13.336  23.100 0.0000000000
90945  -43.473  9.087  32.199 0.0000000000
90958  -44.019  9.547  31.461 0.0000000000
91910  -43.456  9.853  31.213 0.0000000000
91942  -42.378  10.478  29.214 0.0000000000
91943  -43.504  10.461  29.510 0.0000000000
91957  -43.249  10.780  28.640 0.0000000000
92868  -42.997  11.307  27.976 0.0000000000
93757  -40.089  12.254  30.090 0.0000000000
92851  -40.706  11.619  29.738 0.0000000000
92858  -40.800  11.648  28.786 0.0000000000
92897  -41.662  12.089  25.995 0.0000000000
92881  -41.544  11.756  26.947 0.0000000000
92898  -42.441  11.724  26.156 0.0000000000
92912  -42.212  12.244  25.294 0.0000000000
92927  -42.781  12.223  24.724 0.0000000000
95627  -41.350  14.885  23.141 0.0000000000
95644  -41.585  14.889  22.387 0.0000000000
94737  -41.342  14.329  22.014 0.0000000000
94720  -40.656  14.315  22.673 0.0000000000
94706  -39.912  14.050  23.357 0.0000000000
95624  -38.941  14.898  24.328 0.0000000000
96490  -40.269  15.924  26.503 0.0000000000
97373  -39.305  16.459  25.578 0.0000000000
95618  -38.628  14.866  25.277 0.0000000000
99067  -44.221  18.736  29.018 0.0000000000
98207  -43.387  18.344  28.794 0.0000000000
99080  -43.791  18.879  28.278 0.0000000000
99088  -42.770  19.318  27.787 0.0000000000
84376  -42.627  2.367  35.543 0.0000000000
85336  -42.477  3.289  35.977 0.0000000000
91840  -45.403  10.955  43.137 0.0000000000
92795  -45.331  12.059  41.926 0.0000000000
92800  -44.203  11.921  40.722 0.0000000000
93693  -45.319  12.962  41.318 0.0000000000
94610  -45.172  13.482  40.473 0.0000000000
95520  -45.625  14.335  39.730 0.0000000000
84541  -49.456  2.923  21.617 0.0000000000
86239  -38.356  4.826  40.886 0.0000000000
86221  -38.708  4.451  41.364 0.0000000000
82388  -50.357  0.698  35.039 0.0000000000
81390  -48.969  -0.235  34.290 0.0000000000
81402  -48.298  -0.663  34.164 0.0000000000
80401  -38.707  -1.519  36.156 0.0000000000
83499  -48.960  1.881  28.057 0.0000000000
83514  -47.213  1.771  27.728 0.0000000000
88192  -46.901  6.431  27.776 0.0000000000
89152  -47.899  7.358  26.492 0.0000000000
90085  -47.815  7.837  26.985 0.0000000000
90077  -48.559  8.718  27.917 0.0000000000
84326  -46.961  3.034  41.546 0.0000000000
85307  -47.241  3.529  41.314 0.0000000000
86225  -47.841  3.850  41.425 0.0000000000
86241  -48.361  4.335  41.031 0.0000000000
90004  -46.820  8.814  35.001 0.0000000000
90936  -47.083  8.987  33.745 0.0000000000
90961  -47.264  10.195  31.488 0.0000000000
91946  -46.843  10.556  29.577 0.0000000000
91972  -46.527  10.610  28.201 0.0000000000
91945  -45.922  10.079  29.649 0.0000000000
95572  -40.581  14.682  32.261 0.0000000000
95571  -39.862  14.197  31.922 0.0000000000
95583  -40.365  15.037  30.902 0.0000000000
96470  -40.725  15.948  29.335 0.0000000000
96471  -41.109  16.096  29.890 0.0000000000
97349  -41.358  16.844  29.626 0.0000000000
98205  -41.711  17.346  28.827 0.0000000000
82421  -44.868  0.951  31.005 0.0000000000
84412  -43.939  2.023  30.780 0.0000000000
86289  -43.879  3.948  32.107 0.0000000000
86287  -44.101  4.801  32.376 0.0000000000
87207  -44.660  5.222  31.248 0.0000000000
88008  -48.527  6.119  45.235 0.0000000000
88017  -48.684  6.077  44.766 0.0000000000
88016  -47.776  6.183  44.658 0.0000000000
88027  -47.253  5.882  43.461 0.0000000000
89009  -43.907  7.222  41.921 0.0000000000
88054  -44.725  6.730  41.820 0.0000000000
89025  -43.915  7.321  40.770 0.0000000000
88088  -44.396  6.676  39.951 0.0000000000
89063  -45.075  7.791  37.981 0.0000000000
89055  -44.407  7.356  38.607 0.0000000000
89964  -42.701  8.376  37.177 0.0000000000
89963  -41.949  8.732  36.846 0.0000000000
90906  -41.349  9.419  37.219 0.0000000000
94626  -42.557  13.145  38.538 0.0000000000
93706  -42.046  12.174  38.310 0.0000000000
94630  -42.339  13.270  37.661 0.0000000000
94635  -42.136  13.557  36.909 0.0000000000
95538  -41.456  13.732  36.218 0.0000000000
95550  -40.889  13.777  35.222 0.0000000000
95544  -42.116  14.407  35.590 0.0000000000
96416  -42.817  14.762  35.085 0.0000000000
96429  -43.734  15.779  34.168 0.0000000000
83333  -42.026  1.416  40.633 0.0000000000
82311  -42.024  1.534  41.028 0.0000000000
84320  -42.028  2.675  41.809 0.0000000000
85293  -42.788  2.876  41.794 0.0000000000
85294  -43.140  2.890  41.905 0.0000000000
85275  -43.303  2.975  42.561 0.0000000000
84293  -44.246  3.222  43.327 0.0000000000
88977  -43.483  7.357  44.664 0.0000000000
88003  -44.406  7.115  45.443 0.0000000000
88004  -45.193  6.636  45.856 0.0000000000
88005  -45.878  6.064  46.391 0.0000000000
87987  -45.750  7.274  46.398 0.0000000000
88953  -45.905  7.724  47.091 0.0000000000
83501  -50.525  2.187  28.588 0.0000000000
83502  -51.035  2.360  29.016 0.0000000000
85411  -51.324  3.899  28.815 0.0000000000
86312  -50.501  4.083  29.098 0.0000000000
83438  -50.310  1.132  32.184 0.0000000000
83453  -50.203  1.716  31.229 0.0000000000
82404  -47.047  0.639  32.730 0.0000000000
83401  -46.496  0.877  34.356 0.0000000000
83418  -46.474  1.133  34.258 0.0000000000
83400  -46.090  1.026  34.447 0.0000000000
83398  -44.388  1.104  34.624 0.0000000000
77197  -43.678  -4.659  33.438 0.0000000000
76116  -44.625  -5.234  33.901 0.0000000000
77201  -47.794  -4.117  33.543 0.0000000000
77200  -46.760  -4.136  33.369 0.0000000000
77208  -46.684  -3.453  32.916 0.0000000000
78293  -46.302  -2.990  32.625 0.0000000000
79365  -46.560  -2.372  32.719 0.0000000000
79354  -44.999  -2.415  33.014 0.0000000000
81371  -42.624  -0.294  35.421 0.0000000000
81358  -41.908  -0.013  36.529 0.0000000000
81473  -49.436  0.244  25.254 0.0000000000
82485  -50.580  0.599  25.295 0.0000000000
82493  -50.705  0.535  24.715 0.0000000000
84482  -45.445  2.689  27.854 0.0000000000
85420  -46.129  3.088  26.983 0.0000000000
85428  -46.581  3.415  26.381 0.0000000000
86365  -47.863  4.442  24.705 0.0000000000
86366  -48.768  4.470  24.498 0.0000000000
84513  -50.938  2.345  24.638 0.0000000000
84515  -51.529  3.005  23.893 0.0000000000
84524  -51.603  2.970  23.570 0.0000000000
84531  -51.607  3.002  22.896 0.0000000000
84532  -52.060  3.139  22.862 0.0000000000
85459  -52.112  3.685  23.233 0.0000000000
86376  -52.143  4.572  23.227 0.0000000000
89169  -51.253  7.556  23.988 0.0000000000
89180  -51.794  7.180  23.720 0.0000000000
89182  -52.747  7.567  23.196 0.0000000000
89192  -52.419  7.580  22.539 0.0000000000
90116  -53.116  8.448  23.068 0.0000000000
91059  -53.150  8.815  22.950 0.0000000000
91058  -53.077  9.173  23.181 0.0000000000
85326  -43.854  2.912  38.415 0.0000000000
86252  -43.724  3.994  38.493 0.0000000000
87174  -44.273  4.702  38.323 0.0000000000
87183  -46.480  6.220  37.932 0.0000000000
88107  -46.282  6.401  37.352 0.0000000000
88129  -46.946  7.035  34.890 0.0000000000
89012  -50.644  7.215  41.464 0.0000000000
89032  -51.191  6.995  40.735 0.0000000000
89047  -51.141  8.197  40.094 0.0000000000
89946  -51.098  8.130  39.466 0.0000000000
89972  -51.137  8.330  37.606 0.0000000000
90929  -49.725  9.171  34.146 0.0000000000
90007  -49.449  8.555  34.842 0.0000000000
89090  -50.089  8.345  34.043 0.0000000000
89095  -49.897  8.252  33.471 0.0000000000
89101  -49.055  8.101  32.752 0.0000000000
89102  -49.618  8.526  32.622 0.0000000000
90032  -49.322  8.897  31.663 0.0000000000
90042  -49.236  9.127  30.850 0.0000000000
90989  -49.739  9.364  30.099 0.0000000000
90990  -50.102  9.512  29.785 0.0000000000
90991  -50.431  9.981  29.393 0.0000000000
92872  -50.067  11.159  28.086 0.0000000000
92890  -50.511  11.385  27.374 0.0000000000
92918  -51.075  11.851  25.782 0.0000000000
92932  -51.377  11.500  24.654 0.0000000000
93810  -50.972  12.061  24.817 0.0000000000
93841  -50.280  12.224  23.027 0.0000000000
93860  -50.004  11.931  22.755 0.0000000000
93840  -49.599  12.738  23.492 0.0000000000
94730  -49.174  13.388  23.761 0.0000000000
93821  -46.015  12.777  24.156 0.0000000000
94726  -45.886  13.255  23.188 0.0000000000
91909  -42.820  10.003  31.140 0.0000000000
90956  -42.299  9.485  31.581 0.0000000000
93781  -40.037  12.727  27.813 0.0000000000
93775  -40.378  12.187  28.228 0.0000000000
93782  -40.612  12.420  27.174 0.0000000000
93783  -41.150  12.391  26.420 0.0000000000
93800  -41.391  12.637  24.899 0.0000000000
93817  -41.794  13.245  24.246 0.0000000000
93816  -41.171  13.468  24.435 0.0000000000
95634  -41.061  15.188  23.083 0.0000000000
96511  -40.731  15.922  23.686 0.0000000000
96502  -40.075  15.994  24.048 0.0000000000
97366  -39.125  16.595  26.509 0.0000000000
97361  -38.740  16.553  27.608 0.0000000000
83433  -43.724  2.131  33.082 0.0000000000
84389  -43.492  2.640  33.210 0.0000000000
85352  -43.152  3.566  33.335 0.0000000000
85351  -43.055  3.939  33.078 0.0000000000
86283  -43.270  4.377  33.767 0.0000000000
88978  -46.035  7.929  45.100 0.0000000000
89894  -45.623  8.759  44.729 0.0000000000
89902  -45.074  8.808  43.883 0.0000000000
89901  -44.291  8.806  43.318 0.0000000000
91827  -45.219  10.464  43.184 0.0000000000
89911  -43.739  8.688  42.682 0.0000000000
89910  -43.297  8.741  42.146 0.0000000000
89923  -42.904  8.882  41.682 0.0000000000
90889  -42.164  9.398  40.244 0.0000000000
91869  -42.338  10.810  39.972 0.0000000000
92805  -42.373  11.565  39.428 0.0000000000
93691  -43.992  12.272  40.420 0.0000000000
93698  -43.605  12.541  39.839 0.0000000000
93697  -42.870  12.502  39.345 0.0000000000
95531  -43.629  14.212  38.452 0.0000000000
95536  -44.092  14.607  37.804 0.0000000000
96409  -44.513  15.194  37.229 0.0000000000
83310  -40.625  1.666  41.430 0.0000000000
85291  -40.401  3.364  41.899 0.0000000000
86222  -39.841  4.341  41.593 0.0000000000
86223  -40.819  4.223  41.743 0.0000000000
83420  -49.458  0.889  33.211 0.0000000000
83419  -48.686  0.951  33.754 0.0000000000
75057  -43.079  -6.194  35.346 0.0000000000
76101  -42.489  -5.807  34.781 0.0000000000
77196  -42.548  -5.037  33.756 0.0000000000
82369  -40.250  -0.117  36.003 0.0000000000
82344  -39.658  0.551  36.950 0.0000000000
82356  -39.512  0.240  36.668 0.0000000000
81345  -38.238  -0.121  37.088 0.0000000000
87254  -45.718  5.079  27.680 0.0000000000
87264  -46.443  5.276  26.475 0.0000000000
87265  -47.018  5.929  26.098 0.0000000000
87282  -50.235  5.380  23.927 0.0000000000
88218  -49.889  6.416  24.174 0.0000000000
89168  -50.421  7.280  24.263 0.0000000000
89162  -50.757  7.900  24.558 0.0000000000
90095  -50.745  8.553  25.089 0.0000000000
91041  -51.018  9.398  25.554 0.0000000000
84356  -45.750  2.196  40.038 0.0000000000
85315  -45.871  3.332  39.782 0.0000000000
87165  -46.235  4.878  39.292 0.0000000000
86247  -47.024  4.109  40.463 0.0000000000
88100  -47.778  6.337  38.285 0.0000000000
88109  -48.290  6.707  37.604 0.0000000000
89066  -48.382  6.909  37.064 0.0000000000
89955  -47.537  8.583  38.354 0.0000000000
89956  -48.659  8.544  38.363 0.0000000000
89982  -48.097  8.432  36.738 0.0000000000
90921  -48.538  8.903  35.214 0.0000000000
90927  -47.840  9.133  34.971 0.0000000000
90928  -48.834  9.131  34.589 0.0000000000
90963  -49.546  9.583  31.781 0.0000000000
91914  -49.979  10.054  31.254 0.0000000000
91931  -48.061  10.630  30.276 0.0000000000
91948  -48.639  10.645  29.647 0.0000000000
91975  -49.320  10.969  27.848 0.0000000000
92888  -48.810  11.173  27.211 0.0000000000
93792  -48.510  12.139  25.827 0.0000000000
92904  -48.205  11.639  26.598 0.0000000000
93791  -47.555  12.113  26.022 0.0000000000
93790  -46.902  12.020  26.249 0.0000000000
92916  -45.608  11.832  25.844 0.0000000000
92829  -39.822  11.410  32.418 0.0000000000
91907  -40.277  10.953  30.984 0.0000000000
92843  -40.074  11.932  31.247 0.0000000000
93748  -39.930  12.278  30.806 0.0000000000
94672  -39.487  13.623  30.859 0.0000000000
94677  -39.194  13.299  30.241 0.0000000000
93774  -39.793  12.765  28.578 0.0000000000
94694  -39.802  14.067  27.230 0.0000000000
95614  -39.831  14.488  26.834 0.0000000000
95615  -40.317  14.964  26.094 0.0000000000
95610  -39.888  15.150  26.846 0.0000000000
97362  -40.392  16.627  27.392 0.0000000000
96479  -40.224  15.751  28.377 0.0000000000
83474  -46.353  1.114  29.186 0.0000000000
83496  -45.822  1.532  28.746 0.0000000000
84452  -44.949  2.062  29.446 0.0000000000
84470  -45.299  2.370  28.668 0.0000000000
85407  -44.757  3.302  28.536 0.0000000000
86326  -44.712  4.055  28.754 0.0000000000
85363  -44.310  3.367  31.213 0.0000000000
86327  -45.180  4.702  28.955 0.0000000000
88181  -45.555  5.816  28.909 0.0000000000
88170  -45.605  6.113  29.409 0.0000000000
88172  -47.006  7.321  29.869 0.0000000000
86202  -48.921  4.630  43.778 0.0000000000
85280  -49.084  4.232  43.146 0.0000000000
86203  -49.520  4.626  43.455 0.0000000000
86190  -49.994  4.991  43.721 0.0000000000
87112  -50.694  6.112  43.012 0.0000000000
87110  -49.292  5.728  43.605 0.0000000000
88029  -49.685  6.145  43.069 0.0000000000
88044  -50.691  6.828  42.347 0.0000000000
89011  -49.778  7.413  41.143 0.0000000000
89029  -49.172  7.618  40.365 0.0000000000
89045  -48.443  7.974  39.718 0.0000000000
88040  -46.455  6.220  42.624 0.0000000000
88055  -45.713  6.476  41.707 0.0000000000
88056  -46.839  6.214  41.522 0.0000000000
88075  -47.250  7.170  40.761 0.0000000000
89027  -47.432  7.165  40.339 0.0000000000
89942  -48.017  8.265  39.060 0.0000000000
89058  -47.325  8.205  38.968 0.0000000000
89967  -46.419  8.498  37.510 0.0000000000
89980  -46.109  8.462  36.654 0.0000000000
89966  -45.402  8.314  37.394 0.0000000000
89994  -45.859  8.421  35.760 0.0000000000
90003  -45.584  8.477  34.826 0.0000000000
90026  -44.841  8.814  33.085 0.0000000000
90959  -45.062  9.372  31.513 0.0000000000
90025  -43.839  8.615  32.884 0.0000000000
90013  -43.176  8.534  33.547 0.0000000000
89991  -42.663  8.759  35.021 0.0000000000
90000  -42.551  8.730  34.157 0.0000000000
90012  -42.305  8.781  33.385 0.0000000000
90011  -41.880  9.098  33.166 0.0000000000
90934  -41.355  9.542  33.290 0.0000000000
91893  -40.452  10.504  33.406 0.0000000000
90901  -41.491  9.527  38.468 0.0000000000
91880  -41.205  10.140  38.042 0.0000000000
90905  -40.915  10.149  36.965 0.0000000000
92817  -41.348  11.948  37.674 0.0000000000
91882  -40.660  10.721  36.739 0.0000000000
91885  -40.570  10.680  35.806 0.0000000000
91888  -40.784  10.556  34.668 0.0000000000
92830  -40.161  11.782  33.062 0.0000000000
93737  -40.152  12.848  33.125 0.0000000000
95560  -40.668  14.076  33.099 0.0000000000
94645  -41.073  13.949  34.209 0.0000000000
95561  -41.345  14.277  33.609 0.0000000000
96449  -42.162  16.078  32.657 0.0000000000
97320  -42.095  16.313  31.926 0.0000000000
82301  -41.847  1.719  41.295 0.0000000000
82312  -42.214  1.742  41.148 0.0000000000
83313  -42.535  2.090  41.326 0.0000000000
83354  -44.686  1.781  40.238 0.0000000000
83355  -45.434  1.899  40.625 0.0000000000
83337  -45.710  2.063  41.132 0.0000000000
83338  -46.013  2.481  41.352 0.0000000000
84323  -45.017  2.268  42.090 0.0000000000
84324  -45.724  2.898  41.976 0.0000000000
84325  -46.353  2.892  41.698 0.0000000000
84308  -47.167  2.973  42.191 0.0000000000
84297  -47.329  3.000  42.814 0.0000000000
85266  -47.775  3.576  43.296 0.0000000000
86197  -43.877  4.535  43.648 0.0000000000
87094  -43.894  5.860  44.389 0.0000000000
86198  -44.575  4.624  44.129 0.0000000000
85255  -45.072  4.030  44.250 0.0000000000
85256  -45.541  4.259  44.322 0.0000000000
86199  -46.620  4.185  44.115 0.0000000000
86200  -47.445  4.170  44.019 0.0000000000
86187  -48.062  4.674  44.693 0.0000000000
87089  -48.211  5.778  45.539 0.0000000000
87070  -46.926  6.122  46.935 0.0000000000
87088  -47.358  5.933  46.331 0.0000000000
88007  -47.520  6.495  45.947 0.0000000000
88971  -47.105  7.514  46.194 0.0000000000
90819  -47.356  9.296  47.081 0.0000000000
83500  -49.831  2.151  28.236 0.0000000000
84472  -49.494  2.449  28.396 0.0000000000
85376  -50.181  3.205  29.483 0.0000000000
83461  -49.369  2.199  29.660 0.0000000000
83460  -48.947  1.699  29.491 0.0000000000
82430  -47.091  0.793  29.739 0.0000000000
82422  -45.560  0.692  30.769 0.0000000000
83450  -44.683  1.347  32.413 0.0000000000
82394  -46.165  1.652  33.632 0.0000000000
83397  -43.656  1.740  34.446 0.0000000000
83386  -43.288  1.286  35.651 0.0000000000
79360  -50.199  -1.376  34.344 0.0000000000
77157  -49.087  -5.021  37.160 0.0000000000
76092  -49.260  -5.001  36.268 0.0000000000
77172  -49.535  -4.671  35.756 0.0000000000
77171  -48.950  -5.003  35.245 0.0000000000
77187  -49.866  -4.194  34.752 0.0000000000
78267  -49.883  -3.268  34.283 0.0000000000
77202  -48.587  -3.876  33.618 0.0000000000
78285  -49.637  -2.567  33.806 0.0000000000
79359  -49.846  -1.777  33.991 0.0000000000
80439  -47.982  -1.447  33.532 0.0000000000
80438  -47.012  -1.322  33.357 0.0000000000
79356  -46.514  -1.838  33.017 0.0000000000
79352  -43.223  -2.700  33.188 0.0000000000
80434  -43.642  -1.842  33.318 0.0000000000
80420  -43.223  -1.269  33.862 0.0000000000
80421  -44.124  -1.257  33.806 0.0000000000
81373  -44.224  -0.095  34.567 0.0000000000
82336  -42.116  1.147  38.733 0.0000000000
83331  -40.406  1.487  41.068 0.0000000000
81347  -39.622  0.437  37.363 0.0000000000
84338  -39.613  2.294  40.991 0.0000000000
84315  -37.550  3.169  41.118 0.0000000000
85288  -37.786  3.692  41.088 0.0000000000
82503  -48.319  0.500  23.354 0.0000000000
82504  -48.825  1.056  23.635 0.0000000000
82515  -49.089  1.487  23.205 0.0000000000
83526  -48.461  1.762  26.840 0.0000000000
86350  -46.145  4.381  26.624 0.0000000000
84502  -48.463  2.298  25.793 0.0000000000
82486  -51.292  0.753  24.920 0.0000000000
84505  -51.368  1.776  24.863 0.0000000000
82487  -51.250  1.028  24.534 0.0000000000
81482  -50.467  0.837  24.185 0.0000000000
81503  -49.936  1.064  23.694 0.0000000000
82516  -49.754  1.417  23.459 0.0000000000
83561  -49.479  2.005  22.857 0.0000000000
85464  -49.778  3.288  21.965 0.0000000000
85465  -50.375  3.479  22.181 0.0000000000
85476  -50.708  4.230  21.729 0.0000000000
86390  -50.963  5.034  21.481 0.0000000000
87290  -51.546  5.029  23.481 0.0000000000
87292  -52.292  5.537  22.944 0.0000000000
86392  -52.327  5.039  22.212 0.0000000000
87306  -50.669  5.753  21.068 0.0000000000
88245  -51.016  6.593  21.163 0.0000000000
89191  -51.872  7.549  22.103 0.0000000000
90131  -51.432  7.679  22.002 0.0000000000
89198  -50.835  7.476  21.756 0.0000000000
85334  -42.663  3.136  36.771 0.0000000000
86259  -42.645  3.940  36.533 0.0000000000
86265  -42.581  4.088  35.829 0.0000000000
86254  -45.274  4.274  38.912 0.0000000000
87186  -44.426  5.659  36.762 0.0000000000
87192  -44.520  5.630  34.900 0.0000000000
88137  -46.124  6.538  32.273 0.0000000000
88157  -47.075  7.562  30.445 0.0000000000
86227  -49.605  4.832  41.832 0.0000000000
87136  -49.950  5.307  41.406 0.0000000000
87154  -49.538  5.633  40.689 0.0000000000
88095  -51.006  6.640  40.453 0.0000000000
88093  -50.268  6.627  39.539 0.0000000000
88092  -49.559  6.494  39.252 0.0000000000
88102  -49.444  6.681  38.501 0.0000000000
88110  -49.227  6.855  37.810 0.0000000000
89067  -48.951  6.981  37.091 0.0000000000
89970  -49.478  8.393  37.553 0.0000000000
89971  -50.493  8.409  37.583 0.0000000000
89076  -51.551  8.326  36.862 0.0000000000
89075  -51.216  8.187  36.720 0.0000000000
89073  -49.209  7.315  36.364 0.0000000000
89087  -48.302  7.278  34.847 0.0000000000
89093  -47.991  7.690  33.963 0.0000000000
89100  -48.153  7.708  32.957 0.0000000000
89119  -47.400  8.177  30.357 0.0000000000
92873  -50.802  11.107  28.057 0.0000000000
91976  -50.667  10.488  28.083 0.0000000000
91015  -51.041  10.303  26.887 0.0000000000
91043  -52.244  9.325  24.438 0.0000000000
92018  -52.417  9.838  23.801 0.0000000000
92032  -52.597  10.043  22.846 0.0000000000
92948  -51.576  11.308  23.817 0.0000000000
92031  -52.027  10.644  23.369 0.0000000000
93807  -48.775  12.488  25.040 0.0000000000
94714  -48.752  13.536  24.046 0.0000000000
93839  -47.114  13.247  23.604 0.0000000000
94728  -47.853  13.668  23.083 0.0000000000
90973  -44.715  9.716  30.893 0.0000000000
91944  -44.681  10.364  29.607 0.0000000000
91958  -44.286  10.725  28.807 0.0000000000
92900  -44.234  11.454  26.463 0.0000000000
92914  -43.973  11.741  25.671 0.0000000000
91924  -40.648  11.257  30.279 0.0000000000
91955  -41.809  10.914  28.393 0.0000000000
92866  -41.050  11.667  27.815 0.0000000000
92867  -41.952  11.188  27.836 0.0000000000
92899  -43.371  11.577  26.338 0.0000000000
93802  -43.830  11.936  25.105 0.0000000000
93835  -43.274  13.225  23.444 0.0000000000
95637  -43.299  14.355  22.095 0.0000000000
94723  -42.383  14.012  23.081 0.0000000000
95636  -42.657  14.464  22.264 0.0000000000
95646  -42.848  14.411  21.911 0.0000000000
94738  -42.323  13.999  21.642 0.0000000000
97381  -40.148  16.200  24.499 0.0000000000
97374  -39.817  16.688  25.103 0.0000000000
96495  -39.827  16.302  24.620 0.0000000000
96501  -39.462  15.483  24.213 0.0000000000
96414  -45.258  16.125  36.362 0.0000000000
97301  -44.272  16.269  34.015 0.0000000000
97310  -44.088  16.154  33.381 0.0000000000
97334  -44.237  16.743  32.073 0.0000000000
97333  -43.550  16.738  31.755 0.0000000000
98186  -43.328  17.242  30.999 0.0000000000
98197  -45.004  18.217  30.367 0.0000000000
98195  -42.737  17.429  30.410 0.0000000000
98206  -42.477  17.625  29.198 0.0000000000
98216  -42.753  18.330  28.305 0.0000000000
99089  -43.628  19.316  27.947 0.0000000000
99078  -42.441  18.703  27.866 0.0000000000
99086  -40.938  18.822  27.369 0.0000000000
76086  -43.690  -6.249  35.434 0.0000000000
77184  -46.807  -4.627  33.934 0.0000000000
78295  -47.654  -2.410  32.819 0.0000000000
80442  -50.184  -1.136  34.396 0.0000000000
80448  -47.720  -1.609  33.173 0.0000000000
81357  -39.960  -0.364  36.049 0.0000000000
82300  -41.658  1.477  41.183 0.0000000000
82302  -42.087  1.904  41.295 0.0000000000
82357  -40.066  0.216  36.459 0.0000000000
82407  -49.783  0.875  31.973 0.0000000000
82494  -50.940  0.676  24.460 0.0000000000
82495  -50.822  1.128  24.160 0.0000000000
82506  -50.659  1.408  23.870 0.0000000000
83317  -45.877  2.727  41.632 0.0000000000
83448  -43.953  1.751  31.016 0.0000000000
83457  -44.069  1.776  30.748 0.0000000000
83538  -51.346  1.455  24.734 0.0000000000
84295  -45.296  3.006  43.158 0.0000000000
84296  -47.129  3.005  43.173 0.0000000000
84302  -42.277  2.983  42.007 0.0000000000
84304  -44.022  2.710  43.079 0.0000000000
84307  -46.522  3.003  42.630 0.0000000000
84342  -45.930  2.003  40.654 0.0000000000
84352  -38.894  0.968  40.564 0.0000000000
84370  -42.860  2.666  36.980 0.0000000000
84430  -44.133  1.940  30.577 0.0000000000
84504  -51.338  2.009  24.919 0.0000000000
85260  -42.288  3.646  42.847 0.0000000000
85268  -49.056  4.419  43.428 0.0000000000
85279  -48.582  3.853  42.787 0.0000000000
85295  -47.690  3.531  41.859 0.0000000000
85306  -46.819  3.181  41.001 0.0000000000
85377  -50.491  3.336  29.396 0.0000000000
85378  -52.256  4.259  29.565 0.0000000000
85379  -52.330  4.218  29.264 0.0000000000
85394  -50.256  3.591  29.247 0.0000000000
85395  -51.012  3.668  29.348 0.0000000000
85397  -52.145  4.075  28.877 0.0000000000
85410  -50.466  3.694  28.903 0.0000000000
85412  -51.965  4.115  28.590 0.0000000000
85450  -51.686  3.305  23.549 0.0000000000
85457  -51.279  4.160  23.777 0.0000000000
86179  -48.603  5.147  45.140 0.0000000000
86189  -49.317  4.994  44.059 0.0000000000
86201  -48.282  4.341  43.942 0.0000000000
86211  -49.374  4.424  42.579 0.0000000000
86212  -50.203  5.011  42.333 0.0000000000
86226  -48.634  4.153  41.562 0.0000000000
86228  -50.111  5.182  41.848 0.0000000000
86282  -43.180  4.150  33.140 0.0000000000
86285  -43.246  4.131  32.913 0.0000000000
86300  -51.518  4.734  29.847 0.0000000000
86301  -52.088  4.487  29.856 0.0000000000
86302  -52.479  4.627  29.512 0.0000000000
86313  -50.948  4.475  29.397 0.0000000000
86314  -51.506  4.283  29.641 0.0000000000
86315  -52.509  4.587  28.904 0.0000000000
86328  -50.399  4.005  28.901 0.0000000000
86329  -50.872  4.419  28.840 0.0000000000
86330  -51.559  4.502  28.556 0.0000000000
86331  -52.122  4.529  28.485 0.0000000000
86340  -44.707  3.831  28.275 0.0000000000
87069  -46.361  5.892  46.552 0.0000000000
87097  -48.355  5.648  44.305 0.0000000000
87098  -48.819  5.617  44.276 0.0000000000
87109  -48.688  5.695  43.572 0.0000000000
87121  -48.194  5.733  43.113 0.0000000000
87123  -50.958  6.091  42.799 0.0000000000
87138  -51.135  5.988  42.076 0.0000000000
87152  -47.942  4.660  40.518 0.0000000000
87168  -49.623  6.318  40.013 0.0000000000
87173  -43.833  4.509  38.265 0.0000000000
87220  -51.788  4.955  29.973 0.0000000000
87221  -52.102  5.074  29.698 0.0000000000
87222  -52.349  5.108  29.182 0.0000000000
87231  -45.349  5.372  29.269 0.0000000000
87232  -51.428  5.097  29.667 0.0000000000
87233  -51.736  5.219  29.155 0.0000000000
87234  -52.099  5.101  28.666 0.0000000000
87245  -51.150  4.937  29.126 0.0000000000
87246  -51.437  5.013  28.644 0.0000000000
87247  -51.796  4.853  28.428 0.0000000000
87283  -51.102  5.282  23.648 0.0000000000
87284  -51.584  5.597  23.519 0.0000000000
87982  -47.134  7.478  47.809 0.0000000000
87989  -47.091  6.929  47.570 0.0000000000
88009  -48.910  6.001  44.905 0.0000000000
88014  -44.750  6.131  45.248 0.0000000000
88018  -48.874  5.884  44.673 0.0000000000
88028  -49.125  6.019  43.219 0.0000000000
88030  -50.451  6.333  42.854 0.0000000000
88031  -50.893  6.495  42.751 0.0000000000
88059  -50.148  6.987  41.822 0.0000000000
88060  -50.631  7.032  41.988 0.0000000000
88061  -51.170  6.528  41.453 0.0000000000
88072  -44.396  6.725  40.230 0.0000000000
88077  -48.946  7.395  40.971 0.0000000000
88078  -50.244  6.303  40.367 0.0000000000
88079  -50.814  6.345  40.668 0.0000000000
88080  -51.118  6.560  40.818 0.0000000000
88094  -50.828  6.756  40.012 0.0000000000
88113  -44.299  5.754  36.367 0.0000000000
88122  -43.942  5.734  36.112 0.0000000000
88130  -47.657  7.226  34.825 0.0000000000
88945  -46.488  7.963  47.624 0.0000000000
88947  -47.262  7.831  47.872 0.0000000000
88972  -47.465  7.498  46.790 0.0000000000
88985  -44.822  8.113  43.509 0.0000000000
88993  -43.598  8.033  42.282 0.0000000000
88996  -50.816  7.055  42.109 0.0000000000
88997  -50.948  7.080  41.907 0.0000000000
89007  -42.666  7.959  41.302 0.0000000000
89010  -49.239  7.430  41.028 0.0000000000
89013  -51.149  7.049  41.464 0.0000000000
89026  -44.366  6.966  41.296 0.0000000000
89028  -47.948  7.430  40.275 0.0000000000
89031  -50.978  7.417  40.621 0.0000000000
89041  -44.099  6.809  39.687 0.0000000000
89049  -51.119  6.906  40.344 0.0000000000
89059  -50.348  7.264  38.049 0.0000000000
89065  -46.381  8.442  38.096 0.0000000000
89069  -51.183  7.752  36.974 0.0000000000
89070  -51.713  8.077  36.938 0.0000000000
89086  -47.707  7.164  35.130 0.0000000000
89096  -50.135  8.288  33.868 0.0000000000
89099  -47.614  7.511  33.258 0.0000000000
89104  -47.195  7.484  31.270 0.0000000000
89107  -49.453  8.732  32.152 0.0000000000
89183  -52.899  8.099  22.843 0.0000000000
89887  -47.207  8.009  46.655 0.0000000000
89922  -42.512  8.435  41.093 0.0000000000
89935  -50.649  8.389  40.036 0.0000000000
89944  -49.931  8.598  39.274 0.0000000000
89945  -50.710  8.447  39.478 0.0000000000
89954  -46.805  8.622  38.058 0.0000000000
89957  -49.701  8.521  38.419 0.0000000000
89959  -51.003  8.021  38.460 0.0000000000
89973  -51.510  8.101  37.453 0.0000000000
89985  -51.229  8.575  36.953 0.0000000000
89986  -51.575  8.347  37.098 0.0000000000
89997  -48.830  8.704  35.792 0.0000000000
90005  -47.467  8.989  34.571 0.0000000000
90018  -50.175  8.548  33.548 0.0000000000
90019  -50.276  8.697  33.789 0.0000000000
90022  -41.755  9.218  32.883 0.0000000000
90023  -42.140  8.937  32.755 0.0000000000
90024  -42.877  8.598  32.750 0.0000000000
90029  -50.218  8.810  33.408 0.0000000000
90054  -49.671  9.371  29.821 0.0000000000
90105  -51.109  8.109  24.500 0.0000000000
90125  -52.470  8.523  22.525 0.0000000000
90126  -52.971  8.630  22.771 0.0000000000
90893  -41.587  9.773  39.441 0.0000000000
90907  -41.930  8.709  37.308 0.0000000000
90910  -40.810  9.945  36.373 0.0000000000
90923  -41.137  9.939  34.789 0.0000000000
90925  -41.945  9.167  33.874 0.0000000000
90926  -47.419  8.753  35.442 0.0000000000
90930  -50.208  9.066  33.859 0.0000000000
90933  -40.725  9.917  32.860 0.0000000000
90935  -41.884  9.148  33.444 0.0000000000
90952  -50.050  9.108  33.048 0.0000000000
90957  -43.099  9.517  31.617 0.0000000000
90975  -46.359  9.941  30.530 0.0000000000
90977  -49.528  9.337  30.362 0.0000000000
90988  -46.954  10.597  30.005 0.0000000000
91068  -53.066  9.013  22.841 0.0000000000
91854  -43.817  10.596  41.543 0.0000000000
91861  -42.121  10.270  40.100 0.0000000000
91863  -43.278  10.897  41.134 0.0000000000
91868  -41.800  10.600  39.591 0.0000000000
91879  -40.942  10.548  37.501 0.0000000000
91889  -41.156  10.093  34.436 0.0000000000
91896  -39.784  11.092  31.911 0.0000000000
91898  -41.160  9.847  32.037 0.0000000000
91899  -48.570  10.102  31.830 0.0000000000
91906  -39.943  11.494  31.518 0.0000000000
91915  -50.184  9.927  31.074 0.0000000000
91930  -47.338  10.654  30.076 0.0000000000
91934  -50.292  10.126  30.727 0.0000000000
91941  -41.669  10.776  28.898 0.0000000000
91965  -50.864  10.849  28.109 0.0000000000
91971  -45.851  10.499  28.313 0.0000000000
92770  -45.861  11.342  43.542 0.0000000000
92784  -44.806  11.181  42.276 0.0000000000
92798  -42.673  11.139  40.150 0.0000000000
92806  -43.047  12.052  39.787 0.0000000000
92812  -40.916  11.144  37.922 0.0000000000
92816  -40.942  11.531  37.324 0.0000000000
92834  -39.937  11.997  32.098 0.0000000000
92852  -41.168  11.186  29.175 0.0000000000
92871  -45.440  10.622  28.198 0.0000000000
92874  -51.104  11.048  27.957 0.0000000000
92886  -46.822  11.053  27.437 0.0000000000
92926  -42.399  12.482  24.717 0.0000000000
93692  -44.628  12.538  40.804 0.0000000000
93699  -44.273  12.693  40.143 0.0000000000
93707  -42.411  12.419  38.786 0.0000000000
93710  -41.257  12.224  37.294 0.0000000000
93711  -41.753  12.453  37.705 0.0000000000
93712  -42.219  12.699  38.196 0.0000000000
93755  -39.280  13.088  30.364 0.0000000000
93764  -39.141  13.061  30.149 0.0000000000
93765  -39.473  12.808  29.604 0.0000000000
93789  -41.178  12.590  25.714 0.0000000000
93801  -42.075  12.696  24.674 0.0000000000
93823  -48.305  12.938  24.349 0.0000000000
93827  -51.028  11.909  24.401 0.0000000000
93834  -41.137  12.751  22.662 0.0000000000
94616  -42.679  12.936  39.014 0.0000000000
94617  -43.244  13.413  39.107 0.0000000000
94629  -41.791  13.084  37.181 0.0000000000
94631  -42.856  13.731  37.408 0.0000000000
94633  -40.905  12.959  36.077 0.0000000000
94639  -41.051  13.358  35.958 0.0000000000
94652  -40.614  13.568  33.595 0.0000000000
94660  -40.274  13.649  32.811 0.0000000000
94671  -39.309  13.319  30.452 0.0000000000
94678  -39.160  13.619  29.988 0.0000000000
94709  -42.023  13.579  23.719 0.0000000000
94712  -47.482  13.405  23.523 0.0000000000
94722  -41.808  14.664  23.096 0.0000000000
94736  -40.840  13.969  22.341 0.0000000000
95521  -46.408  14.564  40.138 0.0000000000
95535  -43.367  14.142  37.577 0.0000000000
95539  -41.778  13.971  36.360 0.0000000000
95542  -40.933  13.651  35.490 0.0000000000
95543  -41.249  13.808  35.752 0.0000000000
95551  -41.267  14.184  34.792 0.0000000000
95563  -42.878  15.502  33.323 0.0000000000
95582  -39.844  14.357  31.358 0.0000000000
95656  -42.595  14.393  21.735 0.0000000000
96410  -45.291  15.924  36.972 0.0000000000
96441  -43.397  15.758  33.267 0.0000000000
96450  -42.912  15.926  32.690 0.0000000000
96451  -43.250  15.852  32.856 0.0000000000
96462  -40.832  15.677  30.262 0.0000000000
96478  -39.767  15.237  28.233 0.0000000000
96484  -39.608  15.002  27.968 0.0000000000
96510  -40.644  15.725  23.530 0.0000000000
97282  -45.832  16.457  36.402 0.0000000000
97311  -44.742  16.503  33.646 0.0000000000
97322  -43.631  16.223  32.585 0.0000000000
97330  -41.399  16.226  31.677 0.0000000000
97331  -41.731  16.490  31.332 0.0000000000
97332  -42.624  16.817  31.490 0.0000000000
97341  -41.655  16.675  30.561 0.0000000000
97342  -42.183  17.084  30.903 0.0000000000
97380  -40.061  16.372  24.623 0.0000000000
99079  -43.127  18.827  27.971 0.0000000000
99090  -44.142  19.306  28.084 0.0000000000
