#!ascii label  , from subject sub-01 vox2ras=TkReg
2033
42899  -40.239  -33.963  53.775 0.0000000000
66290  -48.964  -14.968  42.991 0.0000000000
61476  -38.711  -18.807  52.572 0.0000000000
40050  -9.063  -38.246  50.188 0.0000000000
46234  -24.089  -32.727  52.889 0.0000000000
46259  -8.108  -30.918  52.119 0.0000000000
44973  -9.890  -33.020  58.974 0.0000000000
60429  -44.289  -18.972  47.024 0.0000000000
51477  -10.553  -27.855  46.516 0.0000000000
34470  -9.553  -43.177  55.756 0.0000000000
49459  -40.543  -30.265  50.637 0.0000000000
44026  -35.657  -34.125  51.007 0.0000000000
42911  -31.482  -35.473  53.692 0.0000000000
68689  -49.809  -11.748  40.732 0.0000000000
59280  -42.028  -20.251  49.878 0.0000000000
47447  -20.318  -31.619  49.637 0.0000000000
53604  -8.276  -25.700  48.133 0.0000000000
43975  -13.763  -34.538  52.563 0.0000000000
44048  -14.129  -34.373  48.738 0.0000000000
41983  -9.931  -36.875  46.709 0.0000000000
40914  -13.721  -37.640  59.380 0.0000000000
127881  -11.010  -39.538  61.640 0.0000000000
58169  -35.689  -21.441  54.067 0.0000000000
41861  -28.442  -33.605  57.108 0.0000000000
45117  -26.944  -32.798  49.920 0.0000000000
47355  -9.929  -31.495  55.615 0.0000000000
42869  -12.701  -36.001  55.036 0.0000000000
61639  -46.471  -17.977  43.984 0.0000000000
42859  -15.195  -36.131  56.394 0.0000000000
45053  -17.414  -33.313  53.298 0.0000000000
48495  -10.007  -29.985  49.064 0.0000000000
46361  -14.287  -32.699  45.933 0.0000000000
43852  -10.544  -34.530  63.182 0.0000000000
40916  -11.086  -38.207  58.916 0.0000000000
37444  -9.163  -41.578  53.494 0.0000000000
46204  -42.432  -31.568  54.704 0.0000000000
42937  -39.995  -33.468  51.871 0.0000000000
45076  -41.829  -32.197  52.034 0.0000000000
42934  -37.885  -33.411  52.614 0.0000000000
42965  -38.291  -33.964  50.616 0.0000000000
42894  -36.528  -35.482  53.896 0.0000000000
67567  -49.234  -13.033  41.739 0.0000000000
65149  -45.960  -15.740  40.167 0.0000000000
67572  -47.421  -13.449  40.442 0.0000000000
68693  -48.553  -12.192  39.363 0.0000000000
59246  -40.632  -19.695  51.283 0.0000000000
60340  -35.780  -19.417  50.059 0.0000000000
60357  -38.064  -18.621  49.158 0.0000000000
60381  -39.548  -18.776  48.379 0.0000000000
41960  -12.419  -36.971  51.011 0.0000000000
41967  -12.681  -36.651  49.981 0.0000000000
40067  -11.568  -38.300  48.327 0.0000000000
39226  -9.801  -39.350  45.067 0.0000000000
38392  -10.490  -40.620  46.801 0.0000000000
39170  -13.609  -39.410  56.532 0.0000000000
38348  -12.162  -40.768  58.770 0.0000000000
57010  -35.844  -23.264  54.681 0.0000000000
52467  -39.523  -27.229  52.219 0.0000000000
52493  -38.631  -28.168  49.999 0.0000000000
53582  -37.763  -25.933  51.992 0.0000000000
55889  -35.742  -24.067  52.058 0.0000000000
41839  -30.511  -35.601  59.085 0.0000000000
44022  -30.949  -34.793  50.061 0.0000000000
43985  -29.598  -33.880  52.569 0.0000000000
71861  -50.465  -9.426  37.159 0.0000000000
72906  -51.694  -8.022  37.009 0.0000000000
46171  -10.006  -32.433  56.980 0.0000000000
45023  -12.683  -33.000  55.851 0.0000000000
43905  -12.363  -34.262  57.609 0.0000000000
128412  -45.332  -18.421  45.869 0.0000000000
62766  -41.517  -17.531  45.302 0.0000000000
60472  -43.173  -17.962  43.098 0.0000000000
61670  -44.295  -18.043  41.282 0.0000000000
42828  -16.220  -34.889  59.406 0.0000000000
44977  -16.870  -33.579  58.096 0.0000000000
49441  -8.553  -29.996  51.400 0.0000000000
50425  -8.988  -28.694  49.477 0.0000000000
47441  -9.566  -30.837  50.400 0.0000000000
42001  -13.563  -36.013  46.329 0.0000000000
45143  -14.352  -33.004  47.380 0.0000000000
44093  -13.655  -34.498  44.823 0.0000000000
42795  -11.950  -35.045  64.892 0.0000000000
127874  -10.607  -41.673  58.446 0.0000000000
40007  -9.861  -38.987  59.907 0.0000000000
38350  -9.985  -40.735  57.521 0.0000000000
39174  -9.584  -39.736  55.864 0.0000000000
36456  -8.986  -42.357  54.224 0.0000000000
50412  -41.048  -29.583  52.734 0.0000000000
40928  -32.183  -35.912  57.338 0.0000000000
40950  -34.201  -35.985  55.094 0.0000000000
42929  -33.799  -35.151  52.869 0.0000000000
71827  -50.672  -10.144  40.390 0.0000000000
69790  -49.128  -10.621  37.877 0.0000000000
60384  -42.825  -19.253  48.798 0.0000000000
61563  -40.312  -18.655  47.212 0.0000000000
46286  -24.223  -32.463  49.633 0.0000000000
47415  -23.189  -31.062  51.594 0.0000000000
50457  -7.123  -28.411  46.152 0.0000000000
46247  -12.743  -32.250  52.628 0.0000000000
46282  -12.730  -31.725  50.797 0.0000000000
44014  -14.073  -34.491  50.788 0.0000000000
41986  -12.966  -36.304  47.387 0.0000000000
41016  -11.791  -37.441  44.907 0.0000000000
40898  -14.527  -37.083  62.246 0.0000000000
40891  -13.153  -37.631  63.356 0.0000000000
39150  -12.924  -39.255  61.355 0.0000000000
37425  -11.408  -42.019  59.677 0.0000000000
61441  -36.764  -18.993  53.977 0.0000000000
58208  -35.013  -21.348  50.939 0.0000000000
45028  -26.379  -33.181  55.356 0.0000000000
42876  -29.738  -34.960  55.465 0.0000000000
43964  -27.534  -33.991  53.624 0.0000000000
44019  -25.203  -33.574  51.352 0.0000000000
49425  -8.672  -29.804  53.445 0.0000000000
49413  -8.492  -29.939  55.219 0.0000000000
46207  -8.123  -32.018  53.954 0.0000000000
46211  -12.345  -32.164  54.466 0.0000000000
42902  -13.079  -35.565  53.529 0.0000000000
40044  -11.446  -38.130  52.575 0.0000000000
62808  -48.461  -16.794  42.879 0.0000000000
62840  -45.907  -17.290  40.600 0.0000000000
41829  -15.050  -36.119  60.894 0.0000000000
40925  -14.154  -36.841  57.918 0.0000000000
40029  -14.298  -38.136  55.342 0.0000000000
48437  -21.365  -30.410  53.373 0.0000000000
48403  -19.653  -30.673  54.663 0.0000000000
46174  -17.990  -31.732  56.750 0.0000000000
43943  -16.515  -35.043  54.635 0.0000000000
40973  -15.868  -37.146  53.102 0.0000000000
52483  -9.458  -26.373  49.979 0.0000000000
50433  -7.715  -27.862  48.528 0.0000000000
50444  -9.910  -28.670  47.235 0.0000000000
47444  -12.485  -31.391  49.573 0.0000000000
47469  -12.472  -30.723  48.141 0.0000000000
49480  -12.751  -29.216  47.232 0.0000000000
44948  -11.140  -33.830  60.917 0.0000000000
40890  -11.379  -37.226  62.800 0.0000000000
41828  -11.539  -36.616  61.153 0.0000000000
42824  -11.795  -35.701  59.770 0.0000000000
40931  -11.570  -37.578  56.788 0.0000000000
40962  -10.973  -38.787  53.729 0.0000000000
38379  -10.092  -39.937  51.255 0.0000000000
32479  -9.563  -45.592  52.732 0.0000000000
35493  -9.030  -44.630  51.896 0.0000000000
37473  -10.606  -41.525  48.254 0.0000000000
45034  -41.891  -32.797  54.471 0.0000000000
43927  -40.697  -33.501  55.573 0.0000000000
42900  -40.421  -33.326  53.367 0.0000000000
43956  -41.187  -32.299  53.245 0.0000000000
41938  -39.019  -33.985  54.053 0.0000000000
42936  -39.374  -33.657  52.141 0.0000000000
42881  -39.996  -35.004  55.087 0.0000000000
41921  -38.775  -35.284  54.095 0.0000000000
66291  -49.299  -14.382  42.598 0.0000000000
65126  -47.280  -15.326  41.337 0.0000000000
66307  -46.569  -14.379  40.332 0.0000000000
66309  -48.501  -14.039  40.941 0.0000000000
66310  -48.892  -13.477  41.388 0.0000000000
60307  -39.644  -19.301  52.411 0.0000000000
60309  -41.102  -19.298  52.979 0.0000000000
61461  -39.660  -18.813  54.131 0.0000000000
61525  -36.863  -18.773  49.546 0.0000000000
61507  -38.569  -18.412  50.696 0.0000000000
60342  -39.915  -19.119  50.495 0.0000000000
40980  -10.851  -38.897  49.877 0.0000000000
40989  -11.312  -38.326  49.585 0.0000000000
40058  -10.177  -38.601  49.016 0.0000000000
39217  -10.655  -39.479  46.996 0.0000000000
39212  -10.233  -39.618  48.322 0.0000000000
38368  -14.112  -39.914  55.053 0.0000000000
37434  -13.239  -40.487  55.564 0.0000000000
52446  -38.972  -26.663  53.716 0.0000000000
52466  -38.920  -26.791  52.246 0.0000000000
53563  -37.820  -25.373  53.331 0.0000000000
54695  -37.027  -25.000  53.336 0.0000000000
71850  -51.009  -8.969  38.627 0.0000000000
71857  -51.404  -8.648  37.295 0.0000000000
73953  -52.799  -6.808  37.851 0.0000000000
46135  -10.233  -32.727  58.462 0.0000000000
46153  -10.920  -32.728  57.761 0.0000000000
43889  -11.705  -33.923  58.200 0.0000000000
60430  -44.754  -18.765  46.265 0.0000000000
59303  -45.310  -19.011  46.652 0.0000000000
62751  -43.008  -18.054  46.439 0.0000000000
62781  -42.054  -17.634  44.428 0.0000000000
61596  -43.791  -18.108  45.375 0.0000000000
62782  -44.359  -17.846  44.869 0.0000000000
44965  -17.764  -33.352  59.164 0.0000000000
46126  -18.281  -32.722  58.846 0.0000000000
46195  -25.603  -31.645  54.988 0.0000000000
47363  -25.260  -31.515  54.195 0.0000000000
52527  -9.615  -27.697  46.268 0.0000000000
48480  -7.610  -30.951  51.167 0.0000000000
48481  -8.623  -30.608  51.104 0.0000000000
47425  -9.274  -31.062  50.976 0.0000000000
42024  -13.297  -36.459  44.692 0.0000000000
43030  -13.796  -35.355  45.501 0.0000000000
43053  -13.200  -35.601  43.536 0.0000000000
44917  -12.220  -33.916  64.749 0.0000000000
42796  -12.790  -35.275  65.183 0.0000000000
34467  -10.482  -42.304  57.464 0.0000000000
38349  -9.924  -41.083  58.091 0.0000000000
35429  -9.687  -42.200  56.252 0.0000000000
37431  -9.453  -41.397  55.613 0.0000000000
35431  -9.654  -42.898  54.913 0.0000000000
49432  -42.438  -30.020  53.756 0.0000000000
48478  -42.023  -30.541  52.634 0.0000000000
51407  -42.151  -28.715  53.814 0.0000000000
52458  -40.780  -28.066  53.597 0.0000000000
43970  -36.306  -34.322  53.082 0.0000000000
42914  -35.261  -35.029  53.473 0.0000000000
42946  -34.471  -35.134  51.403 0.0000000000
42961  -33.406  -35.122  50.501 0.0000000000
69762  -49.769  -10.998  40.161 0.0000000000
68694  -49.163  -12.029  39.645 0.0000000000
69776  -48.736  -11.257  38.343 0.0000000000
68695  -49.509  -11.726  39.765 0.0000000000
70830  -49.983  -10.461  39.063 0.0000000000
60361  -42.514  -19.677  49.662 0.0000000000
60344  -43.424  -20.039  50.441 0.0000000000
58226  -43.027  -21.090  50.875 0.0000000000
60359  -40.507  -19.374  49.348 0.0000000000
61562  -39.809  -18.963  47.224 0.0000000000
61545  -40.980  -18.492  48.280 0.0000000000
61564  -41.656  -18.163  47.782 0.0000000000
54741  -7.915  -24.915  47.875 0.0000000000
52525  -6.318  -26.736  45.812 0.0000000000
52510  -7.255  -26.677  47.879 0.0000000000
45067  -13.611  -33.444  52.426 0.0000000000
45082  -13.971  -33.585  51.536 0.0000000000
43994  -13.948  -34.529  51.621 0.0000000000
40995  -12.240  -37.319  48.041 0.0000000000
41976  -12.813  -36.676  48.665 0.0000000000
41974  -11.311  -36.735  47.537 0.0000000000
42000  -12.662  -36.863  46.136 0.0000000000
42012  -11.052  -37.545  45.819 0.0000000000
41014  -10.664  -38.027  45.114 0.0000000000
40904  -14.397  -37.184  61.373 0.0000000000
40004  -13.715  -37.765  61.584 0.0000000000
40913  -13.384  -38.598  59.898 0.0000000000
127879  -11.343  -42.542  57.439 0.0000000000
37421  -11.725  -41.644  59.241 0.0000000000
34464  -11.317  -42.784  58.217 0.0000000000
34462  -11.028  -43.638  58.473 0.0000000000
60272  -36.141  -19.713  54.101 0.0000000000
57029  -35.545  -22.459  53.366 0.0000000000
55898  -35.435  -23.386  51.754 0.0000000000
58181  -35.498  -21.270  53.110 0.0000000000
60287  -35.604  -19.882  52.925 0.0000000000
43895  -27.601  -33.472  58.129 0.0000000000
43893  -26.684  -33.297  57.242 0.0000000000
43922  -27.424  -33.750  56.446 0.0000000000
41900  -32.357  -35.502  55.206 0.0000000000
41898  -30.961  -35.625  55.928 0.0000000000
43938  -30.676  -34.845  54.688 0.0000000000
45091  -28.350  -32.969  51.564 0.0000000000
43984  -28.665  -33.991  52.697 0.0000000000
45090  -27.491  -33.242  51.752 0.0000000000
43982  -26.508  -33.646  52.885 0.0000000000
45102  -26.641  -33.056  50.852 0.0000000000
46298  -25.852  -33.046  49.203 0.0000000000
128074  -8.942  -31.156  56.542 0.0000000000
47334  -8.832  -31.310  55.584 0.0000000000
47353  -8.447  -31.385  54.584 0.0000000000
46209  -10.408  -31.740  54.813 0.0000000000
47356  -11.860  -31.766  54.160 0.0000000000
46210  -11.589  -32.004  54.650 0.0000000000
43928  -12.914  -35.457  55.708 0.0000000000
45024  -13.231  -33.983  55.255 0.0000000000
42883  -12.487  -36.376  54.220 0.0000000000
41940  -12.223  -36.827  52.984 0.0000000000
41924  -11.502  -37.191  53.930 0.0000000000
62795  -47.224  -17.198  43.964 0.0000000000
62784  -48.471  -17.143  44.499 0.0000000000
60461  -47.468  -17.770  44.836 0.0000000000
62804  -45.454  -18.242  42.466 0.0000000000
61671  -44.689  -17.848  40.775 0.0000000000
61655  -46.461  -17.875  42.856 0.0000000000
62823  -47.177  -16.811  41.937 0.0000000000
42816  -15.962  -35.242  61.077 0.0000000000
42839  -15.939  -34.962  58.618 0.0000000000
41835  -14.502  -35.852  59.081 0.0000000000
41859  -14.558  -36.674  57.690 0.0000000000
40934  -14.088  -37.837  56.376 0.0000000000
41896  -14.611  -36.761  56.000 0.0000000000
47432  -21.134  -30.952  50.397 0.0000000000
48454  -22.184  -30.593  52.504 0.0000000000
47413  -20.702  -31.371  51.507 0.0000000000
46249  -18.094  -32.632  52.373 0.0000000000
47377  -19.264  -31.593  53.318 0.0000000000
47359  -18.468  -31.932  54.055 0.0000000000
46194  -18.404  -30.935  56.043 0.0000000000
45026  -17.632  -32.251  55.470 0.0000000000
45010  -17.227  -33.437  56.260 0.0000000000
45038  -17.064  -33.315  53.957 0.0000000000
41952  -15.533  -36.876  52.127 0.0000000000
52472  -10.438  -26.865  50.573 0.0000000000
49461  -9.242  -29.415  49.400 0.0000000000
50424  -8.159  -28.296  49.016 0.0000000000
49467  -8.859  -29.216  48.241 0.0000000000
49476  -8.627  -29.037  47.157 0.0000000000
48502  -10.033  -29.958  48.233 0.0000000000
46283  -13.361  -32.229  50.473 0.0000000000
47429  -12.936  -31.539  50.340 0.0000000000
46292  -13.400  -32.260  49.144 0.0000000000
46338  -14.277  -32.589  46.821 0.0000000000
46320  -13.901  -32.330  47.692 0.0000000000
47471  -13.943  -31.521  47.387 0.0000000000
48505  -12.377  -30.129  47.718 0.0000000000
48507  -14.316  -30.739  47.173 0.0000000000
48515  -13.966  -30.041  46.999 0.0000000000
43861  -10.817  -34.732  61.756 0.0000000000
39142  -12.219  -38.608  62.583 0.0000000000
39987  -12.088  -37.819  63.510 0.0000000000
39140  -11.106  -38.704  61.788 0.0000000000
40011  -10.673  -38.868  59.318 0.0000000000
40906  -11.268  -38.227  60.905 0.0000000000
40907  -11.567  -37.474  60.510 0.0000000000
41831  -11.599  -36.570  60.100 0.0000000000
40917  -11.305  -37.467  58.584 0.0000000000
41842  -12.255  -36.347  58.378 0.0000000000
40923  -11.351  -37.581  57.752 0.0000000000
38365  -9.516  -40.397  54.742 0.0000000000
40031  -10.846  -39.323  54.773 0.0000000000
39188  -9.742  -39.988  53.255 0.0000000000
40042  -10.068  -39.301  52.748 0.0000000000
38373  -9.761  -41.204  52.474 0.0000000000
31506  -9.564  -46.317  51.427 0.0000000000
34504  -9.613  -44.690  52.658 0.0000000000
48414  -42.236  -30.131  55.020 0.0000000000
42953  -39.959  -33.212  50.757 0.0000000000
44030  -41.169  -33.059  50.597 0.0000000000
43991  -40.933  -32.640  51.824 0.0000000000
46240  -41.766  -31.022  53.514 0.0000000000
42948  -36.940  -33.841  52.288 0.0000000000
42950  -38.108  -33.398  51.583 0.0000000000
42952  -39.567  -33.911  51.129 0.0000000000
42916  -37.067  -34.414  53.329 0.0000000000
68675  -49.633  -12.365  41.313 0.0000000000
66325  -46.142  -14.102  38.944 0.0000000000
67584  -46.338  -13.236  38.485 0.0000000000
68701  -47.384  -12.193  38.360 0.0000000000
68686  -48.043  -12.642  39.993 0.0000000000
68687  -48.904  -12.484  40.213 0.0000000000
59264  -41.470  -20.246  50.956 0.0000000000
59248  -42.523  -20.324  51.707 0.0000000000
59231  -41.700  -19.812  53.232 0.0000000000
59219  -41.345  -20.203  55.000 0.0000000000
58235  -35.107  -21.146  48.930 0.0000000000
60377  -35.721  -19.551  48.861 0.0000000000
60378  -36.427  -19.106  48.512 0.0000000000
61560  -36.918  -18.783  47.003 0.0000000000
60425  -37.385  -18.773  46.482 0.0000000000
60380  -38.402  -18.656  48.400 0.0000000000
59278  -40.624  -19.387  49.938 0.0000000000
41951  -12.907  -36.422  51.642 0.0000000000
41961  -13.173  -36.258  50.934 0.0000000000
40982  -12.199  -37.312  50.301 0.0000000000
40068  -12.100  -38.047  48.494 0.0000000000
41000  -11.167  -37.734  47.257 0.0000000000
40998  -10.378  -38.143  46.034 0.0000000000
40071  -10.422  -38.699  46.373 0.0000000000
39221  -10.851  -39.942  45.945 0.0000000000
40015  -13.696  -38.845  57.678 0.0000000000
40012  -13.298  -38.785  58.769 0.0000000000
38356  -13.113  -40.013  56.891 0.0000000000
57009  -35.566  -22.682  54.313 0.0000000000
50410  -40.067  -28.869  51.683 0.0000000000
50423  -39.696  -29.711  50.569 0.0000000000
52480  -38.838  -27.560  50.781 0.0000000000
53592  -38.286  -26.581  50.496 0.0000000000
53590  -37.266  -25.626  50.676 0.0000000000
54715  -36.478  -24.931  51.566 0.0000000000
54704  -35.788  -23.883  53.061 0.0000000000
41848  -29.129  -34.631  57.994 0.0000000000
41956  -31.408  -36.019  51.780 0.0000000000
41945  -30.358  -36.226  52.738 0.0000000000
44004  -30.262  -34.647  51.408 0.0000000000
45105  -28.978  -33.627  50.352 0.0000000000
70862  -50.348  -8.903  36.402 0.0000000000
72914  -50.637  -7.967  35.655 0.0000000000
73979  -51.107  -7.498  35.201 0.0000000000
75059  -51.432  -6.486  34.701 0.0000000000
46188  -9.506  -32.050  56.680 0.0000000000
47337  -11.235  -31.859  56.089 0.0000000000
46154  -11.819  -32.616  57.152 0.0000000000
45007  -12.631  -33.260  56.866 0.0000000000
42858  -12.715  -35.954  55.972 0.0000000000
60474  -46.325  -18.238  44.523 0.0000000000
128414  -46.117  -18.248  45.497 0.0000000000
61634  -41.981  -17.775  42.991 0.0000000000
61651  -42.754  -17.833  41.509 0.0000000000
60496  -43.245  -18.307  41.232 0.0000000000
60473  -43.463  -17.880  42.814 0.0000000000
61637  -44.941  -18.348  42.780 0.0000000000
42821  -17.051  -35.192  60.868 0.0000000000
43870  -16.984  -34.131  60.410 0.0000000000
43880  -17.081  -34.616  59.041 0.0000000000
43906  -16.243  -34.546  57.212 0.0000000000
45098  -18.266  -33.767  50.964 0.0000000000
42926  -17.593  -34.772  52.258 0.0000000000
50404  -9.449  -28.580  51.461 0.0000000000
50415  -9.451  -28.638  50.387 0.0000000000
50414  -8.958  -29.266  50.616 0.0000000000
48486  -9.138  -30.298  50.287 0.0000000000
48487  -9.870  -30.028  49.853 0.0000000000
43004  -14.250  -34.591  47.360 0.0000000000
44049  -14.448  -33.802  48.230 0.0000000000
44072  -14.341  -34.106  46.792 0.0000000000
44071  -14.040  -33.904  46.273 0.0000000000
45177  -13.847  -33.492  45.791 0.0000000000
46086  -11.622  -32.815  63.885 0.0000000000
44923  -11.659  -33.728  63.926 0.0000000000
42799  -10.782  -35.152  63.744 0.0000000000
37419  -10.629  -41.280  59.940 0.0000000000
39143  -9.830  -39.328  61.216 0.0000000000
38344  -10.227  -40.694  59.037 0.0000000000
39154  -10.683  -39.485  58.864 0.0000000000
39159  -10.513  -39.425  57.942 0.0000000000
40017  -10.403  -39.590  56.933 0.0000000000
39161  -9.074  -39.991  56.581 0.0000000000
37436  -9.309  -40.917  55.208 0.0000000000
36461  -8.789  -42.135  53.730 0.0000000000
46302  -42.394  -30.996  50.038 0.0000000000
45096  -42.161  -32.490  51.302 0.0000000000
47420  -41.928  -30.813  51.211 0.0000000000
49449  -40.749  -30.534  51.763 0.0000000000
52469  -40.438  -28.462  53.104 0.0000000000
53575  -39.893  -26.960  53.254 0.0000000000
41901  -33.000  -35.804  54.717 0.0000000000
40952  -35.552  -36.007  54.616 0.0000000000
41917  -33.677  -35.991  53.625 0.0000000000
41947  -32.198  -35.615  52.480 0.0000000000
41965  -32.240  -35.932  50.737 0.0000000000
69801  -48.021  -10.706  37.296 0.0000000000
70844  -49.825  -10.156  37.077 0.0000000000
71849  -50.390  -9.730  38.872 0.0000000000
61547  -43.431  -19.020  48.261 0.0000000000
60386  -44.584  -19.350  48.620 0.0000000000
60363  -44.651  -19.651  49.714 0.0000000000
60444  -37.956  -18.514  45.502 0.0000000000
62749  -41.024  -17.140  46.013 0.0000000000
62735  -42.464  -17.767  47.175 0.0000000000
47435  -24.621  -32.017  50.929 0.0000000000
47398  -24.400  -31.411  52.588 0.0000000000
47434  -23.675  -31.879  50.414 0.0000000000
47449  -22.484  -31.511  49.483 0.0000000000
51488  -7.301  -27.594  45.760 0.0000000000
50472  -8.912  -28.942  45.684 0.0000000000
45064  -10.258  -31.676  52.701 0.0000000000
46262  -10.692  -31.219  52.012 0.0000000000
46264  -12.351  -31.771  51.562 0.0000000000
45097  -13.918  -33.420  50.623 0.0000000000
44033  -14.136  -34.475  49.810 0.0000000000
41968  -13.605  -36.117  50.099 0.0000000000
42987  -13.699  -35.732  49.059 0.0000000000
43003  -13.725  -35.239  47.794 0.0000000000
41987  -13.583  -35.628  47.027 0.0000000000
41810  -13.715  -36.084  64.661 0.0000000000
40892  -13.839  -37.109  63.174 0.0000000000
39997  -13.395  -38.226  62.047 0.0000000000
127886  -11.898  -39.695  61.098 0.0000000000
40009  -12.669  -40.146  60.101 0.0000000000
127885  -11.990  -41.148  60.380 0.0000000000
38343  -11.467  -40.681  60.454 0.0000000000
36439  -10.947  -42.366  59.064 0.0000000000
33463  -10.273  -43.582  57.980 0.0000000000
33467  -10.299  -43.901  56.820 0.0000000000
61459  -37.675  -18.659  53.299 0.0000000000
61443  -38.584  -18.580  54.718 0.0000000000
61428  -37.398  -18.663  55.309 0.0000000000
50436  -38.760  -29.868  49.953 0.0000000000
57081  -35.080  -22.211  49.179 0.0000000000
60323  -35.967  -18.956  51.815 0.0000000000
45012  -25.717  -32.805  56.199 0.0000000000
43946  -25.474  -33.096  54.347 0.0000000000
40927  -31.344  -36.103  57.703 0.0000000000
41864  -30.452  -35.130  57.257 0.0000000000
41879  -29.276  -34.376  56.694 0.0000000000
43951  -29.516  -34.977  54.105 0.0000000000
43950  -28.579  -33.983  54.519 0.0000000000
43923  -28.067  -33.923  55.892 0.0000000000
43948  -26.564  -33.723  54.436 0.0000000000
43962  -25.850  -33.953  53.756 0.0000000000
45086  -23.708  -33.688  52.177 0.0000000000
46287  -24.711  -32.599  50.437 0.0000000000
76109  -52.245  -5.491  34.474 0.0000000000
77203  -52.264  -4.728  33.812 0.0000000000
77204  -52.788  -4.361  33.277 0.0000000000
48434  -8.250  -30.458  52.729 0.0000000000
47389  -6.862  -31.369  52.032 0.0000000000
49412  -7.004  -30.435  54.241 0.0000000000
47351  -6.621  -31.487  53.631 0.0000000000
45062  -8.684  -31.740  53.009 0.0000000000
46228  -10.204  -32.060  53.657 0.0000000000
46230  -12.453  -32.110  53.693 0.0000000000
45052  -13.449  -33.673  53.314 0.0000000000
45036  -12.932  -32.877  54.881 0.0000000000
45037  -13.326  -33.818  54.215 0.0000000000
42923  -13.238  -35.469  52.745 0.0000000000
41950  -12.418  -36.921  52.074 0.0000000000
40974  -11.877  -37.633  51.929 0.0000000000
40053  -11.188  -38.813  50.973 0.0000000000
63983  -48.751  -16.399  42.703 0.0000000000
60507  -43.781  -18.251  40.493 0.0000000000
61713  -44.443  -17.909  39.294 0.0000000000
62873  -44.868  -17.075  39.598 0.0000000000
64009  -45.859  -16.735  40.282 0.0000000000
63994  -47.058  -15.997  41.680 0.0000000000
40905  -14.865  -36.227  61.687 0.0000000000
40910  -14.222  -36.780  60.229 0.0000000000
42815  -15.615  -35.665  60.372 0.0000000000
41832  -15.229  -36.507  59.949 0.0000000000
40918  -13.850  -37.324  58.519 0.0000000000
39172  -13.968  -38.760  56.146 0.0000000000
48456  -24.090  -30.891  53.308 0.0000000000
48438  -22.553  -30.298  53.575 0.0000000000
48421  -21.553  -30.252  54.484 0.0000000000
47394  -20.001  -31.409  52.379 0.0000000000
48420  -20.439  -30.393  54.116 0.0000000000
48404  -20.433  -30.580  55.354 0.0000000000
47322  -19.956  -31.013  56.778 0.0000000000
47306  -19.510  -31.336  57.259 0.0000000000
46136  -18.235  -32.327  58.059 0.0000000000
44995  -17.598  -32.740  57.303 0.0000000000
45009  -16.703  -33.813  56.521 0.0000000000
42872  -15.760  -35.659  55.697 0.0000000000
42924  -16.501  -35.663  53.182 0.0000000000
42904  -16.092  -35.787  53.719 0.0000000000
42885  -15.632  -36.347  54.729 0.0000000000
40956  -15.081  -37.540  54.850 0.0000000000
53595  -9.066  -25.700  49.502 0.0000000000
51442  -9.289  -27.767  49.670 0.0000000000
52481  -7.922  -27.264  49.063 0.0000000000
52509  -7.092  -27.172  48.491 0.0000000000
49475  -7.857  -28.931  46.983 0.0000000000
49496  -8.978  -29.178  46.388 0.0000000000
50445  -10.261  -28.653  47.252 0.0000000000
47427  -11.084  -31.303  50.747 0.0000000000
47443  -11.391  -31.132  49.938 0.0000000000
47457  -11.419  -31.079  49.041 0.0000000000
46307  -13.761  -32.444  48.353 0.0000000000
47458  -12.241  -31.038  48.627 0.0000000000
48497  -11.385  -30.530  48.307 0.0000000000
48504  -11.396  -30.186  47.544 0.0000000000
49479  -11.654  -29.304  47.461 0.0000000000
50447  -11.801  -28.598  47.223 0.0000000000
49498  -13.799  -29.237  46.689 0.0000000000
41813  -12.202  -36.551  64.002 0.0000000000
41812  -11.585  -36.596  63.442 0.0000000000
41819  -11.147  -36.390  63.051 0.0000000000
39995  -10.599  -38.845  61.814 0.0000000000
40894  -11.143  -37.449  62.236 0.0000000000
42809  -10.953  -35.664  62.062 0.0000000000
42814  -11.326  -35.596  61.365 0.0000000000
43877  -11.477  -34.936  60.047 0.0000000000
44975  -11.537  -34.260  59.409 0.0000000000
43890  -12.226  -34.399  58.807 0.0000000000
41857  -12.433  -36.395  57.425 0.0000000000
40945  -12.295  -37.380  56.045 0.0000000000
40023  -10.606  -39.144  56.542 0.0000000000
40942  -11.516  -38.548  54.948 0.0000000000
41908  -11.658  -37.366  54.616 0.0000000000
40036  -10.703  -38.702  53.254 0.0000000000
40047  -10.201  -39.014  52.090 0.0000000000
39200  -10.331  -39.559  50.711 0.0000000000
32457  -9.833  -44.903  54.345 0.0000000000
31471  -9.750  -45.994  52.593 0.0000000000
33479  -9.474  -44.184  53.995 0.0000000000
34484  -9.583  -43.586  53.675 0.0000000000
35456  -9.553  -43.413  53.165 0.0000000000
36472  -9.203  -43.068  52.337 0.0000000000
35479  -9.454  -43.776  51.284 0.0000000000
36473  -9.300  -42.918  51.543 0.0000000000
37450  -10.011  -41.765  51.198 0.0000000000
38386  -10.168  -40.338  50.433 0.0000000000
38388  -10.275  -40.504  48.821 0.0000000000
38389  -10.429  -40.553  47.765 0.0000000000
37492  -10.482  -41.652  46.073 0.0000000000
43941  -41.255  -33.268  54.343 0.0000000000
45033  -41.626  -33.332  54.878 0.0000000000
43940  -40.744  -33.719  54.841 0.0000000000
43954  -40.746  -33.445  53.950 0.0000000000
42919  -39.325  -33.945  53.210 0.0000000000
42882  -40.248  -34.376  54.584 0.0000000000
42898  -39.621  -34.502  54.138 0.0000000000
43939  -40.365  -34.339  55.093 0.0000000000
65127  -48.040  -15.651  41.977 0.0000000000
66300  -47.666  -15.046  41.547 0.0000000000
66301  -48.363  -14.750  42.013 0.0000000000
60306  -39.174  -19.192  51.815 0.0000000000
60289  -39.909  -19.305  53.325 0.0000000000
61477  -39.345  -18.892  53.191 0.0000000000
61475  -37.685  -18.646  52.331 0.0000000000
62676  -38.206  -18.298  51.412 0.0000000000
61490  -38.644  -18.739  51.493 0.0000000000
60324  -39.257  -19.107  51.462 0.0000000000
40988  -10.452  -38.506  49.428 0.0000000000
40987  -9.729  -38.444  49.488 0.0000000000
40065  -9.892  -38.990  48.893 0.0000000000
40064  -8.935  -38.996  49.017 0.0000000000
37438  -13.413  -40.567  54.936 0.0000000000
52454  -38.145  -26.021  53.187 0.0000000000
44974  -10.937  -33.587  58.800 0.0000000000
60412  -44.706  -19.011  47.607 0.0000000000
62752  -43.436  -18.310  46.782 0.0000000000
61595  -43.209  -18.189  45.793 0.0000000000
61582  -43.799  -18.440  46.434 0.0000000000
61583  -44.355  -18.242  45.650 0.0000000000
46119  -18.679  -32.300  59.630 0.0000000000
46118  -18.169  -32.970  59.378 0.0000000000
45040  -25.486  -32.446  54.109 0.0000000000
46235  -24.660  -31.860  53.245 0.0000000000
51476  -9.701  -28.098  46.292 0.0000000000
52528  -9.981  -27.574  46.248 0.0000000000
46278  -7.920  -31.197  51.286 0.0000000000
47424  -8.513  -30.933  51.097 0.0000000000
46279  -9.013  -30.778  51.459 0.0000000000
43038  -13.110  -36.061  43.840 0.0000000000
42797  -13.725  -35.479  65.055 0.0000000000
34471  -9.880  -43.395  56.474 0.0000000000
34466  -9.619  -42.645  56.327 0.0000000000
35428  -9.577  -42.679  55.528 0.0000000000
50382  -42.441  -29.331  54.103 0.0000000000
50392  -42.285  -29.466  53.646 0.0000000000
51397  -42.064  -28.716  54.276 0.0000000000
51406  -41.666  -28.336  53.818 0.0000000000
44008  -36.024  -34.452  51.777 0.0000000000
42931  -34.995  -34.768  52.114 0.0000000000
42947  -35.209  -34.688  51.422 0.0000000000
69763  -49.988  -11.239  40.558 0.0000000000
68688  -49.396  -12.192  40.427 0.0000000000
69772  -49.677  -11.140  39.848 0.0000000000
60343  -42.699  -20.256  50.286 0.0000000000
59265  -42.415  -20.484  50.715 0.0000000000
60360  -41.448  -19.560  49.446 0.0000000000
60382  -40.701  -19.122  48.653 0.0000000000
60383  -41.716  -19.145  48.760 0.0000000000
54728  -8.661  -24.579  48.915 0.0000000000
53619  -7.677  -25.611  47.605 0.0000000000
52511  -7.840  -26.220  47.930 0.0000000000
43976  -14.150  -34.113  52.176 0.0000000000
43995  -14.199  -34.132  51.807 0.0000000000
40994  -11.409  -37.109  47.755 0.0000000000
41984  -10.705  -36.876  47.096 0.0000000000
41999  -11.278  -36.936  46.490 0.0000000000
41998  -10.245  -36.804  46.382 0.0000000000
42011  -10.234  -37.186  45.687 0.0000000000
42010  -9.946  -37.287  45.755 0.0000000000
40909  -13.651  -37.705  60.445 0.0000000000
34465  -11.585  -42.947  57.485 0.0000000000
59204  -35.903  -20.454  54.364 0.0000000000
59194  -35.783  -20.332  55.064 0.0000000000
48492  -41.499  -30.636  50.031 0.0000000000
57047  -35.469  -22.394  52.379 0.0000000000
59218  -35.780  -20.396  53.614 0.0000000000
42843  -28.565  -33.909  58.111 0.0000000000
42842  -27.931  -33.576  57.750 0.0000000000
42841  -27.481  -33.765  57.264 0.0000000000
42853  -27.564  -33.871  56.884 0.0000000000
42879  -32.081  -35.029  54.680 0.0000000000
42878  -31.494  -34.753  54.894 0.0000000000
42910  -31.240  -35.481  53.825 0.0000000000
45103  -27.538  -32.992  50.781 0.0000000000
45089  -26.504  -33.252  51.563 0.0000000000
45131  -26.435  -32.775  49.260 0.0000000000
45132  -26.957  -32.361  49.364 0.0000000000
47335  -9.532  -31.415  56.085 0.0000000000
47354  -9.379  -31.558  55.152 0.0000000000
46190  -11.145  -31.901  55.616 0.0000000000
42870  -13.279  -35.526  54.827 0.0000000000
41909  -12.057  -36.797  54.478 0.0000000000
62794  -46.842  -17.663  44.069 0.0000000000
61627  -47.751  -17.550  44.430 0.0000000000
60476  -47.260  -17.716  44.592 0.0000000000
61654  -46.252  -18.281  42.876 0.0000000000
62821  -46.022  -18.015  42.019 0.0000000000
62806  -46.772  -17.471  43.413 0.0000000000
42851  -15.238  -36.041  57.308 0.0000000000
42838  -14.913  -35.781  58.271 0.0000000000
41876  -14.599  -36.687  56.889 0.0000000000
45054  -17.645  -33.219  52.705 0.0000000000
46232  -18.130  -32.518  53.392 0.0000000000
46213  -18.097  -32.343  54.012 0.0000000000
46192  -17.649  -31.983  54.846 0.0000000000
46212  -17.616  -32.570  54.171 0.0000000000
49462  -9.667  -29.706  49.282 0.0000000000
49468  -9.584  -29.544  48.640 0.0000000000
45111  -14.019  -33.283  49.542 0.0000000000
45127  -14.329  -33.438  48.745 0.0000000000
47481  -14.674  -31.597  46.584 0.0000000000
43856  -10.603  -34.721  62.410 0.0000000000
38335  -11.724  -39.023  62.191 0.0000000000
39141  -11.661  -38.507  62.479 0.0000000000
37414  -10.935  -38.986  61.950 0.0000000000
40911  -11.139  -38.218  59.950 0.0000000000
40912  -11.403  -37.421  59.519 0.0000000000
40922  -10.824  -38.087  58.011 0.0000000000
38369  -9.524  -40.746  53.782 0.0000000000
38372  -9.712  -40.720  52.925 0.0000000000
29587  -9.425  -47.221  50.555 0.0000000000
30530  -9.603  -46.731  51.434 0.0000000000
30541  -9.465  -46.859  50.976 0.0000000000
47350  -42.515  -31.145  54.853 0.0000000000
44011  -41.138  -32.960  51.218 0.0000000000
42938  -40.525  -32.869  51.591 0.0000000000
45035  -41.712  -31.998  54.280 0.0000000000
45047  -41.475  -31.709  53.668 0.0000000000
46223  -41.918  -31.218  54.295 0.0000000000
47370  -42.274  -30.880  54.156 0.0000000000
42933  -37.176  -33.762  52.793 0.0000000000
42949  -37.338  -33.580  51.856 0.0000000000
42951  -38.871  -33.732  51.355 0.0000000000
41937  -38.543  -34.181  54.142 0.0000000000
41936  -38.118  -34.433  54.275 0.0000000000
42917  -37.804  -33.927  53.597 0.0000000000
43971  -36.763  -34.023  52.986 0.0000000000
67568  -50.204  -12.715  41.955 0.0000000000
67554  -50.212  -13.188  42.584 0.0000000000
65156  -45.548  -15.765  39.845 0.0000000000
65155  -45.184  -15.887  39.543 0.0000000000
65148  -45.748  -15.385  39.822 0.0000000000
67571  -46.605  -14.033  40.349 0.0000000000
66317  -46.082  -14.565  39.817 0.0000000000
67577  -46.415  -13.557  39.723 0.0000000000
67578  -47.046  -12.814  39.500 0.0000000000
67573  -48.651  -13.047  41.008 0.0000000000
67566  -48.950  -12.825  41.346 0.0000000000
68674  -49.085  -12.585  41.075 0.0000000000
59263  -40.979  -20.070  51.149 0.0000000000
59247  -41.335  -19.744  52.002 0.0000000000
60290  -40.718  -19.569  54.043 0.0000000000
60291  -41.255  -19.723  53.589 0.0000000000
60273  -40.869  -19.837  55.339 0.0000000000
59276  -35.333  -20.182  49.441 0.0000000000
60354  -35.714  -19.494  49.438 0.0000000000
61526  -37.474  -18.576  49.708 0.0000000000
60379  -37.339  -18.783  48.344 0.0000000000
60404  -36.620  -19.154  47.523 0.0000000000
60405  -37.434  -18.643  47.434 0.0000000000
59262  -40.392  -19.357  50.718 0.0000000000
60358  -39.471  -18.862  49.673 0.0000000000
58223  -40.811  -19.475  50.466 0.0000000000
58237  -41.026  -19.605  50.278 0.0000000000
40060  -11.725  -38.120  49.006 0.0000000000
40074  -12.059  -38.164  47.961 0.0000000000
40073  -11.556  -38.328  47.607 0.0000000000
40072  -10.769  -38.437  47.157 0.0000000000
39227  -10.597  -40.193  45.329 0.0000000000
38397  -10.461  -40.789  46.027 0.0000000000
40019  -13.804  -38.863  57.116 0.0000000000
39164  -13.559  -39.428  57.273 0.0000000000
51426  -39.935  -28.063  51.517 0.0000000000
52478  -38.348  -26.436  51.594 0.0000000000
52479  -38.710  -27.008  51.219 0.0000000000
53591  -37.904  -25.681  50.960 0.0000000000
54726  -37.086  -25.887  51.095 0.0000000000
54716  -36.990  -25.731  51.650 0.0000000000
55879  -36.722  -24.369  53.754 0.0000000000
54694  -36.422  -24.555  53.259 0.0000000000
41838  -29.826  -35.375  59.015 0.0000000000
42944  -31.213  -35.508  51.282 0.0000000000
42943  -30.790  -35.366  51.780 0.0000000000
42958  -30.784  -35.100  51.120 0.0000000000
70845  -50.332  -9.471  36.700 0.0000000000
70861  -49.821  -9.381  36.474 0.0000000000
71863  -51.525  -8.522  36.936 0.0000000000
71874  -50.682  -8.438  36.211 0.0000000000
72905  -51.183  -8.024  36.364 0.0000000000
75036  -51.421  -6.824  35.922 0.0000000000
73969  -51.857  -7.289  36.735 0.0000000000
46172  -11.088  -32.237  56.543 0.0000000000
43904  -11.800  -33.759  57.844 0.0000000000
44992  -11.876  -33.291  57.605 0.0000000000
43916  -12.807  -34.712  56.293 0.0000000000
42850  -12.651  -35.580  56.970 0.0000000000
128416  -45.889  -18.247  44.576 0.0000000000
62780  -41.049  -17.441  44.437 0.0000000000
61621  -42.645  -17.803  43.559 0.0000000000
61620  -42.059  -17.723  43.322 0.0000000000
60485  -43.015  -18.027  42.415 0.0000000000
61610  -44.872  -17.903  44.897 0.0000000000
61623  -44.624  -18.206  43.553 0.0000000000
61624  -45.437  -18.188  43.825 0.0000000000
43871  -17.721  -33.671  60.851 0.0000000000
44964  -17.410  -34.090  58.906 0.0000000000
43892  -16.792  -34.450  58.649 0.0000000000
43891  -16.269  -34.341  58.028 0.0000000000
44016  -18.085  -34.420  50.486 0.0000000000
44015  -17.590  -34.766  51.133 0.0000000000
50403  -8.804  -29.088  51.416 0.0000000000
47440  -8.975  -30.833  50.721 0.0000000000
47442  -10.408  -30.918  50.073 0.0000000000
43019  -14.172  -34.937  46.617 0.0000000000
44079  -13.802  -34.314  45.700 0.0000000000
45200  -13.709  -33.959  45.332 0.0000000000
44114  -13.891  -34.258  44.297 0.0000000000
43842  -12.450  -34.460  65.124 0.0000000000
43841  -11.885  -34.314  64.709 0.0000000000
43847  -11.323  -34.538  64.173 0.0000000000
42800  -11.603  -35.658  64.057 0.0000000000
38342  -11.111  -40.093  59.929 0.0000000000
127878  -10.101  -41.114  58.954 0.0000000000
39153  -10.322  -40.260  58.613 0.0000000000
39157  -9.977  -40.568  58.071 0.0000000000
39158  -10.191  -40.121  57.822 0.0000000000
39162  -9.991  -39.933  56.856 0.0000000000
38354  -9.808  -40.502  56.751 0.0000000000
36452  -9.584  -42.511  54.649 0.0000000000
37435  -9.166  -41.832  54.714 0.0000000000
37440  -9.059  -41.549  54.274 0.0000000000
36457  -8.745  -42.175  54.092 0.0000000000
47454  -42.364  -31.521  49.301 0.0000000000
46304  -42.232  -32.128  49.713 0.0000000000
43993  -41.920  -32.792  51.466 0.0000000000
44013  -41.916  -32.997  50.771 0.0000000000
49451  -41.762  -30.265  52.735 0.0000000000
48477  -42.008  -30.560  52.075 0.0000000000
49450  -41.393  -30.387  52.435 0.0000000000
48476  -41.651  -30.773  51.644 0.0000000000
50411  -40.471  -29.339  52.178 0.0000000000
51428  -40.693  -28.907  52.759 0.0000000000
52457  -40.835  -27.167  53.542 0.0000000000
44029  -38.144  -34.349  49.900 0.0000000000
40939  -34.136  -36.136  56.028 0.0000000000
40949  -33.320  -35.984  55.434 0.0000000000
40957  -33.590  -36.005  54.638 0.0000000000
41918  -36.240  -35.831  54.374 0.0000000000
40960  -35.563  -36.010  53.976 0.0000000000
42913  -34.418  -34.997  53.394 0.0000000000
41933  -34.147  -35.712  53.560 0.0000000000
42912  -33.866  -35.147  53.367 0.0000000000
41932  -33.239  -35.373  53.271 0.0000000000
41948  -33.064  -35.541  52.190 0.0000000000
41957  -32.290  -36.024  51.522 0.0000000000
42977  -32.260  -34.835  49.777 0.0000000000
71840  -50.519  -9.861  39.715 0.0000000000
68713  -47.637  -11.921  38.027 0.0000000000
68702  -48.185  -11.853  38.438 0.0000000000
69789  -48.503  -11.038  37.702 0.0000000000
69803  -49.205  -10.380  37.298 0.0000000000
70835  -49.677  -10.268  38.292 0.0000000000
70826  -50.009  -10.539  39.935 0.0000000000
71848  -50.003  -10.178  38.784 0.0000000000
71841  -51.158  -9.193  39.516 0.0000000000
60385  -43.834  -19.566  48.722 0.0000000000
60362  -43.573  -19.619  49.668 0.0000000000
58228  -44.161  -21.316  51.448 0.0000000000
59267  -44.486  -20.888  51.021 0.0000000000
59222  -43.134  -20.067  53.434 0.0000000000
59233  -43.362  -20.242  52.620 0.0000000000
60406  -38.352  -18.484  47.387 0.0000000000
60426  -38.168  -18.610  46.384 0.0000000000
60407  -39.197  -18.628  47.194 0.0000000000
60446  -39.452  -17.969  45.417 0.0000000000
61579  -40.516  -17.850  46.492 0.0000000000
60410  -42.571  -18.906  48.121 0.0000000000
61565  -42.924  -18.473  47.764 0.0000000000
47450  -23.454  -32.128  49.166 0.0000000000
47462  -22.840  -31.622  48.463 0.0000000000
53635  -6.956  -25.725  46.204 0.0000000000
51474  -6.915  -27.663  46.132 0.0000000000
51486  -5.987  -27.111  45.088 0.0000000000
50470  -7.536  -28.418  45.508 0.0000000000
51489  -8.307  -27.979  46.092 0.0000000000
50486  -8.345  -29.445  44.892 0.0000000000
46246  -11.144  -31.717  52.764 0.0000000000
45065  -10.798  -31.552  52.488 0.0000000000
46265  -13.325  -32.681  51.489 0.0000000000
41977  -13.270  -36.376  49.440 0.0000000000
43002  -13.218  -35.989  48.308 0.0000000000
42986  -13.277  -36.169  48.653 0.0000000000
41007  -12.012  -37.397  45.676 0.0000000000
40076  -10.046  -38.794  45.048 0.0000000000
41013  -9.814  -38.688  44.545 0.0000000000
39224  -8.280  -38.960  44.620 0.0000000000
41820  -14.355  -36.741  63.232 0.0000000000
40893  -14.360  -36.995  62.811 0.0000000000
40003  -13.411  -38.694  61.162 0.0000000000
39147  -12.509  -38.990  62.068 0.0000000000
39156  -12.912  -39.957  58.725 0.0000000000
36441  -11.457  -42.022  59.149 0.0000000000
36437  -12.044  -41.403  59.676 0.0000000000
38346  -11.874  -41.609  60.022 0.0000000000
38345  -11.502  -41.565  60.256 0.0000000000
37420  -10.890  -41.932  60.078 0.0000000000
127884  -11.020  -42.218  59.734 0.0000000000
33464  -10.589  -44.121  58.147 0.0000000000
36440  -10.826  -43.188  58.651 0.0000000000
33468  -10.246  -44.539  57.449 0.0000000000
61458  -36.706  -18.612  53.010 0.0000000000
61442  -37.627  -18.625  54.262 0.0000000000
51439  -39.539  -28.346  50.380 0.0000000000
50430  -39.878  -29.081  50.015 0.0000000000
51450  -39.256  -28.567  49.680 0.0000000000
57062  -35.216  -22.409  51.359 0.0000000000
55909  -35.411  -23.404  50.746 0.0000000000
57072  -35.171  -22.361  50.269 0.0000000000
60288  -36.101  -19.379  53.413 0.0000000000
60304  -35.573  -19.683  52.091 0.0000000000
44998  -26.482  -33.346  56.646 0.0000000000
44997  -26.302  -32.934  56.797 0.0000000000
43921  -25.826  -32.957  55.716 0.0000000000
43920  -25.964  -32.847  55.361 0.0000000000
42889  -25.889  -33.460  54.735 0.0000000000
42865  -30.517  -35.606  55.959 0.0000000000
41881  -30.765  -35.381  56.564 0.0000000000
42864  -29.971  -35.484  56.001 0.0000000000
41880  -29.918  -34.954  56.659 0.0000000000
42863  -29.264  -34.745  56.007 0.0000000000
43967  -30.308  -34.575  52.855 0.0000000000
42908  -29.700  -35.675  53.290 0.0000000000
43966  -29.743  -34.437  53.356 0.0000000000
43965  -28.632  -34.128  53.532 0.0000000000
43935  -28.752  -34.323  55.452 0.0000000000
43934  -28.118  -33.778  55.162 0.0000000000
45030  -27.479  -33.603  55.267 0.0000000000
43949  -27.417  -33.728  54.569 0.0000000000
44000  -25.597  -33.416  51.990 0.0000000000
45071  -26.138  -33.555  53.121 0.0000000000
43999  -24.619  -33.656  52.271 0.0000000000
44018  -24.849  -33.627  51.596 0.0000000000
45100  -24.954  -33.260  51.115 0.0000000000
46312  -25.928  -32.577  48.533 0.0000000000
46297  -25.127  -32.819  49.357 0.0000000000
75051  -51.902  -6.186  35.581 0.0000000000
76108  -51.836  -5.930  34.545 0.0000000000
75061  -52.596  -5.692  34.916 0.0000000000
78286  -52.584  -4.111  33.984 0.0000000000
78271  -53.071  -3.910  34.699 0.0000000000
48433  -7.611  -30.693  53.067 0.0000000000
47390  -7.213  -30.576  52.585 0.0000000000
128078  -8.464  -29.896  56.065 0.0000000000
47352  -7.216  -31.602  54.206 0.0000000000
46225  -7.477  -31.978  53.015 0.0000000000
46227  -9.089  -32.137  53.411 0.0000000000
46244  -9.357  -32.002  53.104 0.0000000000
46229  -11.535  -31.819  53.745 0.0000000000
45066  -12.927  -32.931  53.173 0.0000000000
45051  -12.762  -32.996  53.931 0.0000000000
46173  -12.156  -32.133  56.476 0.0000000000
46191  -12.126  -32.062  55.497 0.0000000000
43942  -13.528  -34.964  54.438 0.0000000000
43957  -13.501  -34.670  53.466 0.0000000000
42939  -12.964  -36.149  52.240 0.0000000000
42922  -12.761  -36.210  52.838 0.0000000000
40970  -11.831  -37.435  52.776 0.0000000000
40971  -12.173  -37.097  52.527 0.0000000000
40048  -11.054  -38.603  51.697 0.0000000000
63978  -49.167  -16.500  43.192 0.0000000000
62797  -48.843  -16.835  43.131 0.0000000000
61444  -39.553  -18.762  55.249 0.0000000000
60497  -43.803  -18.168  41.415 0.0000000000
62839  -45.563  -17.668  40.969 0.0000000000
61690  -44.393  -17.744  40.030 0.0000000000
61691  -44.480  -17.591  39.692 0.0000000000
61692  -44.542  -17.429  39.537 0.0000000000
62856  -45.229  -17.200  39.862 0.0000000000
64021  -45.377  -16.663  39.827 0.0000000000
62807  -47.454  -16.969  42.922 0.0000000000
63982  -47.818  -16.513  42.415 0.0000000000
63995  -47.959  -16.141  42.172 0.0000000000
41830  -15.374  -35.651  61.632 0.0000000000
42820  -16.305  -35.008  60.250 0.0000000000
41844  -14.490  -36.475  58.407 0.0000000000
41836  -14.592  -36.197  59.245 0.0000000000
40919  -14.209  -36.824  58.475 0.0000000000
40915  -14.257  -36.789  59.303 0.0000000000
40924  -13.887  -37.393  57.695 0.0000000000
40025  -14.033  -38.303  56.188 0.0000000000
39178  -14.144  -38.654  55.762 0.0000000000
39183  -14.111  -39.557  54.722 0.0000000000
40028  -14.317  -38.734  55.086 0.0000000000
47397  -23.964  -31.061  52.075 0.0000000000
48455  -23.456  -30.663  52.675 0.0000000000
48422  -22.866  -29.976  54.731 0.0000000000
47412  -20.140  -31.995  51.651 0.0000000000
46268  -19.558  -32.083  52.054 0.0000000000
47360  -19.002  -31.181  54.371 0.0000000000
48419  -19.612  -30.779  53.750 0.0000000000
48392  -20.741  -30.783  56.464 0.0000000000
47342  -19.990  -31.155  56.132 0.0000000000
46175  -18.600  -31.267  56.361 0.0000000000
46156  -18.857  -31.682  56.981 0.0000000000
46137  -18.811  -31.616  57.742 0.0000000000
46155  -18.241  -31.909  57.403 0.0000000000
43931  -16.813  -34.010  55.539 0.0000000000
43919  -16.686  -33.855  56.104 0.0000000000
43918  -16.425  -34.534  56.243 0.0000000000
43930  -16.466  -34.904  55.205 0.0000000000
41954  -16.754  -36.116  51.209 0.0000000000
42925  -17.009  -35.278  52.693 0.0000000000
41943  -16.810  -36.080  52.025 0.0000000000
41941  -15.693  -36.939  52.466 0.0000000000
41942  -16.201  -36.586  52.794 0.0000000000
41927  -15.723  -36.604  53.646 0.0000000000
42903  -15.576  -36.150  54.186 0.0000000000
41926  -15.518  -36.838  54.399 0.0000000000
40965  -15.467  -37.393  53.719 0.0000000000
52484  -10.173  -26.130  50.018 0.0000000000
53596  -9.966  -25.475  49.747 0.0000000000
50426  -9.391  -28.166  49.648 0.0000000000
51430  -9.750  -27.786  50.063 0.0000000000
51440  -7.969  -27.712  49.133 0.0000000000
51452  -7.518  -27.500  48.697 0.0000000000
52495  -7.450  -27.251  48.687 0.0000000000
50432  -7.427  -27.573  48.521 0.0000000000
51462  -7.141  -27.349  48.136 0.0000000000
50443  -7.555  -28.007  47.721 0.0000000000
49477  -9.733  -29.042  47.613 0.0000000000
50459  -9.651  -28.560  46.803 0.0000000000
47411  -11.544  -31.486  51.301 0.0000000000
47410  -10.920  -31.294  51.486 0.0000000000
47456  -10.829  -30.796  49.455 0.0000000000
44062  -14.481  -33.835  47.447 0.0000000000
45128  -14.428  -32.951  48.194 0.0000000000
47459  -12.707  -31.234  48.232 0.0000000000
46306  -13.115  -31.861  48.199 0.0000000000
48498  -12.023  -30.378  48.181 0.0000000000
48506  -13.437  -30.321  47.441 0.0000000000
49481  -13.499  -29.667  47.126 0.0000000000
44947  -10.086  -33.665  60.638 0.0000000000
40888  -13.419  -37.023  63.765 0.0000000000
41814  -13.116  -36.441  64.243 0.0000000000
40887  -12.652  -37.323  63.800 0.0000000000
39986  -11.684  -37.651  63.220 0.0000000000
40886  -11.974  -37.215  63.564 0.0000000000
40885  -11.659  -37.199  63.267 0.0000000000
40889  -11.230  -37.071  62.530 0.0000000000
39149  -9.923  -39.185  60.984 0.0000000000
39994  -9.791  -38.923  61.939 0.0000000000
40001  -9.940  -38.961  61.027 0.0000000000
40901  -11.494  -37.482  61.232 0.0000000000
40900  -11.214  -37.849  61.660 0.0000000000
41827  -11.282  -37.138  61.540 0.0000000000
41823  -11.090  -36.694  61.831 0.0000000000
42810  -11.221  -36.055  61.771 0.0000000000
42813  -11.078  -35.170  61.631 0.0000000000
42818  -11.484  -35.699  60.517 0.0000000000
44962  -11.455  -34.524  59.768 0.0000000000
43878  -11.995  -34.818  59.598 0.0000000000
42825  -12.353  -35.619  59.047 0.0000000000
41856  -11.898  -37.008  57.604 0.0000000000
41873  -12.126  -37.083  56.960 0.0000000000
41874  -12.450  -36.745  56.457 0.0000000000
40932  -12.097  -37.383  56.438 0.0000000000
39168  -9.679  -39.824  56.494 0.0000000000
39175  -10.238  -39.473  55.819 0.0000000000
40953  -10.892  -39.163  53.977 0.0000000000
40026  -11.368  -39.052  55.096 0.0000000000
41891  -11.554  -38.470  54.669 0.0000000000
41893  -11.727  -37.828  55.173 0.0000000000
40955  -11.489  -38.488  54.106 0.0000000000
40963  -11.502  -38.177  53.803 0.0000000000
39194  -9.457  -39.684  52.399 0.0000000000
40046  -9.786  -39.337  52.240 0.0000000000
39195  -9.822  -39.493  51.639 0.0000000000
39196  -10.415  -39.174  51.461 0.0000000000
31463  -10.112  -45.527  53.702 0.0000000000
31484  -9.356  -46.234  51.787 0.0000000000
31485  -9.664  -46.252  52.343 0.0000000000
32467  -9.521  -45.196  53.371 0.0000000000
33491  -9.470  -44.650  53.227 0.0000000000
34515  -8.973  -45.004  51.958 0.0000000000
35464  -9.625  -44.134  52.470 0.0000000000
35465  -9.426  -43.323  52.729 0.0000000000
35478  -9.578  -44.128  51.867 0.0000000000
36479  -10.094  -42.729  50.494 0.0000000000
37457  -10.677  -41.683  50.121 0.0000000000
37466  -10.550  -41.583  49.199 0.0000000000
38385  -10.130  -40.424  49.889 0.0000000000
46203  -42.308  -31.997  54.655 0.0000000000
46187  -42.380  -32.003  55.206 0.0000000000
45022  -42.074  -33.033  55.140 0.0000000000
45021  -41.324  -33.106  55.557 0.0000000000
42921  -40.393  -33.033  52.634 0.0000000000
43955  -40.985  -32.847  53.573 0.0000000000
45046  -41.374  -32.265  53.899 0.0000000000
42918  -38.492  -33.821  53.344 0.0000000000
42935  -38.658  -33.571  52.377 0.0000000000
42920  -39.922  -33.514  52.844 0.0000000000
41905  -38.679  -35.962  54.751 0.0000000000
42897  -39.419  -35.168  54.312 0.0000000000
41922  -39.089  -34.784  53.919 0.0000000000
42868  -40.020  -35.019  55.922 0.0000000000
67553  -49.541  -13.666  42.376 0.0000000000
67535  -49.961  -13.871  43.184 0.0000000000
65139  -46.670  -15.486  40.735 0.0000000000
66318  -46.325  -15.166  40.203 0.0000000000
66308  -47.201  -14.654  40.682 0.0000000000
66302  -49.106  -13.980  41.693 0.0000000000
60326  -40.392  -19.595  52.008 0.0000000000
60327  -40.784  -19.533  52.429 0.0000000000
60308  -40.398  -19.429  52.842 0.0000000000
61462  -40.311  -19.146  54.914 0.0000000000
61504  -36.220  -19.111  50.180 0.0000000000
61506  -37.678  -18.207  50.606 0.0000000000
61527  -38.413  -18.460  49.970 0.0000000000
61528  -38.937  -18.740  50.246 0.0000000000
61508  -39.289  -18.878  50.723 0.0000000000
60325  -39.825  -19.347  51.289 0.0000000000
40981  -11.601  -38.057  50.686 0.0000000000
40059  -10.907  -38.271  48.907 0.0000000000
40066  -10.680  -38.725  48.109 0.0000000000
39176  -13.748  -39.399  55.970 0.0000000000
38360  -13.341  -40.032  56.158 0.0000000000
37437  -12.660  -41.091  55.099 0.0000000000
52456  -39.290  -26.870  53.126 0.0000000000
52455  -38.694  -26.486  53.086 0.0000000000
52465  -38.317  -26.304  52.383 0.0000000000
53574  -38.077  -25.478  52.714 0.0000000000
54707  -37.433  -25.368  52.533 0.0000000000
55855  -36.776  -24.710  53.980 0.0000000000
41840  -31.223  -35.632  59.106 0.0000000000
44038  -30.477  -34.602  49.562 0.0000000000
71856  -50.946  -8.792  37.711 0.0000000000
71862  -51.017  -8.962  36.750 0.0000000000
72897  -51.453  -8.290  37.823 0.0000000000
73941  -52.215  -7.487  38.376 0.0000000000
46152  -9.806  -32.395  57.912 0.0000000000
44991  -11.472  -33.404  58.084 0.0000000000
128410  -45.237  -18.781  46.256 0.0000000000
62767  -42.438  -17.929  45.495 0.0000000000
61608  -42.922  -18.276  44.834 0.0000000000
61609  -43.785  -18.017  44.581 0.0000000000
61622  -43.788  -17.971  43.613 0.0000000000
62783  -44.548  -17.828  45.000 0.0000000000
44952  -17.817  -33.308  59.943 0.0000000000
44978  -17.645  -33.078  58.445 0.0000000000
46176  -25.357  -32.055  56.245 0.0000000000
52544  -9.121  -27.266  46.086 0.0000000000
53659  -9.264  -25.776  45.705 0.0000000000
48466  -7.968  -30.744  51.729 0.0000000000
42014  -13.496  -36.373  45.323 0.0000000000
43039  -13.494  -35.778  44.418 0.0000000000
44113  -13.695  -34.849  43.813 0.0000000000
127875  -10.174  -41.301  58.542 0.0000000000
35433  -10.008  -41.390  56.807 0.0000000000
37432  -9.640  -41.113  56.308 0.0000000000
36446  -9.626  -41.942  55.783 0.0000000000
36447  -9.965  -42.580  54.978 0.0000000000
35437  -9.758  -42.857  54.091 0.0000000000
47388  -41.984  -30.841  53.483 0.0000000000
47404  -42.118  -31.163  52.763 0.0000000000
49440  -42.100  -30.124  53.217 0.0000000000
49439  -41.869  -29.843  53.093 0.0000000000
50400  -41.514  -29.221  53.186 0.0000000000
51416  -41.144  -28.747  53.272 0.0000000000
42979  -38.710  -34.085  49.704 0.0000000000
42915  -36.235  -34.942  53.485 0.0000000000
43969  -35.543  -34.492  53.215 0.0000000000
42930  -34.458  -34.841  52.593 0.0000000000
42945  -33.768  -35.410  51.724 0.0000000000
68703  -48.960  -11.736  38.960 0.0000000000
68704  -49.283  -11.695  39.303 0.0000000000
69777  -49.419  -11.165  38.895 0.0000000000
69771  -49.721  -10.909  39.888 0.0000000000
59266  -43.269  -20.766  50.674 0.0000000000
58212  -43.888  -21.337  51.807 0.0000000000
61544  -40.079  -18.664  47.870 0.0000000000
61546  -41.569  -18.716  48.258 0.0000000000
60409  -42.031  -19.028  48.227 0.0000000000
46296  -24.259  -32.466  48.718 0.0000000000
54755  -7.490  -24.723  47.206 0.0000000000
53618  -7.330  -25.860  47.086 0.0000000000
52526  -7.247  -26.738  46.974 0.0000000000
51475  -7.243  -27.589  46.763 0.0000000000
46248  -13.314  -33.043  51.988 0.0000000000
41975  -12.061  -36.816  47.729 0.0000000000
41985  -11.720  -36.685  47.124 0.0000000000
41015  -11.086  -37.684  44.935 0.0000000000
39999  -14.378  -37.362  61.846 0.0000000000
40005  -14.179  -37.465  61.723 0.0000000000
40902  -13.479  -38.439  60.989 0.0000000000
40908  -13.437  -38.639  60.659 0.0000000000
38351  -11.661  -41.471  57.730 0.0000000000
38347  -11.753  -41.283  58.582 0.0000000000
37426  -11.522  -41.700  58.784 0.0000000000
127880  -11.312  -42.152  58.727 0.0000000000
36444  -11.421  -42.656  58.769 0.0000000000
127882  -11.135  -42.283  59.263 0.0000000000
34463  -11.309  -43.474  58.437 0.0000000000
33465  -11.090  -44.106  58.144 0.0000000000
61427  -36.914  -18.749  54.657 0.0000000000
60257  -36.291  -19.408  55.090 0.0000000000
53603  -38.279  -27.472  49.936 0.0000000000
55888  -35.625  -23.460  52.699 0.0000000000
58194  -35.235  -21.400  51.993 0.0000000000
59230  -35.370  -20.522  52.478 0.0000000000
59217  -35.519  -20.518  53.060 0.0000000000
43894  -27.145  -33.576  57.629 0.0000000000
43908  -26.834  -33.895  56.973 0.0000000000
45014  -26.794  -33.374  56.163 0.0000000000
40937  -32.324  -35.860  56.574 0.0000000000
40936  -31.585  -35.519  56.968 0.0000000000
41899  -31.516  -35.397  55.615 0.0000000000
42877  -30.642  -35.078  55.417 0.0000000000
45075  -29.193  -33.183  52.072 0.0000000000
45074  -28.606  -33.164  52.257 0.0000000000
45073  -28.043  -33.539  52.352 0.0000000000
43983  -27.516  -33.814  52.559 0.0000000000
44002  -26.970  -33.517  51.928 0.0000000000
45088  -26.020  -33.240  51.688 0.0000000000
45101  -25.678  -33.390  51.045 0.0000000000
45115  -25.176  -33.395  50.273 0.0000000000
45116  -25.958  -33.451  49.878 0.0000000000
72919  -49.940  -8.166  34.678 0.0000000000
48418  -8.435  -30.813  55.457 0.0000000000
48417  -7.880  -30.735  54.218 0.0000000000
46208  -9.237  -32.008  54.284 0.0000000000
45008  -13.105  -33.813  56.092 0.0000000000
43929  -13.385  -35.093  55.443 0.0000000000
42884  -12.990  -35.832  54.261 0.0000000000
42901  -12.637  -36.309  53.588 0.0000000000
41939  -11.737  -37.108  53.375 0.0000000000
40964  -11.579  -37.667  53.401 0.0000000000
62796  -48.216  -16.942  43.680 0.0000000000
61653  -44.900  -17.664  41.888 0.0000000000
62838  -45.365  -17.734  41.510 0.0000000000
62822  -46.549  -17.430  41.928 0.0000000000
42827  -15.022  -35.430  59.125 0.0000000000
42837  -14.571  -36.104  58.551 0.0000000000
41858  -14.102  -37.143  57.507 0.0000000000
41875  -14.263  -37.140  57.192 0.0000000000
40946  -14.237  -37.512  56.358 0.0000000000
40947  -14.402  -37.594  55.740 0.0000000000
47433  -22.418  -30.884  50.350 0.0000000000
48468  -22.537  -30.759  51.924 0.0000000000
47414  -21.838  -30.852  51.591 0.0000000000
47395  -20.998  -31.042  52.124 0.0000000000
46267  -18.696  -32.532  51.643 0.0000000000
46250  -18.967  -32.149  52.683 0.0000000000
46233  -18.799  -32.108  53.266 0.0000000000
47376  -18.694  -32.055  53.525 0.0000000000
47341  -19.004  -30.856  55.631 0.0000000000
47340  -18.331  -31.515  54.866 0.0000000000
46193  -18.025  -31.500  55.790 0.0000000000
45011  -17.694  -32.522  56.123 0.0000000000
45025  -17.317  -33.072  55.101 0.0000000000
43944  -16.859  -34.380  54.451 0.0000000000
41953  -16.087  -36.711  51.657 0.0000000000
40972  -15.540  -37.393  52.637 0.0000000000
40045  -15.407  -38.449  52.265 0.0000000000
49460  -8.460  -28.732  48.753 0.0000000000
49466  -8.167  -28.636  47.881 0.0000000000
47445  -13.346  -31.587  49.925 0.0000000000
45160  -14.255  -33.401  46.763 0.0000000000
46319  -13.425  -31.768  47.695 0.0000000000
47470  -12.972  -31.143  47.719 0.0000000000
39137  -12.432  -38.211  62.969 0.0000000000
39988  -12.550  -37.929  63.320 0.0000000000
39136  -12.116  -38.196  63.065 0.0000000000
39992  -11.774  -38.085  63.076 0.0000000000
39991  -11.427  -38.110  62.581 0.0000000000
40008  -10.467  -38.705  60.404 0.0000000000
41833  -11.773  -36.521  59.070 0.0000000000
41834  -12.194  -36.179  58.867 0.0000000000
41841  -11.659  -36.966  58.273 0.0000000000
38366  -9.438  -40.017  55.310 0.0000000000
39180  -9.937  -39.680  55.077 0.0000000000
39179  -10.017  -39.916  54.423 0.0000000000
39184  -10.149  -40.156  53.910 0.0000000000
40035  -10.353  -39.396  53.440 0.0000000000
40041  -9.893  -39.605  53.028 0.0000000000
39193  -9.380  -39.941  52.791 0.0000000000
38378  -9.692  -40.526  51.811 0.0000000000
31494  -9.566  -46.371  51.809 0.0000000000
32490  -9.203  -45.892  51.836 0.0000000000
33514  -9.305  -44.956  52.268 0.0000000000
32502  -9.428  -45.973  51.862 0.0000000000
33523  -9.316  -45.345  51.971 0.0000000000
33541  -9.312  -45.070  51.579 0.0000000000
36487  -10.463  -42.665  49.513 0.0000000000
42968  -40.215  -33.575  49.814 0.0000000000
42969  -40.754  -33.469  49.786 0.0000000000
42954  -40.643  -33.060  50.576 0.0000000000
43974  -41.589  -32.211  51.941 0.0000000000
43972  -40.819  -32.574  52.553 0.0000000000
43973  -41.316  -32.174  52.551 0.0000000000
45060  -41.681  -31.689  52.721 0.0000000000
49422  -42.531  -29.967  54.255 0.0000000000
44009  -36.693  -34.179  51.637 0.0000000000
42964  -37.711  -33.851  51.124 0.0000000000
42966  -38.973  -33.751  50.310 0.0000000000
42967  -39.495  -33.538  49.922 0.0000000000
41919  -37.096  -35.483  54.462 0.0000000000
41920  -37.884  -35.077  54.519 0.0000000000
42895  -37.148  -35.066  53.841 0.0000000000
43989  -36.562  -34.160  52.479 0.0000000000
68676  -50.265  -12.059  41.814 0.0000000000
66316  -45.627  -14.814  39.357 0.0000000000
66332  -45.335  -14.262  37.964 0.0000000000
67583  -45.723  -13.939  38.307 0.0000000000
68700  -46.606  -12.442  38.127 0.0000000000
68692  -47.734  -12.386  39.045 0.0000000000
59279  -41.312  -19.871  50.153 0.0000000000
59232  -42.444  -19.914  52.768 0.0000000000
59221  -42.388  -20.276  53.882 0.0000000000
59220  -41.574  -20.257  54.240 0.0000000000
60355  -36.279  -19.081  49.423 0.0000000000
60403  -35.694  -19.582  47.939 0.0000000000
60424  -36.658  -19.294  46.550 0.0000000000
61577  -37.034  -18.799  46.682 0.0000000000
42940  -13.489  -35.632  51.848 0.0000000000
40990  -12.146  -37.622  49.501 0.0000000000
40996  -12.256  -37.563  48.613 0.0000000000
41002  -12.255  -37.849  48.083 0.0000000000
41001  -11.982  -37.826  47.632 0.0000000000
40999  -10.030  -37.553  46.759 0.0000000000
40077  -10.182  -39.167  45.567 0.0000000000
39216  -10.472  -39.172  46.510 0.0000000000
39220  -10.425  -39.288  46.072 0.0000000000
38400  -10.085  -40.021  44.818 0.0000000000
40013  -13.712  -37.927  58.640 0.0000000000
39160  -13.469  -39.589  58.101 0.0000000000
38352  -13.021  -40.436  57.845 0.0000000000
38359  -12.952  -40.404  56.541 0.0000000000
38355  -12.576  -40.815  56.922 0.0000000000
59203  -35.518  -20.945  54.824 0.0000000000
58158  -35.520  -21.838  55.125 0.0000000000
49448  -40.166  -29.646  51.397 0.0000000000
50422  -39.559  -29.049  50.984 0.0000000000
53593  -38.295  -27.088  50.270 0.0000000000
53601  -37.913  -25.845  50.003 0.0000000000
54725  -36.901  -25.452  50.771 0.0000000000
54714  -36.195  -24.478  51.975 0.0000000000
54706  -36.649  -24.995  52.461 0.0000000000
53573  -36.382  -24.733  52.433 0.0000000000
54705  -36.059  -24.416  52.624 0.0000000000
42844  -28.790  -34.379  58.423 0.0000000000
41862  -29.107  -34.003  57.239 0.0000000000
41946  -31.234  -36.041  52.602 0.0000000000
41930  -30.966  -35.988  53.406 0.0000000000
41955  -30.774  -36.062  52.191 0.0000000000
42928  -30.435  -35.534  52.482 0.0000000000
43986  -30.445  -34.511  52.236 0.0000000000
44021  -30.323  -34.751  50.494 0.0000000000
44020  -29.490  -34.172  50.905 0.0000000000
44003  -29.612  -33.992  51.797 0.0000000000
45092  -29.092  -33.176  51.357 0.0000000000
45104  -28.296  -33.268  50.551 0.0000000000
45118  -27.695  -33.086  49.847 0.0000000000
71882  -49.965  -8.375  35.492 0.0000000000
72920  -50.398  -8.262  35.230 0.0000000000
72913  -50.634  -7.968  34.873 0.0000000000
73978  -50.804  -7.594  34.648 0.0000000000
73985  -51.018  -7.283  34.284 0.0000000000
75050  -51.414  -6.763  35.585 0.0000000000
73970  -52.385  -7.042  37.225 0.0000000000
46189  -10.235  -31.678  56.082 0.0000000000
60488  -46.382  -18.111  44.278 0.0000000000
60489  -46.579  -18.282  44.415 0.0000000000
59346  -46.518  -18.201  44.957 0.0000000000
59304  -45.908  -18.579  46.581 0.0000000000
62792  -41.596  -17.416  43.502 0.0000000000
60486  -43.564  -17.983  42.100 0.0000000000
61652  -44.226  -17.856  42.031 0.0000000000
61636  -44.106  -17.803  42.814 0.0000000000
61638  -45.937  -18.467  43.272 0.0000000000
43864  -17.430  -34.529  61.254 0.0000000000
43869  -16.771  -34.436  59.718 0.0000000000
44951  -17.175  -33.830  59.569 0.0000000000
44950  -17.113  -34.297  59.309 0.0000000000
42829  -16.797  -34.737  59.179 0.0000000000
42852  -15.720  -35.144  57.713 0.0000000000
42860  -15.787  -35.343  56.755 0.0000000000
46309  -19.874  -32.199  48.867 0.0000000000
46294  -19.379  -32.703  49.726 0.0000000000
45099  -18.849  -33.591  50.358 0.0000000000
45085  -18.692  -33.236  51.060 0.0000000000
45084  -17.978  -33.328  51.520 0.0000000000
45069  -17.681  -33.115  52.085 0.0000000000
43978  -17.382  -33.912  52.100 0.0000000000
43977  -17.387  -34.433  52.672 0.0000000000
42942  -17.713  -34.631  51.825 0.0000000000
42941  -17.493  -35.316  51.694 0.0000000000
50405  -10.198  -28.280  51.445 0.0000000000
51431  -10.282  -27.844  50.794 0.0000000000
50416  -9.851  -28.256  50.778 0.0000000000
49453  -8.914  -29.748  50.394 0.0000000000
48488  -10.341  -30.380  49.472 0.0000000000
44061  -14.275  -34.416  47.925 0.0000000000
45159  -14.001  -33.356  46.275 0.0000000000
46360  -14.002  -33.044  46.256 0.0000000000
46085  -10.692  -32.717  63.979 0.0000000000
44922  -10.888  -33.607  63.809 0.0000000000
43846  -10.814  -34.267  63.644 0.0000000000
38341  -10.998  -39.971  61.064 0.0000000000
38338  -10.483  -39.522  61.806 0.0000000000
38340  -10.589  -39.452  60.991 0.0000000000
39148  -10.237  -39.369  60.470 0.0000000000
40006  -9.803  -39.276  60.139 0.0000000000
39151  -10.741  -39.556  59.579 0.0000000000
39152  -10.462  -39.281  59.524 0.0000000000
40010  -10.327  -39.039  59.476 0.0000000000
39155  -10.649  -39.137  58.587 0.0000000000
40014  -10.653  -38.767  58.212 0.0000000000
40018  -10.723  -38.850  57.408 0.0000000000
39163  -10.573  -39.314  57.430 0.0000000000
39167  -9.232  -39.984  56.423 0.0000000000
38358  -9.481  -40.788  56.208 0.0000000000
38357  -9.279  -40.331  56.202 0.0000000000
38361  -9.246  -40.092  55.734 0.0000000000
47453  -42.333  -30.992  49.838 0.0000000000
48485  -42.042  -30.694  50.051 0.0000000000
44031  -41.230  -33.034  50.180 0.0000000000
45110  -42.007  -32.472  50.389 0.0000000000
47421  -42.264  -31.189  51.905 0.0000000000
47439  -42.234  -31.612  51.179 0.0000000000
46289  -42.229  -31.594  50.680 0.0000000000
46288  -42.169  -31.244  50.485 0.0000000000
47436  -41.651  -31.103  50.785 0.0000000000
48484  -41.347  -30.883  50.628 0.0000000000
51427  -40.476  -28.427  52.269 0.0000000000
52468  -40.150  -27.699  52.917 0.0000000000
53584  -40.030  -27.341  53.117 0.0000000000
53583  -39.830  -27.304  52.994 0.0000000000
40929  -32.835  -36.202  57.129 0.0000000000
41915  -32.548  -35.206  54.382 0.0000000000
40951  -34.900  -36.161  54.791 0.0000000000
40968  -35.230  -35.903  53.777 0.0000000000
40967  -34.714  -36.056  53.752 0.0000000000
40958  -34.170  -36.250  54.109 0.0000000000
41916  -33.262  -35.711  54.029 0.0000000000
41931  -32.058  -35.416  53.477 0.0000000000
41964  -31.681  -35.903  51.120 0.0000000000
42959  -31.361  -35.266  50.596 0.0000000000
41966  -32.740  -35.589  50.654 0.0000000000
42960  -32.272  -35.295  50.271 0.0000000000
69775  -48.364  -11.463  37.972 0.0000000000
69788  -47.779  -11.516  37.631 0.0000000000
71855  -50.200  -9.518  38.007 0.0000000000
71854  -49.945  -9.952  38.518 0.0000000000
61566  -44.013  -18.593  47.676 0.0000000000
61567  -44.415  -18.709  47.952 0.0000000000
61548  -43.980  -19.407  48.153 0.0000000000
60345  -44.224  -19.896  50.413 0.0000000000
59249  -43.496  -20.652  51.912 0.0000000000
58195  -43.798  -21.065  52.563 0.0000000000
61580  -41.524  -17.649  46.780 0.0000000000
62750  -41.990  -17.615  46.230 0.0000000000
62736  -43.289  -18.224  47.206 0.0000000000
46253  -24.607  -32.181  52.369 0.0000000000
46271  -24.905  -31.948  51.881 0.0000000000
47416  -24.398  -31.633  51.605 0.0000000000
48483  -22.189  -31.111  49.685 0.0000000000
48489  -21.982  -31.324  49.540 0.0000000000
47448  -21.485  -31.447  49.451 0.0000000000
47460  -20.777  -31.722  48.605 0.0000000000
51490  -8.895  -28.162  46.326 0.0000000000
45079  -9.768  -31.392  52.510 0.0000000000
46261  -10.070  -31.143  52.115 0.0000000000
46263  -11.208  -31.525  52.004 0.0000000000
42955  -13.718  -35.432  50.914 0.0000000000
42971  -14.103  -35.383  50.153 0.0000000000
41005  -10.423  -38.337  45.341 0.0000000000
40897  -13.944  -37.425  62.467 0.0000000000
40896  -13.422  -37.705  62.759 0.0000000000
39993  -12.855  -38.246  62.806 0.0000000000
38339  -12.105  -39.070  62.267 0.0000000000
37418  -11.351  -39.554  61.489 0.0000000000
37422  -12.007  -41.236  59.354 0.0000000000
127883  -11.382  -39.951  60.687 0.0000000000
36438  -10.727  -41.864  58.944 0.0000000000
35427  -10.686  -42.780  58.333 0.0000000000
35426  -10.470  -42.394  58.566 0.0000000000
33472  -9.827  -44.048  55.538 0.0000000000
61460  -38.608  -18.689  53.682 0.0000000000
50431  -39.767  -30.292  50.233 0.0000000000
51457  -38.861  -28.602  49.336 0.0000000000
58222  -34.816  -21.230  49.863 0.0000000000
59261  -35.154  -20.281  50.494 0.0000000000
60322  -35.635  -19.382  51.091 0.0000000000
59244  -35.222  -20.409  51.538 0.0000000000
61474  -36.724  -18.671  52.073 0.0000000000
44980  -26.451  -32.700  57.405 0.0000000000
46138  -26.188  -32.378  57.261 0.0000000000
46157  -25.950  -32.296  56.893 0.0000000000
45027  -25.937  -32.561  55.134 0.0000000000
45055  -24.619  -32.819  53.474 0.0000000000
41850  -31.051  -36.096  58.515 0.0000000000
40926  -30.696  -35.616  57.505 0.0000000000
41849  -30.098  -35.621  58.064 0.0000000000
41863  -29.719  -34.711  57.312 0.0000000000
41878  -28.681  -33.841  56.735 0.0000000000
41914  -30.406  -36.020  53.690 0.0000000000
43952  -30.235  -35.267  54.455 0.0000000000
43937  -30.043  -34.874  54.877 0.0000000000
43936  -29.359  -34.546  55.030 0.0000000000
42875  -29.287  -34.661  55.510 0.0000000000
43924  -28.686  -34.339  55.923 0.0000000000
42861  -28.079  -33.825  56.510 0.0000000000
45015  -27.338  -33.589  55.873 0.0000000000
45029  -26.921  -33.429  55.434 0.0000000000
45041  -26.579  -33.375  54.921 0.0000000000
43963  -26.613  -33.913  53.678 0.0000000000
43947  -26.095  -33.438  54.607 0.0000000000
43961  -25.275  -33.580  53.881 0.0000000000
43979  -24.581  -33.322  53.297 0.0000000000
45070  -23.822  -33.324  52.900 0.0000000000
46269  -23.933  -33.292  51.862 0.0000000000
76119  -51.447  -5.861  34.103 0.0000000000
76125  -51.836  -4.970  32.838 0.0000000000
78287  -53.201  -3.613  33.395 0.0000000000
50393  -8.899  -28.903  52.391 0.0000000000
49433  -8.512  -29.775  52.269 0.0000000000
47392  -7.678  -30.487  52.063 0.0000000000
48464  -6.813  -31.147  51.452 0.0000000000
46241  -7.333  -31.524  52.002 0.0000000000
49424  -7.233  -30.185  53.922 0.0000000000
48416  -6.567  -30.879  54.198 0.0000000000
48432  -6.608  -30.773  53.329 0.0000000000
47371  -6.736  -31.313  52.816 0.0000000000
46242  -7.784  -31.448  52.701 0.0000000000
45077  -8.407  -31.378  52.693 0.0000000000
45063  -9.443  -31.747  52.911 0.0000000000
46245  -9.899  -31.919  53.096 0.0000000000
41959  -12.129  -37.365  51.497 0.0000000000
40052  -10.939  -39.089  50.496 0.0000000000
65113  -48.949  -15.673  42.817 0.0000000000
65103  -49.356  -15.657  43.131 0.0000000000
65114  -49.377  -16.752  42.681 0.0000000000
60524  -43.725  -18.999  39.630 0.0000000000
60549  -44.148  -19.116  38.945 0.0000000000
60508  -44.145  -17.925  40.121 0.0000000000
60525  -43.868  -18.141  39.465 0.0000000000
60550  -44.258  -18.698  38.702 0.0000000000
60551  -44.516  -18.486  38.865 0.0000000000
62886  -44.391  -17.178  38.955 0.0000000000
64031  -44.947  -16.534  39.547 0.0000000000
64032  -45.431  -16.123  39.847 0.0000000000
64022  -45.744  -16.254  40.152 0.0000000000
63993  -46.462  -16.732  41.145 0.0000000000
64010  -46.292  -16.147  40.627 0.0000000000
40899  -14.719  -36.557  62.034 0.0000000000
42817  -16.840  -34.932  61.540 0.0000000000
42819  -15.606  -35.706  59.770 0.0000000000
40016  -13.788  -38.073  57.997 0.0000000000
39165  -13.821  -39.000  56.749 0.0000000000
40024  -13.954  -37.966  56.674 0.0000000000
40021  -13.890  -38.607  56.411 0.0000000000
39171  -13.823  -39.047  56.142 0.0000000000
38364  -14.124  -39.666  55.270 0.0000000000
39182  -13.938  -39.946  54.498 0.0000000000
47380  -24.479  -31.318  53.716 0.0000000000
47379  -23.974  -31.115  53.960 0.0000000000
48439  -23.679  -30.609  53.835 0.0000000000
48423  -24.137  -30.282  54.604 0.0000000000
48405  -21.743  -30.186  55.699 0.0000000000
47431  -20.130  -31.979  50.747 0.0000000000
48452  -20.607  -30.930  52.469 0.0000000000
47393  -19.455  -31.749  52.707 0.0000000000
48436  -20.299  -30.737  53.057 0.0000000000
48393  -21.578  -30.307  56.750 0.0000000000
48380  -21.010  -30.716  57.083 0.0000000000
47321  -19.357  -31.260  56.544 0.0000000000
47294  -19.542  -31.262  58.065 0.0000000000
44994  -16.869  -33.510  57.125 0.0000000000
44976  -16.522  -33.928  57.524 0.0000000000
44993  -16.562  -34.041  56.934 0.0000000000
43958  -17.199  -34.270  53.373 0.0000000000
42905  -16.807  -35.141  53.628 0.0000000000
41911  -15.631  -36.186  55.151 0.0000000000
41897  -15.329  -36.356  55.534 0.0000000000
41910  -15.265  -36.845  55.199 0.0000000000
40034  -14.802  -38.147  54.456 0.0000000000
40040  -14.889  -38.405  53.344 0.0000000000
40033  -14.191  -38.674  54.162 0.0000000000
53594  -8.697  -25.995  48.782 0.0000000000
52471  -9.166  -27.075  50.118 0.0000000000
51441  -8.861  -27.760  49.460 0.0000000000
52482  -8.476  -26.950  49.480 0.0000000000
52496  -8.061  -26.566  48.415 0.0000000000
51463  -7.358  -27.463  47.351 0.0000000000
50458  -7.290  -28.379  46.696 0.0000000000
49495  -8.242  -29.418  46.166 0.0000000000
49515  -8.012  -30.203  45.437 0.0000000000
50487  -8.445  -29.726  45.098 0.0000000000
50460  -10.414  -28.274  46.817 0.0000000000
46281  -10.285  -31.114  51.718 0.0000000000
47426  -10.206  -31.176  51.062 0.0000000000
47428  -12.079  -31.478  50.624 0.0000000000
48496  -10.629  -30.449  48.731 0.0000000000
45112  -14.224  -32.827  48.902 0.0000000000
46291  -12.763  -31.630  48.791 0.0000000000
48503  -10.537  -30.176  47.723 0.0000000000
49478  -10.730  -29.393  47.458 0.0000000000
50446  -11.013  -28.597  47.292 0.0000000000
50461  -11.308  -28.098  46.832 0.0000000000
49497  -12.993  -28.836  46.673 0.0000000000
44960  -10.106  -33.336  59.707 0.0000000000
42802  -13.148  -35.866  64.833 0.0000000000
42801  -12.441  -35.835  64.577 0.0000000000
42807  -11.150  -35.878  63.447 0.0000000000
42806  -10.746  -35.607  62.969 0.0000000000
38332  -10.143  -39.436  62.292 0.0000000000
39145  -10.470  -38.985  62.258 0.0000000000
40895  -11.199  -37.997  62.283 0.0000000000
40002  -10.675  -38.805  61.337 0.0000000000
41818  -11.120  -36.572  62.518 0.0000000000
43868  -11.720  -34.026  60.921 0.0000000000
43867  -11.444  -34.654  60.698 0.0000000000
44961  -10.997  -34.075  59.982 0.0000000000
42836  -12.603  -35.409  58.090 0.0000000000
41894  -12.251  -37.062  55.419 0.0000000000
40930  -11.078  -38.300  57.124 0.0000000000
40027  -10.789  -39.049  55.610 0.0000000000
40943  -11.352  -38.391  55.819 0.0000000000
40944  -12.036  -37.821  55.942 0.0000000000
40037  -11.269  -38.239  53.176 0.0000000000
40043  -10.717  -38.636  52.632 0.0000000000
39201  -10.843  -39.131  51.055 0.0000000000
39199  -9.211  -38.804  50.410 0.0000000000
31472  -10.092  -45.833  53.070 0.0000000000
32468  -9.765  -45.411  53.541 0.0000000000
32456  -9.556  -44.628  54.102 0.0000000000
33471  -9.287  -43.804  54.897 0.0000000000
34475  -9.619  -43.370  54.547 0.0000000000
34495  -9.513  -44.225  52.963 0.0000000000
35447  -9.373  -42.683  53.797 0.0000000000
35457  -9.347  -42.634  53.431 0.0000000000
36465  -9.289  -42.421  53.074 0.0000000000
34534  -9.358  -44.882  51.425 0.0000000000
34516  -9.438  -44.218  51.216 0.0000000000
36466  -9.338  -42.438  52.420 0.0000000000
37447  -9.457  -41.718  52.815 0.0000000000
37448  -9.578  -41.785  52.088 0.0000000000
36480  -10.744  -42.362  49.918 0.0000000000
38382  -10.093  -40.807  50.715 0.0000000000
38383  -10.222  -40.193  50.869 0.0000000000
39206  -10.202  -39.955  50.353 0.0000000000
39205  -9.479  -39.292  50.114 0.0000000000
39210  -8.798  -39.069  49.631 0.0000000000
39211  -9.862  -39.378  49.395 0.0000000000
33480  -9.491  -44.301  54.547 0.0000000000
33503  -9.422  -45.007  52.965 0.0000000000
34517  -9.405  -44.012  50.956 0.0000000000
34533  -9.191  -44.893  51.979 0.0000000000
35432  -9.710  -41.799  56.254 0.0000000000
35448  -8.955  -42.364  53.824 0.0000000000
35477  -9.440  -44.671  51.993 0.0000000000
35494  -9.188  -44.774  51.858 0.0000000000
36442  -11.836  -41.586  59.431 0.0000000000
36443  -11.283  -42.948  58.696 0.0000000000
36445  -9.692  -42.363  55.339 0.0000000000
36448  -9.642  -41.550  56.155 0.0000000000
37413  -10.475  -39.378  62.164 0.0000000000
37415  -11.160  -39.262  61.615 0.0000000000
37416  -11.833  -39.379  61.918 0.0000000000
37417  -10.616  -39.390  61.969 0.0000000000
37423  -10.297  -41.245  59.124 0.0000000000
37424  -11.276  -42.025  59.956 0.0000000000
37427  -11.806  -41.235  58.950 0.0000000000
37428  -9.873  -42.308  55.107 0.0000000000
37429  -9.714  -42.077  55.274 0.0000000000
37430  -9.682  -42.176  54.976 0.0000000000
37439  -8.777  -41.996  54.360 0.0000000000
37458  -10.885  -42.068  49.721 0.0000000000
38331  -9.875  -39.463  62.266 0.0000000000
38333  -10.570  -39.146  62.089 0.0000000000
38334  -11.177  -38.901  61.654 0.0000000000
38336  -10.145  -39.486  61.160 0.0000000000
38337  -9.994  -39.562  61.784 0.0000000000
38353  -9.362  -40.052  56.643 0.0000000000
38362  -9.449  -39.886  55.528 0.0000000000
38363  -13.831  -39.953  55.437 0.0000000000
38367  -13.820  -40.229  54.563 0.0000000000
38377  -9.376  -40.140  52.500 0.0000000000
39138  -9.839  -39.194  62.349 0.0000000000
39139  -10.300  -39.034  62.412 0.0000000000
39144  -9.778  -39.167  61.657 0.0000000000
39146  -10.823  -38.907  61.914 0.0000000000
39166  -13.852  -38.808  56.450 0.0000000000
39169  -10.088  -39.622  56.350 0.0000000000
39173  -9.266  -39.871  56.133 0.0000000000
39177  -14.111  -39.193  55.636 0.0000000000
39181  -10.565  -39.376  55.280 0.0000000000
39185  -13.807  -39.972  54.083 0.0000000000
39189  -9.569  -39.659  52.843 0.0000000000
39198  -8.951  -38.533  50.280 0.0000000000
39204  -8.881  -38.698  50.114 0.0000000000
39225  -8.618  -38.983  44.502 0.0000000000
39230  -8.252  -38.954  44.464 0.0000000000
39237  -8.113  -39.060  44.088 0.0000000000
39989  -9.832  -38.957  62.338 0.0000000000
39990  -9.998  -38.957  62.551 0.0000000000
39996  -11.191  -38.518  61.861 0.0000000000
39998  -14.071  -37.567  61.989 0.0000000000
40000  -9.708  -39.112  60.496 0.0000000000
40022  -10.237  -39.661  56.673 0.0000000000
40030  -10.614  -39.512  54.118 0.0000000000
40032  -10.950  -39.219  55.156 0.0000000000
40038  -11.532  -37.875  53.028 0.0000000000
40039  -14.281  -38.847  53.605 0.0000000000
40051  -10.090  -39.159  50.022 0.0000000000
40057  -8.914  -38.616  49.584 0.0000000000
40061  -12.085  -37.860  48.935 0.0000000000
40070  -10.294  -38.591  45.691 0.0000000000
40080  -8.450  -38.802  44.459 0.0000000000
40081  -9.328  -38.928  44.578 0.0000000000
40082  -9.813  -39.080  45.025 0.0000000000
40903  -13.505  -37.969  61.062 0.0000000000
40920  -30.435  -35.942  57.773 0.0000000000
40921  -30.696  -36.162  57.919 0.0000000000
40933  -14.068  -37.656  56.946 0.0000000000
40935  -31.044  -35.325  57.253 0.0000000000
40954  -11.288  -38.914  54.256 0.0000000000
40959  -35.015  -36.017  54.172 0.0000000000
40961  -10.739  -39.080  53.805 0.0000000000
40966  -15.858  -36.975  53.288 0.0000000000
40969  -35.509  -35.925  53.708 0.0000000000
40975  -12.128  -37.273  52.320 0.0000000000
40978  -9.499  -38.182  49.919 0.0000000000
40979  -9.926  -38.723  49.700 0.0000000000
40986  -9.147  -38.219  49.555 0.0000000000
40992  -8.973  -38.542  49.250 0.0000000000
40993  -9.387  -38.585  49.158 0.0000000000
41006  -9.989  -37.556  45.895 0.0000000000
41008  -12.518  -37.066  45.416 0.0000000000
41824  -11.312  -36.245  61.566 0.0000000000
41837  -29.520  -35.151  58.533 0.0000000000
41843  -14.415  -36.125  58.836 0.0000000000
41845  -27.721  -33.701  57.269 0.0000000000
41846  -27.996  -33.612  57.322 0.0000000000
41847  -28.585  -33.795  57.580 0.0000000000
41860  -27.850  -33.699  57.095 0.0000000000
41877  -28.106  -33.706  56.846 0.0000000000
41882  -31.542  -35.612  56.253 0.0000000000
41883  -32.103  -35.629  55.923 0.0000000000
41892  -11.508  -38.212  54.985 0.0000000000
41895  -14.292  -37.233  56.701 0.0000000000
41906  -11.577  -38.360  54.438 0.0000000000
41907  -11.573  -37.992  54.513 0.0000000000
41912  -29.824  -36.168  53.520 0.0000000000
41913  -30.034  -36.172  53.631 0.0000000000
41923  -11.562  -37.651  54.264 0.0000000000
41925  -12.022  -36.730  53.747 0.0000000000
41928  -29.786  -36.209  53.337 0.0000000000
41929  -30.170  -36.314  53.287 0.0000000000
41934  -34.913  -35.577  53.579 0.0000000000
41935  -35.740  -35.751  53.602 0.0000000000
41944  -29.789  -36.299  52.991 0.0000000000
41949  -12.207  -37.308  51.830 0.0000000000
41958  -33.046  -35.917  51.095 0.0000000000
41997  -9.659  -36.983  46.199 0.0000000000
42826  -14.556  -35.812  58.783 0.0000000000
42832  -29.134  -34.670  59.043 0.0000000000
42840  -16.647  -34.774  59.002 0.0000000000
42862  -28.674  -34.204  56.285 0.0000000000
42871  -15.199  -36.218  55.853 0.0000000000
42873  -25.729  -33.562  54.838 0.0000000000
42874  -25.979  -33.253  54.703 0.0000000000
42880  -39.251  -35.438  54.821 0.0000000000
42887  -16.521  -35.212  54.226 0.0000000000
42888  -25.963  -33.327  54.649 0.0000000000
42890  -29.782  -35.922  53.628 0.0000000000
42891  -30.068  -35.854  54.145 0.0000000000
42892  -30.836  -35.364  54.157 0.0000000000
42893  -31.708  -35.151  54.166 0.0000000000
42896  -37.627  -34.546  53.922 0.0000000000
42906  -25.651  -33.476  54.382 0.0000000000
42907  -25.774  -33.938  54.217 0.0000000000
42909  -30.313  -34.883  52.758 0.0000000000
42927  -29.857  -35.932  52.673 0.0000000000
42932  -36.900  -33.869  52.613 0.0000000000
43020  -14.362  -34.388  47.042 0.0000000000
43862  -11.282  -34.591  61.256 0.0000000000
43863  -11.540  -34.144  61.165 0.0000000000
43879  -16.963  -34.600  59.269 0.0000000000
43907  -26.544  -33.445  56.973 0.0000000000
43917  -13.208  -34.407  55.804 0.0000000000
43932  -25.998  -32.910  54.879 0.0000000000
43933  -26.054  -33.013  55.113 0.0000000000
43945  -25.161  -33.031  54.032 0.0000000000
43953  -30.606  -35.118  54.446 0.0000000000
43959  -17.436  -33.848  52.851 0.0000000000
43960  -25.046  -33.157  53.792 0.0000000000
43968  -34.882  -34.597  53.229 0.0000000000
43980  -24.999  -33.432  53.148 0.0000000000
43981  -25.771  -33.431  52.974 0.0000000000
43987  -35.056  -34.466  52.792 0.0000000000
43988  -35.694  -34.501  52.427 0.0000000000
43990  -36.848  -33.923  52.833 0.0000000000
43992  -41.453  -32.669  51.637 0.0000000000
43998  -24.147  -33.686  52.781 0.0000000000
44001  -26.482  -33.451  52.091 0.0000000000
44012  -41.635  -33.143  51.041 0.0000000000
44940  -11.010  -34.192  61.304 0.0000000000
44941  -11.327  -34.185  61.228 0.0000000000
44949  -11.410  -33.930  61.150 0.0000000000
44963  -17.216  -34.426  59.107 0.0000000000
44979  -26.228  -32.520  57.003 0.0000000000
44996  -26.031  -32.618  56.769 0.0000000000
45013  -26.092  -33.123  56.047 0.0000000000
45020  -40.656  -33.231  55.954 0.0000000000
45039  -25.100  -32.936  53.844 0.0000000000
45042  -27.035  -33.600  54.936 0.0000000000
45043  -27.322  -33.599  54.923 0.0000000000
45048  -41.609  -31.328  53.466 0.0000000000
45049  -8.782  -32.043  53.159 0.0000000000
45050  -9.074  -32.025  53.068 0.0000000000
45056  -25.206  -32.188  53.619 0.0000000000
45057  -26.142  -33.742  53.346 0.0000000000
45058  -26.339  -33.701  53.181 0.0000000000
45059  -41.547  -31.704  53.082 0.0000000000
45061  -8.238  -31.464  53.056 0.0000000000
45068  -14.132  -33.802  51.910 0.0000000000
45072  -26.299  -33.514  52.950 0.0000000000
45078  -8.965  -31.057  52.840 0.0000000000
45080  -10.431  -31.465  52.365 0.0000000000
45081  -10.830  -31.433  52.277 0.0000000000
45083  -14.213  -33.969  51.584 0.0000000000
45087  -24.328  -33.438  51.726 0.0000000000
46185  -41.277  -32.358  55.942 0.0000000000
46202  -42.331  -32.545  55.012 0.0000000000
46205  -6.904  -31.838  53.118 0.0000000000
46206  -7.236  -32.056  53.607 0.0000000000
46214  -25.436  -31.741  54.030 0.0000000000
46215  -25.284  -31.556  53.955 0.0000000000
46222  -41.795  -31.614  54.315 0.0000000000
46224  -7.097  -31.738  52.546 0.0000000000
46226  -8.191  -32.029  53.277 0.0000000000
46231  -17.452  -32.864  53.667 0.0000000000
46236  -25.116  -31.540  53.787 0.0000000000
46243  -8.076  -31.689  53.080 0.0000000000
46251  -19.521  -31.865  52.460 0.0000000000
46252  -23.809  -33.044  52.247 0.0000000000
46254  -24.828  -31.913  52.162 0.0000000000
46255  -28.921  -32.796  52.120 0.0000000000
46256  -29.093  -32.845  51.899 0.0000000000
46257  -41.918  -31.437  52.752 0.0000000000
46258  -7.436  -31.556  51.332 0.0000000000
46260  -9.313  -30.714  52.248 0.0000000000
46266  -17.973  -32.775  51.837 0.0000000000
46270  -24.643  -32.591  51.543 0.0000000000
46272  -28.673  -32.825  52.027 0.0000000000
46273  -28.850  -32.786  51.850 0.0000000000
46274  -42.081  -31.325  50.889 0.0000000000
46275  -42.259  -31.503  50.914 0.0000000000
46276  -41.905  -31.752  52.034 0.0000000000
46277  -7.398  -31.506  51.019 0.0000000000
46280  -9.708  -30.929  51.619 0.0000000000
46290  -42.319  -31.959  51.045 0.0000000000
46293  -14.029  -32.598  48.653 0.0000000000
46303  -42.296  -31.407  49.989 0.0000000000
46305  -12.709  -31.446  48.468 0.0000000000
46337  -14.122  -33.090  46.473 0.0000000000
47319  -11.576  -31.871  56.251 0.0000000000
47320  -11.903  -31.761  56.086 0.0000000000
47336  -9.950  -31.412  55.938 0.0000000000
47338  -11.572  -31.788  55.916 0.0000000000
47339  -18.063  -31.870  54.518 0.0000000000
47349  -42.498  -31.659  55.019 0.0000000000
47357  -12.007  -31.858  54.380 0.0000000000
47358  -17.976  -32.147  54.323 0.0000000000
47361  -24.118  -31.039  54.171 0.0000000000
47362  -24.836  -31.223  54.494 0.0000000000
47372  -7.764  -30.711  52.754 0.0000000000
47373  -8.043  -30.639  52.496 0.0000000000
47374  -12.035  -31.718  53.902 0.0000000000
47375  -12.169  -31.820  54.121 0.0000000000
47378  -19.771  -31.154  52.952 0.0000000000
47381  -25.096  -31.392  54.052 0.0000000000
47391  -7.649  -30.573  52.276 0.0000000000
47396  -21.537  -30.796  52.202 0.0000000000
47399  -24.696  -31.785  52.337 0.0000000000
47405  -7.004  -31.528  51.463 0.0000000000
47406  -6.976  -30.501  52.135 0.0000000000
47407  -7.449  -30.518  51.923 0.0000000000
47408  -7.849  -30.571  51.903 0.0000000000
47409  -10.567  -31.183  51.608 0.0000000000
47417  -24.684  -31.725  52.091 0.0000000000
47418  -41.560  -31.199  50.994 0.0000000000
47419  -41.810  -31.220  50.965 0.0000000000
47422  -7.038  -31.480  50.994 0.0000000000
47423  -7.447  -31.252  50.967 0.0000000000
47437  -42.105  -30.926  50.414 0.0000000000
47438  -42.100  -31.344  51.158 0.0000000000
48402  -42.493  -30.765  55.058 0.0000000000
48415  -42.489  -30.497  54.664 0.0000000000
48431  -42.451  -30.548  53.953 0.0000000000
48435  -19.699  -31.043  53.252 0.0000000000
48440  -24.022  -31.030  53.737 0.0000000000
48447  -42.156  -30.608  53.382 0.0000000000
48448  -6.610  -30.913  52.221 0.0000000000
48449  -6.871  -30.639  52.435 0.0000000000
48450  -8.220  -30.497  52.160 0.0000000000
48451  -7.918  -30.565  52.146 0.0000000000
48453  -21.169  -30.701  52.584 0.0000000000
48463  -42.122  -30.763  52.802 0.0000000000
48465  -6.932  -30.636  51.609 0.0000000000
48467  -8.049  -30.447  52.000 0.0000000000
48469  -22.876  -30.682  52.153 0.0000000000
48475  -41.155  -31.079  50.995 0.0000000000
48479  -6.936  -31.017  50.965 0.0000000000
48482  -21.820  -30.927  49.777 0.0000000000
48490  -22.229  -31.352  49.503 0.0000000000
48526  -6.793  -29.965  44.966 0.0000000000
48527  -7.020  -30.177  45.023 0.0000000000
48528  -7.526  -30.259  45.104 0.0000000000
48541  -7.018  -29.919  44.755 0.0000000000
48542  -7.447  -30.068  44.764 0.0000000000
48543  -7.872  -30.267  44.836 0.0000000000
49410  -42.262  -29.852  54.709 0.0000000000
49411  -6.668  -30.609  54.191 0.0000000000
49423  -6.599  -30.495  54.029 0.0000000000
49452  -41.908  -30.208  52.939 0.0000000000
49458  -39.864  -29.711  50.937 0.0000000000
49493  -7.191  -29.074  45.945 0.0000000000
49494  -7.661  -29.362  46.094 0.0000000000
49513  -6.979  -29.553  45.201 0.0000000000
49514  -7.322  -29.950  45.511 0.0000000000
49516  -8.375  -29.575  45.464 0.0000000000
49530  -7.393  -29.572  44.712 0.0000000000
49531  -7.927  -29.833  44.539 0.0000000000
49532  -8.274  -30.106  44.857 0.0000000000
49533  -8.376  -30.081  45.141 0.0000000000
50381  -42.273  -28.974  54.240 0.0000000000
50391  -42.109  -29.086  53.589 0.0000000000
50401  -41.823  -29.337  53.320 0.0000000000
50402  -42.046  -29.518  53.381 0.0000000000
50413  -41.580  -29.757  52.943 0.0000000000
50442  -7.340  -27.550  48.287 0.0000000000
50469  -7.201  -28.480  45.695 0.0000000000
50471  -8.099  -28.638  45.385 0.0000000000
50484  -7.345  -28.951  45.065 0.0000000000
50485  -7.834  -29.089  44.820 0.0000000000
51398  -42.354  -28.849  54.023 0.0000000000
51408  -42.322  -29.016  53.826 0.0000000000
51417  -41.792  -28.856  53.527 0.0000000000
51424  -38.647  -26.744  51.870 0.0000000000
51425  -39.094  -26.900  51.936 0.0000000000
51429  -8.974  -27.337  49.861 0.0000000000
51437  -38.554  -26.789  51.543 0.0000000000
51438  -38.830  -26.941  51.531 0.0000000000
51448  -38.455  -26.852  51.322 0.0000000000
51449  -38.636  -26.970  51.398 0.0000000000
51451  -7.217  -27.422  48.510 0.0000000000
51473  -6.096  -27.216  45.630 0.0000000000
51487  -6.793  -27.509  45.503 0.0000000000
51505  -5.992  -26.949  44.745 0.0000000000
51506  -6.387  -27.182  44.873 0.0000000000
51507  -6.815  -27.418  45.117 0.0000000000
52470  -8.731  -27.118  49.978 0.0000000000
52491  -38.565  -26.829  51.317 0.0000000000
52492  -38.873  -26.952  51.385 0.0000000000
52494  -7.133  -27.223  48.612 0.0000000000
52524  -5.909  -26.926  45.566 0.0000000000
52540  -5.910  -26.882  45.304 0.0000000000
52541  -6.322  -26.585  45.324 0.0000000000
52561  -5.923  -26.764  44.978 0.0000000000
52562  -6.344  -26.749  44.816 0.0000000000
52563  -6.959  -27.167  44.796 0.0000000000
53572  -36.205  -24.570  52.509 0.0000000000
53576  -40.273  -27.123  53.272 0.0000000000
53580  -36.261  -24.591  52.271 0.0000000000
53581  -36.403  -24.769  52.135 0.0000000000
53600  -37.356  -25.506  50.327 0.0000000000
53613  -38.344  -27.747  49.540 0.0000000000
53634  -6.687  -26.451  45.651 0.0000000000
54693  -35.960  -24.053  53.246 0.0000000000
54696  -37.943  -24.908  52.938 0.0000000000
55878  -36.379  -23.863  53.710 0.0000000000
57063  -44.064  -21.907  51.984 0.0000000000
58170  -36.032  -20.873  53.895 0.0000000000
58183  -42.990  -20.486  53.918 0.0000000000
58209  -40.695  -19.660  50.864 0.0000000000
58210  -40.765  -20.019  51.000 0.0000000000
58211  -43.193  -20.857  51.294 0.0000000000
58224  -41.003  -19.903  50.664 0.0000000000
58225  -41.205  -19.998  50.492 0.0000000000
58227  -43.654  -21.161  51.152 0.0000000000
58236  -40.795  -19.393  50.131 0.0000000000
58238  -41.144  -19.785  50.405 0.0000000000
59245  -40.373  -19.548  51.034 0.0000000000
59277  -40.389  -19.200  50.165 0.0000000000
59344  -46.271  -18.322  44.816 0.0000000000
59345  -46.551  -18.503  44.617 0.0000000000
59351  -46.532  -18.464  44.457 0.0000000000
59352  -46.527  -18.436  44.527 0.0000000000
60305  -35.983  -19.049  52.601 0.0000000000
60341  -36.264  -19.144  49.938 0.0000000000
60356  -37.088  -18.835  49.086 0.0000000000
60408  -39.529  -18.679  46.838 0.0000000000
60411  -44.371  -18.877  47.458 0.0000000000
60475  -46.895  -17.864  44.668 0.0000000000
60487  -45.940  -17.964  44.052 0.0000000000
60526  -43.912  -18.036  39.173 0.0000000000
60576  -44.212  -18.519  38.800 0.0000000000
61487  -36.129  -19.011  50.498 0.0000000000
61489  -37.610  -18.304  51.526 0.0000000000
61491  -39.294  -19.025  51.237 0.0000000000
61505  -36.669  -18.771  50.108 0.0000000000
61549  -44.259  -18.925  48.213 0.0000000000
61561  -37.194  -18.677  46.851 0.0000000000
61578  -37.261  -18.726  46.622 0.0000000000
61581  -43.346  -18.224  46.223 0.0000000000
61625  -46.780  -17.868  44.190 0.0000000000
61626  -46.996  -17.698  44.356 0.0000000000
61640  -46.860  -17.832  44.235 0.0000000000
61672  -44.888  -17.643  40.278 0.0000000000
61714  -44.221  -17.873  39.306 0.0000000000
61733  -44.283  -18.384  38.902 0.0000000000
62675  -38.051  -17.997  51.169 0.0000000000
62692  -38.218  -18.086  50.889 0.0000000000
62693  -38.361  -18.274  51.137 0.0000000000
62737  -43.611  -18.500  47.008 0.0000000000
62768  -44.185  -17.814  45.023 0.0000000000
62769  -44.368  -17.910  45.175 0.0000000000
62793  -42.090  -17.637  43.834 0.0000000000
62805  -45.891  -18.275  42.496 0.0000000000
62809  -49.270  -16.709  42.627 0.0000000000
62820  -45.528  -17.885  42.080 0.0000000000
62855  -45.221  -17.461  40.209 0.0000000000
63977  -48.764  -16.715  43.496 0.0000000000
63984  -49.413  -16.813  42.542 0.0000000000
65104  -49.610  -15.764  43.457 0.0000000000
66273  -49.327  -15.413  43.180 0.0000000000
66274  -49.701  -14.884  43.394 0.0000000000
67574  -48.882  -13.202  41.476 0.0000000000
67585  -46.976  -12.550  38.731 0.0000000000
70812  -49.934  -10.850  40.278 0.0000000000
70825  -49.841  -10.767  40.055 0.0000000000
70829  -49.919  -10.390  38.853 0.0000000000
70834  -49.849  -10.277  38.650 0.0000000000
70874  -50.256  -8.390  36.108 0.0000000000
71883  -50.417  -8.226  35.776 0.0000000000
72918  -49.423  -7.567  34.266 0.0000000000
75037  -51.611  -6.625  36.154 0.0000000000
75060  -52.225  -6.021  34.848 0.0000000000
127876  -10.425  -41.537  58.343 0.0000000000
127877  -11.399  -43.159  58.525 0.0000000000
128411  -45.539  -18.537  46.210 0.0000000000
