#!ascii label  , from subject sub-01 vox2ras=TkReg
1482
38371  -14.111  -40.939  53.288 0.0000000000
44103  -40.598  -34.492  44.591 0.0000000000
50490  -35.646  -27.924  45.337 0.0000000000
45168  -30.447  -33.314  46.991 0.0000000000
61752  -39.732  -18.652  35.127 0.0000000000
59374  -34.561  -20.768  39.127 0.0000000000
42982  -40.572  -34.364  49.169 0.0000000000
46353  -35.738  -32.626  46.207 0.0000000000
62896  -43.681  -16.421  38.352 0.0000000000
67606  -46.047  -12.672  36.944 0.0000000000
70871  -48.616  -9.108  36.380 0.0000000000
57090  -34.539  -22.592  48.415 0.0000000000
54877  -33.629  -24.076  42.590 0.0000000000
60442  -36.579  -19.036  45.492 0.0000000000
61633  -38.673  -17.846  43.280 0.0000000000
46363  -23.575  -32.674  45.468 0.0000000000
34468  -11.101  -43.312  57.067 0.0000000000
49504  -40.230  -31.261  46.482 0.0000000000
53610  -37.340  -25.531  49.652 0.0000000000
46447  -26.734  -32.588  41.466 0.0000000000
45295  -30.905  -33.111  40.357 0.0000000000
71925  -47.086  -8.878  30.127 0.0000000000
75067  -50.893  -6.663  33.560 0.0000000000
59454  -37.817  -20.172  35.822 0.0000000000
61669  -42.639  -18.185  40.301 0.0000000000
39208  -15.989  -39.068  49.633 0.0000000000
30518  -10.683  -47.661  51.549 0.0000000000
67591  -44.973  -14.216  37.529 0.0000000000
59318  -35.203  -20.405  46.502 0.0000000000
44096  -21.862  -33.788  43.951 0.0000000000
36455  -12.150  -42.139  54.919 0.0000000000
46418  -42.232  -32.278  43.351 0.0000000000
45214  -41.616  -32.510  45.484 0.0000000000
46410  -29.260  -33.180  43.995 0.0000000000
44152  -29.517  -33.843  40.923 0.0000000000
45232  -30.569  -33.559  43.579 0.0000000000
45213  -38.069  -33.938  45.300 0.0000000000
45234  -36.076  -32.438  42.626 0.0000000000
45237  -38.298  -33.412  43.106 0.0000000000
44065  -28.958  -34.061  48.496 0.0000000000
45164  -27.095  -32.535  45.543 0.0000000000
68775  -43.077  -12.307  32.424 0.0000000000
71913  -45.870  -9.576  31.164 0.0000000000
72926  -49.129  -7.912  34.531 0.0000000000
57166  -33.830  -22.342  40.696 0.0000000000
59413  -36.422  -19.973  37.374 0.0000000000
62817  -40.711  -16.613  41.637 0.0000000000
42989  -19.200  -35.098  47.879 0.0000000000
42957  -17.802  -35.041  49.931 0.0000000000
41954  -16.754  -36.116  51.209 0.0000000000
40069  -16.936  -38.385  48.284 0.0000000000
31507  -11.485  -47.130  51.375 0.0000000000
43026  -40.485  -35.557  46.515 0.0000000000
128059  -42.888  -32.915  48.004 0.0000000000
45126  -42.000  -32.750  49.587 0.0000000000
42994  -32.479  -33.934  49.330 0.0000000000
47485  -32.904  -32.001  46.411 0.0000000000
45140  -36.282  -33.216  48.622 0.0000000000
44070  -38.524  -34.229  47.681 0.0000000000
62893  -41.778  -17.760  36.776 0.0000000000
66340  -42.293  -14.713  36.322 0.0000000000
68749  -43.109  -12.568  35.233 0.0000000000
70867  -44.805  -10.872  34.637 0.0000000000
71887  -46.160  -9.676  33.674 0.0000000000
70840  -47.114  -10.734  36.876 0.0000000000
53644  -35.039  -25.409  46.322 0.0000000000
52568  -34.341  -26.444  44.081 0.0000000000
55977  -33.843  -22.914  44.866 0.0000000000
58300  -33.635  -21.457  43.655 0.0000000000
59357  -35.192  -20.189  41.962 0.0000000000
61664  -36.497  -18.297  41.104 0.0000000000
60468  -37.303  -18.662  43.990 0.0000000000
46323  -21.707  -32.281  47.221 0.0000000000
45179  -20.513  -34.169  46.069 0.0000000000
75087  -50.883  -5.853  29.559 0.0000000000
32445  -10.237  -45.205  56.808 0.0000000000
47516  -39.844  -31.440  44.519 0.0000000000
49501  -37.259  -29.754  46.149 0.0000000000
49471  -40.296  -31.292  48.617 0.0000000000
50450  -37.918  -28.529  48.374 0.0000000000
53667  -37.524  -26.427  46.656 0.0000000000
54736  -35.461  -24.269  49.181 0.0000000000
46395  -33.322  -31.956  43.948 0.0000000000
46327  -25.502  -32.387  47.441 0.0000000000
45227  -25.525  -33.017  43.787 0.0000000000
71901  -47.707  -8.617  33.487 0.0000000000
73993  -48.161  -7.256  31.967 0.0000000000
74004  -49.649  -6.862  30.444 0.0000000000
76125  -51.836  -4.970  32.838 0.0000000000
36490  -13.863  -42.826  49.707 0.0000000000
35481  -13.353  -43.502  51.591 0.0000000000
59469  -38.977  -19.754  34.814 0.0000000000
61684  -38.265  -18.201  39.714 0.0000000000
60546  -40.308  -19.368  37.992 0.0000000000
60573  -40.798  -18.930  37.221 0.0000000000
59418  -44.007  -18.992  38.282 0.0000000000
38381  -15.030  -40.340  51.591 0.0000000000
34497  -12.077  -44.698  53.490 0.0000000000
32469  -11.222  -45.433  53.628 0.0000000000
31473  -10.333  -45.820  53.090 0.0000000000
37442  -13.498  -41.221  54.009 0.0000000000
44123  -40.429  -34.013  43.865 0.0000000000
44124  -41.321  -34.081  43.984 0.0000000000
44105  -41.432  -34.066  45.281 0.0000000000
45186  -29.448  -33.375  45.612 0.0000000000
44099  -29.819  -34.040  44.168 0.0000000000
45210  -30.948  -33.359  45.547 0.0000000000
44102  -39.629  -34.532  44.853 0.0000000000
44100  -38.094  -33.529  43.931 0.0000000000
44122  -39.541  -33.366  43.680 0.0000000000
44140  -39.837  -33.231  42.821 0.0000000000
44054  -30.587  -34.073  48.846 0.0000000000
44053  -29.689  -34.057  49.015 0.0000000000
45148  -29.851  -33.737  47.562 0.0000000000
45166  -28.665  -32.913  46.469 0.0000000000
70900  -44.928  -10.242  31.142 0.0000000000
50492  -36.528  -29.185  44.695 0.0000000000
50500  -35.949  -28.552  43.803 0.0000000000
58321  -34.068  -21.557  39.883 0.0000000000
57192  -33.769  -22.438  38.105 0.0000000000
59389  -35.195  -20.442  38.164 0.0000000000
41989  -18.623  -36.313  47.006 0.0000000000
44050  -18.649  -34.710  48.903 0.0000000000
41978  -17.760  -36.630  48.096 0.0000000000
41969  -17.211  -36.373  49.185 0.0000000000
40997  -17.380  -37.532  47.759 0.0000000000
42998  -40.773  -34.764  48.376 0.0000000000
43001  -41.592  -33.851  48.289 0.0000000000
44046  -41.246  -33.203  49.454 0.0000000000
44024  -33.836  -34.142  51.139 0.0000000000
44041  -34.110  -33.843  49.169 0.0000000000
45109  -35.485  -33.572  50.361 0.0000000000
42980  -39.311  -34.302  49.466 0.0000000000
44045  -38.449  -34.064  49.162 0.0000000000
42996  -39.585  -34.684  48.553 0.0000000000
43013  -39.662  -35.242  47.576 0.0000000000
62894  -42.463  -17.176  37.513 0.0000000000
64046  -41.737  -15.757  36.409 0.0000000000
65171  -43.504  -15.747  36.898 0.0000000000
67592  -45.824  -13.824  37.351 0.0000000000
67604  -44.598  -13.657  37.117 0.0000000000
67619  -44.506  -12.823  36.480 0.0000000000
69816  -43.457  -11.925  35.232 0.0000000000
69818  -45.482  -11.731  35.953 0.0000000000
69836  -45.942  -11.260  35.246 0.0000000000
69786  -45.976  -11.682  37.345 0.0000000000
54784  -34.371  -23.847  47.517 0.0000000000
54809  -34.100  -24.005  45.700 0.0000000000
57115  -34.712  -22.410  46.671 0.0000000000
60441  -35.632  -19.900  45.801 0.0000000000
59331  -35.000  -20.563  45.420 0.0000000000
60465  -34.706  -19.500  44.387 0.0000000000
58302  -34.604  -20.624  42.417 0.0000000000
60466  -35.293  -18.843  44.032 0.0000000000
60467  -36.363  -18.834  43.739 0.0000000000
60456  -37.073  -18.514  44.731 0.0000000000
46325  -23.679  -32.164  47.147 0.0000000000
47462  -22.840  -31.622  48.463 0.0000000000
46342  -23.183  -32.465  46.355 0.0000000000
44081  -21.359  -34.347  44.915 0.0000000000
76139  -52.421  -5.207  30.893 0.0000000000
76147  -52.521  -4.765  29.829 0.0000000000
33470  -11.244  -44.096  57.636 0.0000000000
48550  -40.991  -31.470  45.170 0.0000000000
47530  -41.415  -31.759  43.896 0.0000000000
47501  -40.100  -31.719  45.229 0.0000000000
49521  -38.811  -30.730  45.397 0.0000000000
49503  -38.837  -30.917  45.926 0.0000000000
48494  -42.226  -31.453  48.811 0.0000000000
48511  -41.495  -31.773  48.047 0.0000000000
49464  -40.834  -30.956  49.539 0.0000000000
53602  -38.073  -26.674  49.800 0.0000000000
51457  -38.861  -28.602  49.336 0.0000000000
53627  -37.666  -27.313  48.649 0.0000000000
52532  -37.260  -27.050  47.336 0.0000000000
54767  -37.665  -25.992  47.841 0.0000000000
54765  -36.385  -25.331  47.769 0.0000000000
55933  -36.685  -24.994  49.264 0.0000000000
43095  -30.133  -34.673  40.920 0.0000000000
46352  -34.893  -32.502  46.287 0.0000000000
47511  -32.762  -31.822  45.299 0.0000000000
47498  -35.034  -31.661  44.664 0.0000000000
46453  -34.900  -31.761  41.386 0.0000000000
45131  -26.435  -32.775  49.260 0.0000000000
46389  -27.551  -32.333  44.281 0.0000000000
46366  -26.587  -32.271  45.189 0.0000000000
45248  -26.124  -33.037  43.265 0.0000000000
44151  -25.288  -34.009  42.035 0.0000000000
71878  -47.256  -9.512  34.910 0.0000000000
71888  -47.098  -9.246  33.987 0.0000000000
71889  -47.783  -8.954  34.456 0.0000000000
73984  -50.283  -7.458  34.316 0.0000000000
72924  -48.573  -7.464  33.512 0.0000000000
75065  -49.298  -6.517  33.077 0.0000000000
73998  -48.808  -6.833  31.465 0.0000000000
75078  -50.231  -6.315  32.227 0.0000000000
76137  -50.533  -5.631  31.340 0.0000000000
76124  -51.003  -5.684  33.162 0.0000000000
53700  -34.147  -25.378  43.318 0.0000000000
51536  -34.352  -27.672  42.480 0.0000000000
59482  -38.494  -20.463  34.007 0.0000000000
59455  -38.643  -20.054  35.772 0.0000000000
61649  -37.166  -17.814  42.029 0.0000000000
62869  -36.931  -17.539  39.757 0.0000000000
62815  -38.422  -17.354  41.874 0.0000000000
62837  -42.065  -17.706  40.265 0.0000000000
61666  -40.242  -17.627  39.784 0.0000000000
61687  -41.128  -18.787  39.498 0.0000000000
59392  -40.931  -20.067  37.490 0.0000000000
128401  -42.126  -19.199  38.400 0.0000000000
128406  -42.430  -18.830  37.744 0.0000000000
60523  -43.345  -19.056  39.562 0.0000000000
40984  -16.530  -37.609  50.794 0.0000000000
40983  -15.963  -37.982  51.079 0.0000000000
40045  -15.407  -38.449  52.265 0.0000000000
39207  -15.597  -39.616  50.141 0.0000000000
38387  -15.337  -40.452  49.954 0.0000000000
38390  -15.518  -40.683  49.083 0.0000000000
33544  -13.032  -45.029  50.571 0.0000000000
34519  -12.521  -44.134  51.868 0.0000000000
33525  -12.620  -45.046  51.341 0.0000000000
30519  -11.028  -47.701  51.411 0.0000000000
32480  -11.249  -46.414  52.375 0.0000000000
30497  -10.961  -46.746  52.491 0.0000000000
31465  -11.018  -46.050  54.556 0.0000000000
30496  -10.590  -46.531  52.638 0.0000000000
44027  -36.719  -34.185  50.764 0.0000000000
65163  -44.838  -15.990  39.299 0.0000000000
65160  -44.210  -15.459  38.143 0.0000000000
65147  -45.477  -15.184  39.421 0.0000000000
58257  -34.791  -21.196  47.483 0.0000000000
45203  -23.312  -33.197  44.364 0.0000000000
45202  -22.272  -33.457  44.424 0.0000000000
38355  -12.576  -40.815  56.922 0.0000000000
36450  -11.021  -42.098  56.022 0.0000000000
45239  -41.622  -33.700  43.170 0.0000000000
46401  -42.171  -32.179  44.530 0.0000000000
48535  -40.835  -31.486  46.075 0.0000000000
55900  -36.454  -24.606  50.764 0.0000000000
46408  -27.846  -32.779  43.255 0.0000000000
46449  -28.078  -33.164  40.739 0.0000000000
45251  -29.480  -33.601  42.849 0.0000000000
43068  -30.006  -34.516  42.058 0.0000000000
45252  -30.412  -32.976  42.440 0.0000000000
46374  -37.122  -32.984  45.405 0.0000000000
46397  -35.764  -32.117  44.565 0.0000000000
45211  -37.007  -33.058  43.828 0.0000000000
45257  -37.262  -33.321  42.461 0.0000000000
45278  -38.306  -34.112  41.592 0.0000000000
46300  -28.219  -32.469  49.264 0.0000000000
46313  -27.100  -32.349  48.657 0.0000000000
46347  -28.440  -32.719  47.286 0.0000000000
45206  -28.022  -32.678  44.577 0.0000000000
67659  -42.124  -13.332  32.975 0.0000000000
71914  -46.380  -9.197  30.966 0.0000000000
70861  -49.821  -9.381  36.474 0.0000000000
71881  -48.883  -8.595  35.863 0.0000000000
56018  -33.432  -23.179  41.454 0.0000000000
58375  -36.005  -20.379  35.514 0.0000000000
59438  -37.097  -20.083  36.316 0.0000000000
62779  -40.219  -17.497  44.491 0.0000000000
62816  -39.474  -16.554  41.620 0.0000000000
62792  -41.596  -17.416  43.502 0.0000000000
46308  -19.344  -33.133  48.511 0.0000000000
45114  -18.758  -33.705  49.396 0.0000000000
43997  -17.751  -34.202  51.356 0.0000000000
42956  -17.377  -35.386  50.650 0.0000000000
40985  -17.360  -37.550  49.968 0.0000000000
40063  -16.775  -38.451  49.220 0.0000000000
39218  -16.028  -39.750  48.247 0.0000000000
39219  -16.622  -39.196  47.807 0.0000000000
42018  -40.389  -36.120  45.033 0.0000000000
43044  -42.008  -34.867  45.610 0.0000000000
43037  -41.610  -34.286  46.903 0.0000000000
46318  -42.615  -32.488  48.871 0.0000000000
45135  -31.157  -33.533  48.507 0.0000000000
46348  -31.658  -33.017  46.865 0.0000000000
46317  -32.877  -32.732  48.168 0.0000000000
45153  -34.645  -33.315  47.496 0.0000000000
45154  -35.829  -32.977  47.735 0.0000000000
45124  -36.970  -33.490  49.193 0.0000000000
45141  -37.136  -33.510  48.402 0.0000000000
44074  -37.445  -33.877  46.928 0.0000000000
44075  -38.015  -34.315  46.580 0.0000000000
43033  -39.101  -35.271  45.863 0.0000000000
42977  -32.260  -34.835  49.777 0.0000000000
62904  -40.151  -17.891  35.393 0.0000000000
62919  -39.824  -17.628  34.289 0.0000000000
64069  -40.417  -16.570  35.091 0.0000000000
65192  -40.982  -15.156  35.076 0.0000000000
68746  -40.777  -12.986  34.257 0.0000000000
66341  -43.233  -14.515  36.462 0.0000000000
66354  -42.996  -13.639  35.681 0.0000000000
67648  -42.063  -12.983  33.879 0.0000000000
69845  -42.859  -11.722  34.376 0.0000000000
69846  -43.366  -11.373  33.752 0.0000000000
70876  -43.678  -10.457  33.279 0.0000000000
71886  -45.092  -9.598  33.192 0.0000000000
70868  -45.852  -10.721  34.696 0.0000000000
70869  -46.627  -10.276  35.182 0.0000000000
70858  -47.820  -9.751  36.672 0.0000000000
69788  -47.779  -11.516  37.631 0.0000000000
70843  -48.947  -10.049  37.036 0.0000000000
52549  -35.319  -26.541  45.608 0.0000000000
52569  -35.109  -27.118  44.653 0.0000000000
53665  -34.738  -25.825  45.503 0.0000000000
53683  -34.379  -25.286  44.463 0.0000000000
54857  -33.568  -23.503  43.542 0.0000000000
58269  -34.627  -21.597  46.409 0.0000000000
57145  -34.195  -22.055  44.388 0.0000000000
56006  -33.498  -22.866  42.360 0.0000000000
57158  -33.672  -22.084  41.676 0.0000000000
58312  -33.786  -21.117  41.038 0.0000000000
59363  -34.510  -20.177  40.291 0.0000000000
59364  -35.111  -19.618  39.872 0.0000000000
61647  -35.773  -18.886  42.025 0.0000000000
61631  -37.013  -17.800  43.246 0.0000000000
60483  -37.820  -18.120  43.523 0.0000000000
60445  -38.644  -18.292  45.485 0.0000000000
60459  -38.962  -17.584  44.620 0.0000000000
47460  -20.777  -31.722  48.605 0.0000000000
45181  -22.119  -33.331  45.409 0.0000000000
46339  -20.777  -33.009  46.667 0.0000000000
46322  -20.388  -32.636  47.524 0.0000000000
44064  -19.781  -34.535  46.887 0.0000000000
48547  -37.573  -30.489  44.703 0.0000000000
50480  -36.666  -28.519  45.829 0.0000000000
128047  -41.744  -33.060  46.687 0.0000000000
48521  -40.738  -31.985  47.123 0.0000000000
49486  -40.182  -31.190  47.622 0.0000000000
128081  -38.884  -30.687  49.520 0.0000000000
48509  -39.283  -30.733  47.436 0.0000000000
49482  -37.529  -29.538  47.045 0.0000000000
51479  -36.733  -28.052  46.784 0.0000000000
51497  -36.475  -27.421  45.991 0.0000000000
53645  -36.399  -25.719  46.747 0.0000000000
54764  -35.433  -24.657  47.830 0.0000000000
55918  -35.119  -23.146  48.626 0.0000000000
55910  -36.201  -23.975  50.319 0.0000000000
55920  -35.411  -23.452  49.556 0.0000000000
46369  -32.012  -32.072  45.551 0.0000000000
46412  -31.461  -32.632  43.728 0.0000000000
46451  -31.375  -31.873  41.417 0.0000000000
46415  -34.469  -32.264  43.160 0.0000000000
47541  -33.351  -31.738  42.166 0.0000000000
46311  -24.898  -32.907  48.128 0.0000000000
46343  -24.149  -32.514  46.391 0.0000000000
47477  -25.933  -31.666  47.028 0.0000000000
46365  -25.612  -32.394  45.488 0.0000000000
45204  -24.608  -32.925  44.246 0.0000000000
45246  -24.553  -33.661  42.817 0.0000000000
71899  -45.717  -8.828  32.434 0.0000000000
72932  -46.211  -8.838  31.619 0.0000000000
72944  -46.723  -8.707  31.041 0.0000000000
71902  -48.094  -8.347  34.096 0.0000000000
72934  -47.637  -7.887  32.387 0.0000000000
74002  -47.826  -7.820  30.853 0.0000000000
74003  -48.477  -7.600  30.450 0.0000000000
74010  -49.124  -7.578  29.425 0.0000000000
74011  -50.248  -7.159  29.485 0.0000000000
74005  -50.400  -6.592  29.885 0.0000000000
76138  -51.466  -5.363  31.159 0.0000000000
36474  -14.608  -42.293  51.166 0.0000000000
36468  -14.188  -42.523  52.383 0.0000000000
36481  -14.164  -43.172  50.643 0.0000000000
51537  -34.663  -27.995  43.023 0.0000000000
60621  -39.174  -19.241  34.533 0.0000000000
60542  -35.722  -19.699  38.644 0.0000000000
60543  -36.600  -18.874  38.300 0.0000000000
60570  -37.636  -19.186  37.505 0.0000000000
62834  -39.656  -17.256  40.293 0.0000000000
61709  -39.033  -18.469  38.705 0.0000000000
60590  -38.961  -19.578  36.898 0.0000000000
58364  -39.888  -20.086  36.360 0.0000000000
59457  -40.110  -19.738  35.933 0.0000000000
61753  -40.513  -18.727  35.830 0.0000000000
61743  -41.306  -18.332  36.688 0.0000000000
61745  -42.431  -18.023  37.633 0.0000000000
61732  -43.874  -17.755  38.892 0.0000000000
39190  -13.619  -39.971  53.366 0.0000000000
39187  -14.358  -39.131  53.236 0.0000000000
38380  -14.334  -40.840  51.845 0.0000000000
37459  -14.494  -41.743  50.525 0.0000000000
37477  -14.840  -41.827  49.011 0.0000000000
36462  -13.079  -42.439  52.969 0.0000000000
35450  -12.153  -43.281  54.477 0.0000000000
34485  -11.274  -44.232  54.538 0.0000000000
33515  -11.820  -45.351  51.949 0.0000000000
33494  -11.864  -45.109  53.544 0.0000000000
33481  -10.891  -44.696  54.858 0.0000000000
31458  -11.241  -46.342  55.971 0.0000000000
31456  -10.840  -45.551  55.088 0.0000000000
30517  -10.319  -47.475  51.602 0.0000000000
30505  -9.905  -46.556  52.253 0.0000000000
38367  -13.820  -40.229  54.563 0.0000000000
37443  -13.864  -41.556  53.457 0.0000000000
44104  -41.182  -34.368  44.706 0.0000000000
45187  -30.314  -33.471  45.994 0.0000000000
45188  -31.059  -33.366  46.422 0.0000000000
45149  -30.666  -33.551  47.898 0.0000000000
44067  -30.126  -33.927  48.119 0.0000000000
45167  -29.651  -33.145  46.742 0.0000000000
70888  -44.481  -10.241  31.788 0.0000000000
50491  -35.709  -28.452  45.015 0.0000000000
51513  -35.711  -27.834  44.245 0.0000000000
58331  -34.096  -21.581  38.742 0.0000000000
58330  -33.718  -21.869  39.422 0.0000000000
58332  -34.583  -21.206  38.124 0.0000000000
58346  -34.783  -21.217  37.431 0.0000000000
59388  -34.600  -20.992  38.536 0.0000000000
41004  -18.578  -36.996  46.491 0.0000000000
41979  -18.267  -35.832  47.871 0.0000000000
41988  -17.923  -36.980  47.405 0.0000000000
42983  -40.760  -34.114  48.924 0.0000000000
44025  -34.706  -34.332  50.847 0.0000000000
45108  -34.797  -33.854  50.569 0.0000000000
44026  -35.657  -34.125  51.007 0.0000000000
42981  -39.981  -34.450  49.345 0.0000000000
42997  -40.284  -34.983  48.496 0.0000000000
42962  -34.529  -34.844  50.896 0.0000000000
62895  -43.157  -16.631  38.094 0.0000000000
64048  -43.169  -16.395  37.417 0.0000000000
64049  -43.626  -15.922  38.063 0.0000000000
67593  -46.434  -13.039  37.210 0.0000000000
67605  -45.620  -13.065  36.723 0.0000000000
67620  -44.984  -12.474  36.591 0.0000000000
68732  -44.579  -12.095  36.194 0.0000000000
68721  -45.315  -12.217  36.972 0.0000000000
69798  -45.661  -11.717  37.069 0.0000000000
68710  -45.631  -11.960  37.361 0.0000000000
55941  -34.421  -23.280  47.817 0.0000000000
55952  -34.417  -23.314  47.148 0.0000000000
57101  -34.502  -22.512  47.498 0.0000000000
60424  -36.658  -19.294  46.550 0.0000000000
60453  -34.995  -19.857  45.160 0.0000000000
60454  -35.565  -19.290  44.917 0.0000000000
60479  -34.523  -19.277  43.560 0.0000000000
60455  -36.360  -18.837  44.643 0.0000000000
61605  -36.650  -18.582  45.014 0.0000000000
76140  -53.352  -4.621  30.589 0.0000000000
34469  -11.733  -42.922  57.254 0.0000000000
48534  -40.624  -31.493  45.667 0.0000000000
48533  -40.023  -31.440  45.828 0.0000000000
48532  -39.196  -31.268  45.615 0.0000000000
48520  -39.743  -31.185  46.456 0.0000000000
49465  -41.477  -31.338  49.121 0.0000000000
48492  -41.499  -30.636  50.031 0.0000000000
53611  -37.473  -26.170  49.174 0.0000000000
53612  -37.961  -27.222  49.151 0.0000000000
53626  -37.387  -26.641  48.274 0.0000000000
54751  -37.393  -25.899  48.376 0.0000000000
54750  -36.922  -25.261  48.934 0.0000000000
46467  -26.030  -32.574  40.792 0.0000000000
46468  -26.810  -33.013  40.799 0.0000000000
46371  -34.288  -32.205  45.804 0.0000000000
46372  -35.237  -32.143  45.490 0.0000000000
46425  -26.494  -32.684  42.486 0.0000000000
46407  -26.724  -32.606  43.634 0.0000000000
46445  -25.568  -32.468  41.285 0.0000000000
72960  -47.664  -8.558  29.649 0.0000000000
71879  -48.165  -9.371  35.486 0.0000000000
73991  -50.686  -7.163  33.922 0.0000000000
73989  -49.532  -6.830  33.500 0.0000000000
75066  -50.029  -6.635  33.181 0.0000000000
75071  -49.627  -6.457  32.602 0.0000000000
75072  -50.310  -6.352  32.715 0.0000000000
76123  -50.606  -6.028  32.852 0.0000000000
53710  -33.791  -25.485  42.212 0.0000000000
58376  -36.986  -20.346  35.310 0.0000000000
58393  -37.242  -20.863  34.342 0.0000000000
59467  -37.863  -20.236  35.065 0.0000000000
62799  -38.444  -17.673  42.616 0.0000000000
62814  -37.749  -17.584  41.825 0.0000000000
61668  -41.750  -18.038  39.822 0.0000000000
61688  -42.177  -18.627  39.450 0.0000000000
60521  -41.626  -19.291  38.849 0.0000000000
60522  -42.955  -18.714  38.893 0.0000000000
61689  -42.831  -19.036  39.782 0.0000000000
40055  -16.713  -38.382  50.035 0.0000000000
39203  -15.861  -38.839  50.231 0.0000000000
40049  -15.675  -38.481  51.383 0.0000000000
39213  -15.606  -39.861  49.528 0.0000000000
30508  -11.045  -47.074  52.006 0.0000000000
30507  -10.658  -46.994  51.960 0.0000000000
59276  -35.333  -20.182  49.441 0.0000000000
44117  -22.809  -33.872  43.555 0.0000000000
37437  -12.660  -41.091  55.099 0.0000000000
37433  -12.764  -40.753  56.097 0.0000000000
36451  -11.977  -41.824  56.239 0.0000000000
36454  -11.336  -42.138  55.418 0.0000000000
44142  -41.012  -34.111  43.037 0.0000000000
45215  -41.468  -32.964  45.133 0.0000000000
45240  -42.085  -33.235  43.881 0.0000000000
46400  -41.975  -32.236  45.150 0.0000000000
46376  -41.906  -31.843  45.305 0.0000000000
46356  -41.557  -31.847  45.801 0.0000000000
46409  -28.943  -32.836  43.669 0.0000000000
45230  -28.891  -33.136  42.982 0.0000000000
45231  -29.387  -33.565  43.589 0.0000000000
44119  -30.051  -34.193  43.701 0.0000000000
44139  -30.093  -34.161  42.579 0.0000000000
44154  -30.269  -34.165  41.670 0.0000000000
45233  -30.875  -32.970  43.645 0.0000000000
45190  -37.354  -33.895  45.702 0.0000000000
46399  -37.377  -33.146  45.084 0.0000000000
45212  -37.637  -33.404  44.543 0.0000000000
44120  -38.127  -33.466  43.517 0.0000000000
45236  -37.599  -33.327  43.326 0.0000000000
45258  -37.725  -33.760  42.291 0.0000000000
45260  -39.854  -33.265  42.300 0.0000000000
44037  -29.599  -33.879  49.863 0.0000000000
44036  -28.995  -33.736  49.600 0.0000000000
45119  -28.462  -33.460  49.572 0.0000000000
45134  -28.519  -33.288  48.655 0.0000000000
45133  -28.480  -33.094  48.083 0.0000000000
45146  -28.496  -32.956  47.860 0.0000000000
45185  -28.480  -33.217  45.356 0.0000000000
45207  -28.466  -33.022  44.685 0.0000000000
46390  -28.406  -32.561  44.142 0.0000000000
68774  -42.625  -12.794  32.814 0.0000000000
56032  -33.635  -23.385  40.314 0.0000000000
56031  -33.628  -23.439  39.857 0.0000000000
59412  -35.466  -20.634  37.028 0.0000000000
59437  -35.929  -19.838  36.255 0.0000000000
58363  -36.484  -20.052  35.763 0.0000000000
62780  -41.049  -17.441  44.437 0.0000000000
62791  -40.203  -17.298  43.693 0.0000000000
61635  -42.475  -17.544  42.471 0.0000000000
45144  -19.540  -33.976  48.159 0.0000000000
45130  -18.833  -34.006  48.625 0.0000000000
42973  -18.105  -35.418  49.246 0.0000000000
44034  -18.416  -34.529  49.602 0.0000000000
44016  -18.085  -34.420  50.486 0.0000000000
42972  -17.300  -35.662  49.804 0.0000000000
40991  -17.044  -37.523  48.875 0.0000000000
40056  -17.227  -38.066  49.634 0.0000000000
42005  -40.307  -36.053  45.790 0.0000000000
42020  -41.583  -35.488  45.793 0.0000000000
42007  -41.421  -35.366  46.276 0.0000000000
44047  -41.714  -33.373  48.980 0.0000000000
43018  -41.876  -33.679  48.112 0.0000000000
128049  -42.270  -33.082  49.080 0.0000000000
44056  -32.181  -33.652  49.060 0.0000000000
45151  -32.099  -33.160  48.070 0.0000000000
44057  -33.142  -33.847  48.985 0.0000000000
45139  -34.897  -33.294  48.712 0.0000000000
44058  -33.950  -33.701  48.691 0.0000000000
44028  -37.550  -34.187  50.451 0.0000000000
44043  -36.883  -33.793  50.027 0.0000000000
44060  -38.538  -34.192  48.259 0.0000000000
44059  -38.059  -33.875  48.598 0.0000000000
44069  -37.889  -34.100  47.648 0.0000000000
45156  -37.380  -33.668  47.865 0.0000000000
45174  -37.278  -33.980  46.451 0.0000000000
43011  -38.477  -34.280  47.262 0.0000000000
43025  -39.879  -35.618  46.533 0.0000000000
43024  -39.029  -35.245  46.499 0.0000000000
43034  -39.533  -35.768  45.500 0.0000000000
42978  -32.825  -34.356  49.594 0.0000000000
42993  -32.036  -34.118  49.520 0.0000000000
44055  -31.448  -33.805  49.112 0.0000000000
62905  -41.276  -17.813  36.148 0.0000000000
64056  -40.785  -17.147  35.769 0.0000000000
65169  -41.858  -15.276  36.346 0.0000000000
65180  -41.366  -15.214  35.626 0.0000000000
66361  -41.050  -14.470  34.948 0.0000000000
66352  -41.781  -14.452  35.777 0.0000000000
66331  -44.790  -14.717  38.066 0.0000000000
65172  -43.983  -15.513  37.407 0.0000000000
66342  -44.434  -14.913  37.025 0.0000000000
67618  -43.616  -13.399  36.361 0.0000000000
67632  -43.095  -13.025  35.276 0.0000000000
67631  -42.166  -13.011  34.796 0.0000000000
68748  -42.663  -12.381  34.687 0.0000000000
69817  -44.371  -11.740  35.210 0.0000000000
69834  -43.509  -11.639  34.653 0.0000000000
69835  -44.111  -11.389  34.359 0.0000000000
69847  -44.244  -11.040  33.801 0.0000000000
70877  -44.498  -10.222  33.691 0.0000000000
69819  -46.420  -11.124  35.686 0.0000000000
70857  -47.161  -10.530  36.280 0.0000000000
70841  -47.535  -10.295  37.063 0.0000000000
69802  -48.686  -10.476  37.379 0.0000000000
52530  -35.137  -26.049  45.968 0.0000000000
53664  -34.347  -24.893  45.452 0.0000000000
54833  -33.735  -23.946  44.546 0.0000000000
54858  -33.830  -24.444  43.689 0.0000000000
55976  -33.671  -23.217  44.348 0.0000000000
59302  -35.068  -20.398  47.472 0.0000000000
59317  -34.924  -20.939  46.106 0.0000000000
58296  -33.881  -21.110  44.109 0.0000000000
58290  -34.608  -21.355  44.811 0.0000000000
58295  -33.688  -21.760  43.975 0.0000000000
56005  -33.495  -22.710  43.117 0.0000000000
57151  -33.563  -21.965  43.474 0.0000000000
57152  -33.587  -21.927  42.583 0.0000000000
59350  -34.972  -19.992  42.254 0.0000000000
58306  -34.387  -21.236  42.053 0.0000000000
58307  -35.094  -20.685  42.056 0.0000000000
59356  -34.701  -20.245  41.511 0.0000000000
60493  -34.982  -19.564  41.327 0.0000000000
60494  -35.521  -19.366  42.003 0.0000000000
61616  -36.820  -18.628  43.733 0.0000000000
61630  -36.468  -18.345  43.333 0.0000000000
61617  -37.020  -18.377  43.655 0.0000000000
60469  -37.793  -18.082  44.115 0.0000000000
60408  -39.529  -18.679  46.838 0.0000000000
60428  -39.529  -18.378  46.281 0.0000000000
60446  -39.452  -17.969  45.417 0.0000000000
61594  -40.293  -17.652  45.600 0.0000000000
47473  -22.263  -31.652  47.751 0.0000000000
47461  -21.855  -31.667  48.639 0.0000000000
47472  -21.304  -31.729  47.834 0.0000000000
44082  -21.876  -33.682  44.669 0.0000000000
44080  -20.633  -34.603  45.722 0.0000000000
45180  -20.909  -33.792  45.701 0.0000000000
45161  -20.421  -33.696  46.571 0.0000000000
45145  -19.759  -33.765  47.389 0.0000000000
44073  -20.300  -34.641  46.374 0.0000000000
32444  -10.619  -44.715  57.029 0.0000000000
48561  -39.973  -30.906  44.055 0.0000000000
49520  -37.943  -30.456  45.280 0.0000000000
49519  -36.868  -30.086  45.164 0.0000000000
44106  -41.766  -34.143  46.144 0.0000000000
45216  -41.451  -33.393  45.944 0.0000000000
128042  -41.960  -33.008  46.800 0.0000000000
49472  -41.076  -31.548  48.694 0.0000000000
49487  -40.548  -31.738  47.896 0.0000000000
49506  -40.356  -31.526  47.064 0.0000000000
51456  -38.376  -28.389  48.804 0.0000000000
50436  -38.760  -29.868  49.953 0.0000000000
50435  -38.326  -29.362  48.715 0.0000000000
47466  -38.840  -30.496  48.646 0.0000000000
49469  -38.191  -29.804  48.339 0.0000000000
49483  -38.023  -30.118  47.534 0.0000000000
50449  -37.567  -29.174  47.998 0.0000000000
53668  -37.595  -26.727  46.943 0.0000000000
51480  -36.971  -27.616  47.198 0.0000000000
52552  -37.202  -27.049  46.776 0.0000000000
51498  -36.761  -27.464  46.445 0.0000000000
52551  -36.908  -26.811  46.452 0.0000000000
52550  -36.184  -26.667  46.282 0.0000000000
53666  -37.069  -26.161  46.431 0.0000000000
54749  -36.041  -24.738  48.738 0.0000000000
54748  -35.176  -24.314  48.591 0.0000000000
54735  -34.881  -23.939  49.059 0.0000000000
55899  -35.888  -24.211  51.274 0.0000000000
57072  -35.171  -22.361  50.269 0.0000000000
45272  -28.611  -33.277  41.336 0.0000000000
46470  -28.019  -33.275  40.351 0.0000000000
45294  -28.539  -33.665  40.376 0.0000000000
46349  -32.351  -32.243  46.641 0.0000000000
46368  -31.648  -32.979  45.951 0.0000000000
47512  -33.420  -31.773  44.784 0.0000000000
46394  -32.357  -32.146  44.495 0.0000000000
46413  -32.472  -32.244  43.456 0.0000000000
46428  -31.406  -31.967  42.608 0.0000000000
46429  -32.846  -31.844  42.807 0.0000000000
46416  -35.727  -32.247  43.322 0.0000000000
47527  -35.002  -32.054  43.474 0.0000000000
46326  -24.604  -32.444  47.250 0.0000000000
46346  -27.666  -32.574  46.864 0.0000000000
46328  -26.634  -32.345  47.511 0.0000000000
46345  -26.468  -32.288  46.296 0.0000000000
46387  -25.830  -32.610  44.587 0.0000000000
45205  -25.229  -32.833  44.355 0.0000000000
46386  -25.007  -32.715  44.847 0.0000000000
45226  -24.508  -33.229  43.458 0.0000000000
71900  -46.912  -8.888  32.936 0.0000000000
72933  -46.556  -8.217  31.988 0.0000000000
71892  -49.374  -8.360  34.944 0.0000000000
71903  -48.479  -8.224  34.507 0.0000000000
72937  -48.640  -7.890  34.378 0.0000000000
73994  -48.428  -7.056  32.615 0.0000000000
72935  -48.353  -8.086  33.248 0.0000000000
72945  -47.360  -8.034  31.335 0.0000000000
73997  -48.029  -7.541  31.419 0.0000000000
73999  -49.478  -6.527  31.195 0.0000000000
75082  -50.274  -5.968  30.442 0.0000000000
76131  -51.195  -5.333  32.105 0.0000000000
76132  -52.056  -5.028  31.790 0.0000000000
36482  -14.317  -42.739  50.586 0.0000000000
52584  -34.815  -27.233  43.747 0.0000000000
59468  -38.581  -20.092  34.960 0.0000000000
59483  -38.994  -20.014  33.814 0.0000000000
60504  -35.396  -19.134  40.667 0.0000000000
60518  -35.576  -19.224  39.329 0.0000000000
60519  -36.217  -18.693  39.658 0.0000000000
62870  -37.235  -17.731  39.446 0.0000000000
61707  -36.729  -17.872  39.196 0.0000000000
61708  -37.828  -18.192  39.074 0.0000000000
60544  -38.207  -18.763  38.098 0.0000000000
62801  -40.532  -16.769  42.685 0.0000000000
63990  -40.102  -15.989  40.890 0.0000000000
61710  -39.892  -18.832  38.565 0.0000000000
61686  -39.967  -18.144  39.272 0.0000000000
60545  -39.367  -18.918  37.960 0.0000000000
60572  -39.705  -19.403  37.449 0.0000000000
60591  -39.365  -19.555  37.105 0.0000000000
59391  -40.264  -19.765  37.380 0.0000000000
58334  -41.224  -19.991  36.967 0.0000000000
58366  -40.763  -20.200  36.469 0.0000000000
128409  -41.110  -19.840  36.544 0.0000000000
60608  -40.457  -19.311  36.116 0.0000000000
60592  -40.595  -19.155  36.837 0.0000000000
61742  -40.651  -18.818  36.633 0.0000000000
61727  -40.876  -18.633  36.957 0.0000000000
128407  -43.163  -18.561  38.472 0.0000000000
60595  -42.636  -18.414  37.872 0.0000000000
61731  -43.226  -17.855  38.418 0.0000000000
60574  -43.669  -18.654  38.582 0.0000000000
39197  -15.422  -39.369  51.901 0.0000000000
39192  -14.892  -39.429  52.715 0.0000000000
38376  -15.060  -39.989  52.285 0.0000000000
37451  -14.490  -41.291  51.288 0.0000000000
37452  -15.004  -40.745  51.022 0.0000000000
38393  -15.373  -41.233  48.563 0.0000000000
37469  -14.821  -41.237  49.798 0.0000000000
35467  -13.990  -43.057  52.116 0.0000000000
36467  -13.626  -42.667  52.515 0.0000000000
35466  -12.951  -43.176  52.354 0.0000000000
34506  -12.215  -44.486  52.765 0.0000000000
34505  -12.415  -43.772  52.640 0.0000000000
34496  -12.151  -43.963  53.456 0.0000000000
35449  -11.450  -43.723  54.629 0.0000000000
34486  -11.805  -44.341  54.123 0.0000000000
31522  -12.126  -46.829  50.950 0.0000000000
32504  -12.170  -46.089  51.508 0.0000000000
32503  -11.713  -46.408  51.655 0.0000000000
31487  -11.140  -45.874  53.150 0.0000000000
32470  -11.382  -45.449  53.456 0.0000000000
32459  -11.270  -45.276  53.874 0.0000000000
33482  -11.291  -45.106  54.233 0.0000000000
32458  -11.073  -45.585  54.394 0.0000000000
32450  -11.301  -45.776  55.727 0.0000000000
31466  -11.086  -46.057  55.111 0.0000000000
31474  -10.936  -45.928  53.249 0.0000000000
31464  -10.833  -45.776  54.043 0.0000000000
31455  -10.534  -45.239  54.533 0.0000000000
29561  -9.967  -47.913  51.309 0.0000000000
30516  -9.885  -47.128  51.602 0.0000000000
37441  -12.726  -41.628  54.440 0.0000000000
44125  -41.491  -33.745  44.589 0.0000000000
45208  -29.332  -33.513  44.469 0.0000000000
45209  -30.280  -33.600  44.666 0.0000000000
46392  -30.746  -33.329  44.258 0.0000000000
44085  -39.365  -34.917  45.621 0.0000000000
44101  -38.582  -33.922  44.517 0.0000000000
44121  -38.586  -33.352  43.724 0.0000000000
45238  -38.875  -33.241  43.257 0.0000000000
44039  -30.977  -34.832  49.764 0.0000000000
44038  -30.477  -34.602  49.562 0.0000000000
44066  -29.597  -34.095  48.229 0.0000000000
45147  -28.897  -33.399  47.696 0.0000000000
68765  -43.218  -11.831  33.145 0.0000000000
71912  -45.316  -9.891  31.332 0.0000000000
49536  -37.466  -29.884  44.334 0.0000000000
58320  -33.844  -22.042  39.794 0.0000000000
56044  -33.548  -23.068  39.527 0.0000000000
57191  -33.415  -22.265  38.974 0.0000000000
43005  -18.824  -35.529  47.638 0.0000000000
44051  -19.166  -34.652  48.317 0.0000000000
42988  -18.632  -35.293  48.363 0.0000000000
41970  -17.961  -35.875  48.547 0.0000000000
40075  -17.105  -38.394  47.207 0.0000000000
43014  -40.477  -35.312  47.488 0.0000000000
41994  -41.252  -35.057  47.061 0.0000000000
42999  -41.153  -34.639  48.440 0.0000000000
42984  -41.089  -33.734  48.750 0.0000000000
44032  -41.515  -32.698  49.883 0.0000000000
44040  -33.598  -33.998  49.897 0.0000000000
45122  -34.721  -33.429  49.910 0.0000000000
45123  -35.985  -33.107  49.751 0.0000000000
44029  -38.144  -34.349  49.900 0.0000000000
42979  -38.710  -34.085  49.704 0.0000000000
42995  -38.960  -34.421  48.819 0.0000000000
43012  -39.049  -34.501  47.640 0.0000000000
42961  -33.406  -35.122  50.501 0.0000000000
62906  -42.068  -17.043  36.600 0.0000000000
62907  -42.451  -16.692  36.890 0.0000000000
65181  -42.854  -16.135  36.508 0.0000000000
65170  -42.693  -15.592  36.549 0.0000000000
68731  -43.598  -12.356  35.816 0.0000000000
70855  -44.958  -11.253  35.351 0.0000000000
70856  -45.356  -11.103  35.238 0.0000000000
69799  -46.488  -11.286  36.767 0.0000000000
54785  -34.371  -24.406  46.993 0.0000000000
53643  -34.418  -24.708  46.133 0.0000000000
55961  -34.656  -23.089  45.992 0.0000000000
60423  -35.881  -19.868  46.953 0.0000000000
59332  -35.245  -20.481  45.929 0.0000000000
60440  -35.225  -20.093  45.441 0.0000000000
59340  -34.568  -20.412  44.592 0.0000000000
59343  -34.272  -20.165  43.736 0.0000000000
58301  -33.843  -20.985  43.075 0.0000000000
60480  -35.032  -18.962  42.913 0.0000000000
60481  -35.799  -18.694  42.771 0.0000000000
47450  -23.454  -32.128  49.166 0.0000000000
47475  -23.675  -31.989  47.679 0.0000000000
46324  -22.719  -32.140  47.087 0.0000000000
43022  -20.310  -35.446  46.135 0.0000000000
76146  -51.519  -5.409  30.212 0.0000000000
75090  -51.188  -6.109  28.932 0.0000000000
76153  -51.588  -5.227  29.244 0.0000000000
76154  -52.500  -4.722  28.823 0.0000000000
33469  -10.648  -44.841  57.321 0.0000000000
47518  -41.752  -31.503  44.871 0.0000000000
47531  -42.069  -31.825  43.955 0.0000000000
47517  -40.765  -31.570  44.790 0.0000000000
47515  -39.339  -31.069  44.663 0.0000000000
47499  -39.133  -31.037  45.080 0.0000000000
49502  -38.362  -30.289  46.349 0.0000000000
47467  -42.466  -31.746  48.580 0.0000000000
47480  -42.258  -31.895  47.768 0.0000000000
48500  -41.816  -31.403  48.698 0.0000000000
50437  -39.847  -30.729  49.380 0.0000000000
51450  -39.256  -28.567  49.680 0.0000000000
52504  -38.557  -28.030  49.244 0.0000000000
52503  -38.119  -27.667  48.753 0.0000000000
51466  -37.851  -28.060  48.351 0.0000000000
51465  -37.411  -27.912  47.876 0.0000000000
52515  -37.219  -27.081  47.881 0.0000000000
53647  -37.710  -26.409  47.290 0.0000000000
54788  -37.786  -25.911  47.411 0.0000000000
53646  -37.510  -25.776  46.879 0.0000000000
54766  -37.345  -25.630  47.718 0.0000000000
55932  -36.534  -24.815  49.217 0.0000000000
55898  -35.435  -23.386  51.754 0.0000000000
44153  -29.765  -34.391  40.978 0.0000000000
45170  -33.809  -32.955  46.604 0.0000000000
47486  -33.243  -31.939  46.213 0.0000000000
47496  -33.503  -31.856  45.643 0.0000000000
47497  -34.337  -31.689  45.142 0.0000000000
47513  -34.283  -31.758  44.229 0.0000000000
45255  -35.723  -32.609  42.115 0.0000000000
46432  -35.457  -32.495  42.428 0.0000000000
46312  -25.928  -32.577  48.533 0.0000000000
46367  -27.160  -32.259  44.839 0.0000000000
46388  -26.687  -32.370  44.428 0.0000000000
46406  -26.195  -32.749  44.038 0.0000000000
45247  -25.491  -33.299  42.674 0.0000000000
46424  -25.778  -32.699  42.006 0.0000000000
45270  -25.456  -32.895  41.424 0.0000000000
70879  -46.645  -9.737  34.463 0.0000000000
72925  -48.768  -7.585  34.131 0.0000000000
72917  -49.047  -7.291  33.801 0.0000000000
73988  -48.900  -6.820  33.297 0.0000000000
75076  -48.990  -6.328  32.211 0.0000000000
75077  -49.822  -6.459  31.884 0.0000000000
75081  -49.785  -6.055  31.130 0.0000000000
76136  -50.201  -6.126  31.710 0.0000000000
76130  -50.506  -5.937  32.277 0.0000000000
36499  -14.170  -42.730  48.915 0.0000000000
52583  -34.418  -26.617  42.950 0.0000000000
52599  -34.194  -26.585  41.791 0.0000000000
59481  -37.994  -20.500  34.388 0.0000000000
61665  -36.975  -17.755  41.312 0.0000000000
61683  -36.620  -18.130  40.079 0.0000000000
62831  -36.916  -17.686  40.991 0.0000000000
62832  -37.568  -17.570  41.104 0.0000000000
64019  -38.218  -18.034  40.330 0.0000000000
63992  -41.277  -16.904  40.701 0.0000000000
65138  -40.511  -16.523  40.663 0.0000000000
61667  -40.830  -17.933  39.828 0.0000000000
60520  -40.586  -19.362  38.980 0.0000000000
60547  -41.007  -19.584  38.296 0.0000000000
128402  -41.519  -19.466  37.956 0.0000000000
128405  -41.620  -19.141  37.600 0.0000000000
128403  -42.406  -19.150  38.074 0.0000000000
60548  -43.762  -19.135  39.154 0.0000000000
41962  -16.485  -36.876  51.058 0.0000000000
40977  -16.189  -37.234  51.280 0.0000000000
40976  -15.756  -37.564  51.589 0.0000000000
39202  -15.579  -39.311  50.932 0.0000000000
38384  -15.405  -40.313  50.711 0.0000000000
34536  -13.198  -44.293  51.047 0.0000000000
35480  -12.797  -43.615  51.972 0.0000000000
33516  -12.093  -45.003  52.015 0.0000000000
32491  -11.412  -46.365  51.969 0.0000000000
31495  -11.153  -46.880  51.998 0.0000000000
31486  -11.116  -46.465  52.661 0.0000000000
31475  -10.953  -46.050  53.551 0.0000000000
30495  -10.256  -46.349  52.653 0.0000000000
44009  -36.693  -34.179  51.637 0.0000000000
42966  -38.973  -33.751  50.310 0.0000000000
64039  -44.684  -16.342  39.236 0.0000000000
64050  -43.779  -16.181  38.441 0.0000000000
65162  -44.640  -16.000  39.070 0.0000000000
65153  -44.678  -15.233  38.560 0.0000000000
66324  -45.324  -14.691  38.835 0.0000000000
67584  -46.338  -13.236  38.485 0.0000000000
68700  -46.606  -12.442  38.127 0.0000000000
57091  -34.717  -21.755  48.545 0.0000000000
58245  -34.504  -21.781  47.879 0.0000000000
58246  -35.000  -21.117  48.123 0.0000000000
59288  -35.262  -20.280  48.464 0.0000000000
60403  -35.694  -19.582  47.939 0.0000000000
60425  -37.385  -18.773  46.482 0.0000000000
45182  -22.905  -32.835  45.183 0.0000000000
44097  -22.458  -33.472  44.009 0.0000000000
35436  -11.572  -42.455  57.082 0.0000000000
35435  -10.867  -42.521  56.460 0.0000000000
48551  -41.315  -31.507  45.383 0.0000000000
49523  -40.516  -31.392  46.237 0.0000000000
54737  -36.957  -25.175  49.898 0.0000000000
46426  -27.523  -32.983  42.098 0.0000000000
46448  -27.576  -33.030  41.231 0.0000000000
45271  -27.935  -33.189  41.677 0.0000000000
45250  -28.988  -33.471  42.221 0.0000000000
44137  -29.557  -33.902  41.612 0.0000000000
44118  -29.785  -34.096  43.183 0.0000000000
44138  -29.802  -34.071  42.290 0.0000000000
43067  -29.833  -34.621  41.689 0.0000000000
43081  -30.095  -34.679  41.697 0.0000000000
45273  -30.547  -33.239  41.338 0.0000000000
45189  -36.919  -33.205  45.832 0.0000000000
46373  -36.337  -32.721  45.531 0.0000000000
46398  -36.732  -32.767  44.492 0.0000000000
46417  -36.579  -32.671  43.697 0.0000000000
45235  -36.831  -32.588  43.064 0.0000000000
45256  -36.624  -32.496  42.240 0.0000000000
45259  -38.976  -33.349  42.540 0.0000000000
46299  -27.544  -32.257  49.371 0.0000000000
46314  -28.290  -32.095  48.609 0.0000000000
46329  -27.946  -32.611  47.797 0.0000000000
45165  -27.621  -32.873  45.925 0.0000000000
67658  -41.461  -13.438  33.252 0.0000000000
71924  -46.563  -9.279  30.349 0.0000000000
71880  -48.628  -8.799  35.735 0.0000000000
70872  -49.055  -8.687  36.382 0.0000000000
70873  -49.712  -8.537  36.164 0.0000000000
75059  -51.432  -6.486  34.701 0.0000000000
54891  -33.677  -24.404  41.322 0.0000000000
62790  -39.284  -17.525  43.581 0.0000000000
62800  -39.268  -17.230  42.797 0.0000000000
62802  -41.743  -16.899  42.402 0.0000000000
62803  -42.318  -17.146  41.727 0.0000000000
62819  -42.202  -17.478  40.868 0.0000000000
60506  -43.269  -18.907  40.232 0.0000000000
45129  -18.506  -34.171  49.139 0.0000000000
44017  -18.731  -34.171  49.941 0.0000000000
41963  -17.002  -36.535  50.384 0.0000000000
39209  -16.351  -38.987  49.220 0.0000000000
39214  -15.884  -39.616  48.975 0.0000000000
39215  -16.494  -39.091  48.657 0.0000000000
39222  -16.202  -39.943  47.527 0.0000000000
29563  -10.653  -48.292  51.168 0.0000000000
42027  -40.615  -35.740  44.724 0.0000000000
43043  -41.570  -34.943  44.896 0.0000000000
42029  -41.677  -35.417  45.285 0.0000000000
43045  -42.066  -34.678  46.005 0.0000000000
44107  -41.877  -33.575  47.146 0.0000000000
43017  -41.479  -34.329  47.606 0.0000000000
44078  -41.841  -33.705  47.526 0.0000000000
128045  -42.526  -33.008  48.525 0.0000000000
47455  -42.625  -31.982  49.069 0.0000000000
45169  -31.156  -33.339  47.232 0.0000000000
45150  -31.519  -33.345  47.872 0.0000000000
46332  -32.146  -32.851  47.528 0.0000000000
46333  -32.929  -32.468  47.621 0.0000000000
45138  -33.559  -33.257  48.134 0.0000000000
45152  -33.719  -33.059  47.155 0.0000000000
45171  -34.427  -33.088  46.692 0.0000000000
45172  -35.412  -32.795  46.911 0.0000000000
44042  -36.158  -33.874  50.369 0.0000000000
44044  -37.726  -33.925  49.480 0.0000000000
45125  -37.604  -33.592  48.791 0.0000000000
45155  -36.751  -33.441  47.765 0.0000000000
45173  -36.731  -33.190  46.670 0.0000000000
44083  -37.951  -34.336  45.932 0.0000000000
43023  -38.714  -34.551  46.874 0.0000000000
44076  -38.679  -34.595  46.467 0.0000000000
44084  -38.702  -34.461  45.793 0.0000000000
43041  -40.218  -35.460  44.832 0.0000000000
42976  -31.508  -34.968  49.856 0.0000000000
43009  -31.074  -35.802  49.005 0.0000000000
62903  -39.792  -18.290  35.201 0.0000000000
62918  -39.664  -18.203  34.901 0.0000000000
64057  -41.357  -16.224  36.253 0.0000000000
64070  -41.041  -15.718  35.242 0.0000000000
65191  -40.615  -15.249  34.414 0.0000000000
67603  -43.829  -14.056  36.974 0.0000000000
66353  -42.461  -14.049  35.739 0.0000000000
67617  -42.100  -13.533  35.296 0.0000000000
67647  -41.121  -13.148  33.788 0.0000000000
68764  -42.678  -12.274  33.516 0.0000000000
69833  -43.021  -11.870  34.969 0.0000000000
69855  -43.304  -11.208  32.775 0.0000000000
70887  -43.875  -10.465  32.259 0.0000000000
71897  -44.393  -10.038  32.246 0.0000000000
71876  -45.354  -10.156  34.085 0.0000000000
71877  -45.945  -10.278  34.162 0.0000000000
70878  -46.275  -10.190  34.409 0.0000000000
71872  -47.564  -9.937  35.711 0.0000000000
70870  -48.353  -9.563  36.315 0.0000000000
68712  -47.037  -11.955  37.881 0.0000000000
69787  -46.727  -11.509  37.518 0.0000000000
69800  -47.253  -10.956  37.235 0.0000000000
70842  -48.148  -9.879  37.345 0.0000000000
70859  -48.448  -9.488  36.892 0.0000000000
70860  -49.079  -9.364  36.804 0.0000000000
51496  -35.705  -27.424  45.534 0.0000000000
52570  -35.522  -27.477  44.395 0.0000000000
53684  -34.754  -26.275  44.871 0.0000000000
58256  -35.061  -21.793  47.123 0.0000000000
57128  -34.353  -22.122  46.023 0.0000000000
57138  -34.414  -22.170  45.251 0.0000000000
58281  -34.626  -21.469  45.653 0.0000000000
55992  -33.629  -22.772  43.964 0.0000000000
54876  -33.492  -23.287  42.885 0.0000000000
59375  -35.119  -20.007  39.241 0.0000000000
61663  -35.798  -18.801  41.644 0.0000000000
60495  -35.757  -18.805  42.355 0.0000000000
61648  -36.186  -18.529  42.301 0.0000000000
61632  -37.950  -18.101  42.843 0.0000000000
60484  -38.232  -18.091  43.382 0.0000000000
60443  -37.279  -18.675  45.511 0.0000000000
60444  -37.956  -18.514  45.502 0.0000000000
60427  -38.822  -18.524  46.282 0.0000000000
60457  -37.779  -18.194  44.785 0.0000000000
60458  -38.396  -17.837  44.767 0.0000000000
60470  -38.367  -17.731  43.986 0.0000000000
60471  -38.851  -17.591  44.191 0.0000000000
61607  -39.793  -17.561  44.938 0.0000000000
62765  -40.645  -17.517  45.140 0.0000000000
46362  -22.762  -32.653  45.707 0.0000000000
46341  -22.233  -32.670  46.382 0.0000000000
45163  -21.742  -33.025  46.176 0.0000000000
46340  -21.282  -32.701  46.607 0.0000000000
46321  -19.707  -33.364  47.872 0.0000000000
44063  -19.523  -34.590  47.684 0.0000000000
43021  -19.904  -35.737  46.654 0.0000000000
43006  -19.475  -35.385  47.177 0.0000000000
77227  -53.004  -4.537  29.278 0.0000000000
49537  -38.149  -30.669  44.465 0.0000000000
44086  -41.053  -33.180  46.004 0.0000000000
128048  -41.852  -31.819  47.711 0.0000000000
47478  -41.971  -31.893  46.827 0.0000000000
46355  -41.279  -32.005  46.439 0.0000000000
47488  -41.054  -31.833  46.412 0.0000000000
49524  -40.415  -31.428  46.483 0.0000000000
49505  -40.241  -31.221  46.844 0.0000000000
49470  -39.478  -30.698  48.430 0.0000000000
49484  -39.716  -30.761  47.493 0.0000000000
48510  -39.652  -30.904  47.024 0.0000000000
48518  -38.660  -30.619  47.179 0.0000000000
51464  -37.012  -28.452  47.387 0.0000000000
50465  -36.929  -28.921  46.806 0.0000000000
50479  -36.048  -27.896  45.547 0.0000000000
52531  -35.590  -26.145  46.250 0.0000000000
53624  -36.545  -25.453  47.200 0.0000000000
54786  -35.767  -25.035  47.064 0.0000000000
54763  -34.758  -23.909  47.883 0.0000000000
55911  -36.727  -24.577  50.137 0.0000000000
55921  -36.243  -24.331  49.547 0.0000000000
55909  -35.411  -23.404  50.746 0.0000000000
57081  -35.080  -22.211  49.179 0.0000000000
46393  -31.400  -33.069  44.751 0.0000000000
45253  -30.981  -32.878  43.207 0.0000000000
46427  -30.794  -32.391  42.319 0.0000000000
46471  -30.964  -32.464  41.023 0.0000000000
47526  -34.591  -31.937  43.642 0.0000000000
46396  -34.017  -32.064  43.624 0.0000000000
46431  -34.766  -32.487  42.272 0.0000000000
46430  -33.848  -32.144  42.547 0.0000000000
47540  -32.517  -31.551  42.231 0.0000000000
47576  -31.969  -31.851  41.130 0.0000000000
46296  -24.259  -32.466  48.718 0.0000000000
46310  -24.130  -32.407  47.828 0.0000000000
47484  -25.816  -31.801  46.717 0.0000000000
46344  -25.292  -32.206  46.547 0.0000000000
46364  -24.632  -32.618  45.600 0.0000000000
46385  -24.206  -32.763  44.869 0.0000000000
45225  -23.727  -33.598  43.143 0.0000000000
44136  -25.003  -33.770  42.455 0.0000000000
71898  -44.982  -9.720  32.034 0.0000000000
72943  -46.307  -9.105  31.221 0.0000000000
72951  -46.961  -8.783  30.445 0.0000000000
71890  -48.299  -8.665  34.900 0.0000000000
72936  -48.335  -7.845  33.997 0.0000000000
72952  -47.541  -8.330  30.244 0.0000000000
72953  -48.142  -7.947  29.910 0.0000000000
74009  -48.475  -7.800  29.747 0.0000000000
72962  -48.900  -7.998  28.938 0.0000000000
74012  -50.784  -6.628  29.418 0.0000000000
74006  -50.648  -6.343  29.658 0.0000000000
76145  -50.875  -5.544  30.630 0.0000000000
75086  -50.762  -5.701  30.098 0.0000000000
76126  -52.430  -4.669  32.263 0.0000000000
37449  -14.269  -41.343  52.217 0.0000000000
36464  -14.216  -41.917  52.642 0.0000000000
36469  -14.463  -42.249  51.902 0.0000000000
35482  -14.451  -43.090  51.430 0.0000000000
35496  -13.850  -43.542  50.714 0.0000000000
35509  -13.767  -43.711  49.756 0.0000000000
34548  -13.566  -44.410  50.189 0.0000000000
51523  -35.715  -27.833  43.820 0.0000000000
51522  -35.212  -27.941  43.429 0.0000000000
53718  -33.719  -25.630  41.087 0.0000000000
59390  -36.047  -19.829  38.167 0.0000000000
60569  -36.902  -19.190  37.377 0.0000000000
59414  -37.367  -19.521  36.951 0.0000000000
59415  -38.026  -19.575  37.144 0.0000000000
62833  -38.611  -17.438  40.869 0.0000000000
62853  -38.631  -17.897  40.143 0.0000000000
62854  -39.258  -17.818  39.722 0.0000000000
61685  -38.832  -18.113  39.408 0.0000000000
60571  -38.724  -19.376  37.359 0.0000000000
59439  -38.307  -19.824  36.595 0.0000000000
59440  -39.509  -19.878  36.492 0.0000000000
59456  -39.477  -19.859  35.754 0.0000000000
59417  -40.376  -20.183  37.119 0.0000000000
58378  -40.104  -20.033  36.251 0.0000000000
60607  -39.771  -19.383  35.485 0.0000000000
61754  -40.972  -18.506  36.313 0.0000000000
62892  -41.498  -18.005  36.512 0.0000000000
61729  -41.808  -18.620  37.440 0.0000000000
61744  -41.945  -18.131  37.207 0.0000000000
62883  -42.663  -17.587  38.054 0.0000000000
62884  -42.928  -17.269  38.246 0.0000000000
62885  -43.725  -17.116  38.399 0.0000000000
38370  -13.770  -40.591  53.544 0.0000000000
39186  -13.844  -39.322  53.672 0.0000000000
38374  -13.658  -40.211  52.979 0.0000000000
38375  -14.225  -40.487  52.596 0.0000000000
37468  -14.277  -42.048  49.832 0.0000000000
37476  -14.238  -42.347  49.377 0.0000000000
38391  -15.739  -40.177  48.579 0.0000000000
38394  -15.708  -40.700  48.018 0.0000000000
36459  -13.577  -41.917  53.420 0.0000000000
36458  -12.800  -42.239  53.921 0.0000000000
34518  -12.615  -43.685  52.198 0.0000000000
35458  -12.408  -43.074  53.234 0.0000000000
35440  -11.818  -42.745  55.098 0.0000000000
35439  -10.823  -42.748  55.160 0.0000000000
34472  -10.514  -43.605  55.768 0.0000000000
32520  -12.470  -46.132  51.106 0.0000000000
32505  -12.312  -45.476  51.579 0.0000000000
33505  -12.084  -44.998  52.885 0.0000000000
32481  -11.433  -45.820  52.656 0.0000000000
32482  -11.798  -45.299  52.726 0.0000000000
33492  -11.384  -44.571  54.376 0.0000000000
33474  -10.947  -44.582  56.110 0.0000000000
33473  -10.722  -45.274  56.661 0.0000000000
32446  -10.511  -45.397  56.580 0.0000000000
31457  -10.790  -46.407  55.701 0.0000000000
32448  -10.409  -45.846  56.173 0.0000000000
32447  -10.504  -44.854  55.680 0.0000000000
29562  -10.338  -48.307  51.266 0.0000000000
30506  -10.275  -46.794  52.010 0.0000000000
30494  -10.044  -45.947  52.949 0.0000000000
31476  -11.173  -45.573  53.309 0.0000000000
31508  -11.880  -46.628  51.395 0.0000000000
32449  -10.910  -45.899  56.313 0.0000000000
32471  -11.705  -45.365  53.098 0.0000000000
32492  -11.663  -45.777  51.905 0.0000000000
32493  -12.007  -45.512  51.755 0.0000000000
33466  -11.387  -43.755  58.212 0.0000000000
33493  -11.546  -44.970  54.084 0.0000000000
33504  -11.814  -45.299  52.260 0.0000000000
33524  -12.474  -45.681  51.335 0.0000000000
34465  -11.585  -42.947  57.485 0.0000000000
34476  -10.789  -43.770  54.901 0.0000000000
34487  -11.951  -44.858  53.875 0.0000000000
35430  -11.567  -42.927  57.068 0.0000000000
35434  -10.970  -42.185  55.618 0.0000000000
35438  -10.613  -42.709  55.773 0.0000000000
35468  -14.499  -42.849  52.060 0.0000000000
35497  -14.325  -43.194  50.859 0.0000000000
36449  -10.710  -42.492  56.117 0.0000000000
36453  -10.723  -42.172  55.588 0.0000000000
36460  -14.005  -41.791  53.149 0.0000000000
36463  -13.822  -42.203  52.856 0.0000000000
36489  -13.931  -43.182  50.307 0.0000000000
37445  -13.924  -41.077  53.534 0.0000000000
37446  -14.148  -41.321  53.185 0.0000000000
37460  -14.890  -40.943  50.526 0.0000000000
39191  -13.824  -39.659  52.872 0.0000000000
40054  -16.014  -38.382  50.703 0.0000000000
40062  -16.460  -38.696  49.545 0.0000000000
41971  -31.018  -35.718  49.465 0.0000000000
41972  -31.303  -35.415  49.563 0.0000000000
41973  -31.969  -34.998  49.856 0.0000000000
41980  -30.900  -35.991  49.343 0.0000000000
41981  -31.050  -36.095  49.202 0.0000000000
41982  -31.614  -35.819  49.228 0.0000000000
41991  -30.685  -35.976  49.000 0.0000000000
41992  -30.972  -36.144  48.903 0.0000000000
41993  -31.245  -36.132  49.052 0.0000000000
41995  -41.374  -34.849  47.107 0.0000000000
41996  -41.494  -34.664  47.091 0.0000000000
42006  -40.946  -35.619  46.076 0.0000000000
42008  -41.653  -35.072  46.599 0.0000000000
42009  -41.625  -34.827  46.731 0.0000000000
42019  -40.996  -35.775  45.439 0.0000000000
42021  -42.027  -35.177  46.116 0.0000000000
42022  -41.877  -34.968  46.467 0.0000000000
42028  -41.097  -35.669  44.867 0.0000000000
42030  -41.964  -35.301  45.659 0.0000000000
42963  -35.045  -34.598  50.938 0.0000000000
42970  -40.901  -33.464  49.410 0.0000000000
42974  -31.074  -35.566  49.288 0.0000000000
42975  -31.008  -35.087  49.554 0.0000000000
42985  -41.415  -33.748  48.532 0.0000000000
42990  -30.955  -35.494  49.450 0.0000000000
42991  -31.083  -34.847  49.399 0.0000000000
42992  -31.307  -34.920  49.611 0.0000000000
43000  -41.374  -34.218  48.268 0.0000000000
43007  -20.016  -35.199  46.682 0.0000000000
43008  -30.809  -35.726  49.204 0.0000000000
43010  -31.449  -35.976  49.025 0.0000000000
43015  -40.942  -34.959  47.716 0.0000000000
43016  -41.158  -34.720  47.786 0.0000000000
43027  -40.928  -35.287  46.854 0.0000000000
43028  -41.549  -34.514  46.980 0.0000000000
43029  -41.629  -34.073  47.339 0.0000000000
43035  -42.173  -34.898  46.007 0.0000000000
43036  -41.821  -34.588  46.450 0.0000000000
43042  -40.882  -35.117  44.734 0.0000000000
43066  -29.774  -34.502  41.269 0.0000000000
43079  -29.773  -34.626  41.046 0.0000000000
43080  -29.905  -34.826  41.147 0.0000000000
43096  -30.272  -34.795  41.224 0.0000000000
43996  -17.668  -34.728  51.486 0.0000000000
44005  -33.707  -33.682  51.006 0.0000000000
44006  -33.848  -33.768  51.199 0.0000000000
44007  -34.136  -33.950  51.194 0.0000000000
44010  -37.244  -34.156  51.183 0.0000000000
44015  -17.590  -34.766  51.133 0.0000000000
44023  -34.067  -33.728  51.069 0.0000000000
44035  -18.657  -34.142  49.676 0.0000000000
44052  -29.005  -33.797  49.178 0.0000000000
44068  -37.275  -33.645  47.366 0.0000000000
44077  -41.150  -32.993  46.000 0.0000000000
44087  -41.401  -33.070  46.163 0.0000000000
44088  -41.680  -34.064  46.594 0.0000000000
44089  -41.646  -33.979  47.001 0.0000000000
44098  -29.667  -34.073  43.847 0.0000000000
45093  -33.774  -33.534  51.146 0.0000000000
45094  -34.052  -33.672  51.070 0.0000000000
45095  -34.404  -33.881  50.933 0.0000000000
45099  -18.849  -33.591  50.358 0.0000000000
45106  -33.907  -33.529  50.966 0.0000000000
45107  -34.166  -33.735  50.853 0.0000000000
45113  -18.581  -34.132  49.440 0.0000000000
45120  -28.981  -33.729  49.847 0.0000000000
45121  -34.194  -33.709  50.495 0.0000000000
45136  -31.792  -33.442  48.525 0.0000000000
45137  -32.560  -33.291  48.395 0.0000000000
45142  -37.645  -33.762  48.245 0.0000000000
45157  -41.909  -32.118  47.082 0.0000000000
45158  -41.783  -32.248  47.195 0.0000000000
45162  -21.215  -33.262  46.194 0.0000000000
45175  -41.596  -32.044  47.162 0.0000000000
45176  -41.356  -32.105  46.696 0.0000000000
45183  -27.150  -32.373  45.175 0.0000000000
45184  -27.634  -32.821  45.048 0.0000000000
45191  -37.969  -34.241  45.682 0.0000000000
45192  -41.397  -32.625  45.973 0.0000000000
45193  -41.359  -33.024  45.941 0.0000000000
45217  -42.077  -33.167  47.013 0.0000000000
45228  -26.146  -32.884  43.675 0.0000000000
45229  -28.252  -33.187  42.513 0.0000000000
45249  -28.210  -33.281  41.986 0.0000000000
45269  -25.421  -32.451  41.065 0.0000000000
45274  -34.945  -32.679  41.525 0.0000000000
45313  -25.661  -32.400  40.158 0.0000000000
45314  -25.813  -32.586  39.850 0.0000000000
45338  -25.579  -32.487  39.944 0.0000000000
45339  -25.462  -32.298  39.943 0.0000000000
46301  -28.409  -32.749  49.036 0.0000000000
46315  -28.396  -32.374  48.808 0.0000000000
46316  -32.530  -32.750  48.049 0.0000000000
46330  -28.520  -32.828  47.647 0.0000000000
46331  -31.624  -33.192  47.369 0.0000000000
46334  -41.996  -31.926  47.128 0.0000000000
46335  -41.948  -32.149  46.870 0.0000000000
46336  -42.019  -31.947  47.147 0.0000000000
46350  -33.303  -32.353  46.649 0.0000000000
46351  -34.036  -32.704  46.237 0.0000000000
46354  -41.447  -32.008  46.963 0.0000000000
46370  -33.690  -32.153  46.149 0.0000000000
46375  -41.605  -32.179  45.696 0.0000000000
46391  -29.006  -32.887  44.218 0.0000000000
46411  -30.866  -33.009  44.021 0.0000000000
46414  -33.482  -32.200  43.256 0.0000000000
46433  -37.361  -33.014  42.534 0.0000000000
46446  -25.907  -32.515  41.456 0.0000000000
46450  -30.726  -32.340  41.857 0.0000000000
46466  -25.567  -32.311  40.879 0.0000000000
46489  -25.375  -32.220  40.391 0.0000000000
46490  -25.528  -32.272  40.243 0.0000000000
46507  -25.448  -32.315  39.960 0.0000000000
46508  -25.322  -32.106  40.006 0.0000000000
47451  -28.386  -32.245  48.910 0.0000000000
47452  -28.433  -32.395  49.063 0.0000000000
47463  -23.612  -31.971  48.220 0.0000000000
47464  -28.493  -32.061  48.775 0.0000000000
47465  -28.527  -32.233  48.953 0.0000000000
47468  -42.602  -31.962  48.433 0.0000000000
47474  -23.180  -31.712  47.662 0.0000000000
47476  -25.602  -31.864  47.022 0.0000000000
47479  -41.028  -31.127  47.666 0.0000000000
47483  -25.643  -31.824  46.780 0.0000000000
47487  -41.100  -31.995  46.869 0.0000000000
47495  -32.751  -31.865  45.989 0.0000000000
47500  -39.432  -31.561  45.105 0.0000000000
47502  -41.415  -31.635  45.614 0.0000000000
47514  -35.150  -31.716  43.903 0.0000000000
47542  -33.834  -31.965  42.026 0.0000000000
47558  -32.078  -31.530  41.668 0.0000000000
47559  -33.032  -31.639  41.617 0.0000000000
48491  -38.638  -30.329  49.136 0.0000000000
48493  -41.963  -31.029  49.401 0.0000000000
48499  -38.552  -30.224  48.648 0.0000000000
48501  -42.157  -31.606  48.284 0.0000000000
48508  -38.743  -30.394  48.033 0.0000000000
48512  -42.025  -31.680  47.957 0.0000000000
48519  -39.011  -31.122  46.578 0.0000000000
48530  -36.970  -30.378  44.964 0.0000000000
48531  -37.227  -30.538  44.974 0.0000000000
48546  -37.192  -30.266  44.789 0.0000000000
48548  -39.191  -30.859  44.758 0.0000000000
48549  -39.524  -30.929  44.387 0.0000000000
49463  -38.419  -29.917  48.777 0.0000000000
49485  -40.035  -30.887  47.158 0.0000000000
49522  -40.512  -31.386  46.000 0.0000000000
50434  -38.093  -29.371  48.327 0.0000000000
50448  -37.117  -29.064  47.373 0.0000000000
50478  -35.788  -27.748  45.494 0.0000000000
51499  -36.903  -27.492  46.787 0.0000000000
51512  -35.391  -27.823  44.921 0.0000000000
52516  -37.665  -27.552  48.354 0.0000000000
52585  -35.566  -27.378  43.955 0.0000000000
53625  -36.921  -25.529  47.211 0.0000000000
54734  -34.952  -23.680  48.795 0.0000000000
54747  -34.890  -23.790  48.576 0.0000000000
54762  -34.580  -23.929  47.708 0.0000000000
54787  -36.298  -25.403  47.193 0.0000000000
54789  -37.723  -26.167  47.633 0.0000000000
54832  -33.638  -23.340  44.077 0.0000000000
55919  -35.093  -23.350  48.736 0.0000000000
55922  -36.677  -24.831  49.525 0.0000000000
55930  -34.947  -23.188  48.488 0.0000000000
55931  -34.732  -23.304  48.399 0.0000000000
55940  -34.480  -23.702  47.687 0.0000000000
55951  -34.387  -23.539  47.523 0.0000000000
55993  -33.839  -22.469  44.319 0.0000000000
56045  -33.772  -22.994  39.953 0.0000000000
57079  -35.144  -22.904  48.607 0.0000000000
57080  -35.193  -22.885  48.789 0.0000000000
57089  -34.932  -22.939  48.526 0.0000000000
57144  -33.695  -22.196  44.067 0.0000000000
57175  -33.634  -22.308  39.582 0.0000000000
57176  -33.865  -22.545  39.975 0.0000000000
58235  -35.107  -21.146  48.930 0.0000000000
58333  -41.055  -20.287  37.161 0.0000000000
58347  -40.872  -20.360  36.985 0.0000000000
58348  -40.878  -20.326  36.701 0.0000000000
58362  -36.174  -19.972  35.701 0.0000000000
58365  -40.230  -20.184  36.576 0.0000000000
58377  -39.853  -20.019  36.125 0.0000000000
58379  -40.736  -19.821  36.378 0.0000000000
59301  -34.705  -20.989  46.855 0.0000000000
59349  -34.408  -19.902  42.917 0.0000000000
59393  -43.894  -19.130  38.550 0.0000000000
59394  -44.359  -19.176  38.485 0.0000000000
59416  -39.892  -19.786  37.090 0.0000000000
59419  -44.309  -19.115  38.267 0.0000000000
59436  -35.335  -20.551  36.377 0.0000000000
59441  -39.949  -19.958  36.912 0.0000000000
59453  -35.508  -20.136  36.135 0.0000000000
60482  -37.431  -18.286  43.694 0.0000000000
60503  -34.708  -19.674  40.995 0.0000000000
60505  -36.222  -18.642  40.385 0.0000000000
60575  -44.151  -18.830  38.454 0.0000000000
60588  -35.491  -20.290  36.214 0.0000000000
60589  -35.713  -20.075  36.319 0.0000000000
60593  -41.014  -19.537  36.734 0.0000000000
60594  -42.296  -18.423  37.555 0.0000000000
60605  -35.469  -20.362  36.375 0.0000000000
60606  -35.532  -20.217  36.349 0.0000000000
60609  -40.766  -19.615  36.474 0.0000000000
61592  -36.834  -18.615  45.212 0.0000000000
61593  -36.897  -18.469  45.011 0.0000000000
61606  -36.779  -18.591  44.808 0.0000000000
61618  -38.872  -17.617  43.866 0.0000000000
61619  -39.433  -17.546  44.214 0.0000000000
61650  -37.906  -17.636  42.275 0.0000000000
61711  -42.830  -17.675  38.210 0.0000000000
61712  -42.973  -17.503  38.305 0.0000000000
61728  -41.264  -18.566  37.159 0.0000000000
61730  -42.728  -17.924  38.060 0.0000000000
62818  -41.554  -16.950  41.206 0.0000000000
62835  -40.559  -17.246  40.072 0.0000000000
62836  -41.404  -17.311  40.350 0.0000000000
62851  -36.919  -17.610  40.492 0.0000000000
62852  -37.728  -18.073  40.133 0.0000000000
62871  -42.679  -17.467  38.003 0.0000000000
62872  -42.804  -17.405  38.147 0.0000000000
63991  -40.844  -16.602  40.824 0.0000000000
64004  -38.148  -17.733  40.520 0.0000000000
64005  -38.430  -17.674  40.474 0.0000000000
64006  -40.317  -16.662  40.496 0.0000000000
64007  -40.870  -16.853  40.343 0.0000000000
64008  -41.146  -16.875  40.491 0.0000000000
64020  -38.420  -17.881  40.339 0.0000000000
64028  -44.318  -15.562  38.483 0.0000000000
64029  -44.492  -15.533  38.629 0.0000000000
64030  -44.478  -15.737  38.754 0.0000000000
64036  -44.153  -15.605  38.329 0.0000000000
64037  -44.177  -15.756  38.451 0.0000000000
64038  -44.233  -16.275  38.689 0.0000000000
64047  -41.988  -15.813  36.520 0.0000000000
64058  -42.382  -16.293  36.594 0.0000000000
64059  -42.910  -16.378  36.807 0.0000000000
65124  -40.458  -16.099  41.104 0.0000000000
65125  -40.394  -16.105  40.893 0.0000000000
65137  -40.293  -16.225  40.716 0.0000000000
65152  -44.386  -15.394  38.341 0.0000000000
65154  -44.856  -15.659  39.113 0.0000000000
65161  -44.284  -15.375  37.987 0.0000000000
65182  -43.111  -16.038  36.525 0.0000000000
66316  -45.627  -14.814  39.357 0.0000000000
66323  -44.894  -14.820  38.505 0.0000000000
66339  -41.958  -14.772  36.248 0.0000000000
66360  -40.723  -14.258  34.279 0.0000000000
66362  -42.537  -13.470  35.332 0.0000000000
66363  -42.827  -13.203  35.191 0.0000000000
67616  -41.959  -13.949  35.567 0.0000000000
67628  -40.982  -13.381  34.473 0.0000000000
67629  -40.849  -13.633  34.420 0.0000000000
67630  -41.410  -13.532  34.794 0.0000000000
67645  -40.709  -13.472  34.293 0.0000000000
67646  -40.518  -13.595  33.986 0.0000000000
68711  -46.192  -12.178  37.562 0.0000000000
68722  -45.742  -12.274  37.267 0.0000000000
68730  -43.130  -12.244  35.225 0.0000000000
68733  -45.016  -12.089  36.492 0.0000000000
68745  -40.731  -13.249  34.324 0.0000000000
68747  -41.139  -12.794  34.094 0.0000000000
68761  -40.511  -13.264  34.172 0.0000000000
68762  -40.538  -13.056  33.757 0.0000000000
68763  -40.852  -12.730  33.730 0.0000000000
69785  -45.776  -11.770  37.306 0.0000000000
69815  -43.158  -11.995  35.247 0.0000000000
69831  -40.690  -13.044  34.350 0.0000000000
69832  -40.557  -13.228  34.202 0.0000000000
69837  -46.388  -11.061  35.019 0.0000000000
69843  -40.459  -13.041  34.272 0.0000000000
69844  -40.263  -12.885  34.111 0.0000000000
70880  -49.162  -8.528  35.897 0.0000000000
70881  -49.412  -8.448  35.546 0.0000000000
70901  -45.435  -10.043  30.981 0.0000000000
71873  -48.111  -9.823  35.990 0.0000000000
71885  -44.189  -9.757  32.829 0.0000000000
71891  -48.869  -8.510  35.226 0.0000000000
71904  -48.867  -8.178  34.672 0.0000000000
73982  -49.243  -7.053  33.630 0.0000000000
73983  -49.595  -7.161  33.924 0.0000000000
73990  -50.192  -6.960  33.761 0.0000000000
75064  -48.957  -6.487  33.064 0.0000000000
75070  -48.924  -6.434  32.787 0.0000000000
75073  -50.660  -6.191  33.139 0.0000000000
75083  -50.558  -6.086  29.890 0.0000000000
76129  -50.240  -6.289  31.979 0.0000000000
128040  -42.150  -32.739  47.249 0.0000000000
128041  -42.556  -33.078  48.042 0.0000000000
128043  -42.998  -32.635  48.015 0.0000000000
128044  -42.004  -32.549  47.226 0.0000000000
128046  -42.319  -33.253  48.105 0.0000000000
128050  -42.046  -33.203  46.759 0.0000000000
128051  -42.481  -33.069  48.157 0.0000000000
128052  -42.620  -32.348  48.158 0.0000000000
128053  -41.922  -32.983  46.967 0.0000000000
128054  -42.402  -32.139  47.681 0.0000000000
128055  -42.436  -33.032  47.831 0.0000000000
128056  -42.614  -32.787  48.186 0.0000000000
128057  -42.465  -32.684  47.784 0.0000000000
128058  -42.607  -32.846  47.962 0.0000000000
128404  -43.361  -19.195  38.551 0.0000000000
128408  -41.316  -18.784  37.357 0.0000000000
