#!ascii label  , from subject sub-01 vox2ras=TkReg
723
33519  -25.400  -45.471  52.016 0.0000000000
42043  -49.231  -36.148  43.293 0.0000000000
52521  -47.732  -26.453  47.204 0.0000000000
57162  -54.895  -23.120  41.942 0.0000000000
127666  -47.098  -39.483  43.331 0.0000000000
55964  -50.794  -24.201  45.261 0.0000000000
61736  -54.232  -18.595  37.211 0.0000000000
66327  -56.847  -14.822  38.250 0.0000000000
41056  -51.184  -36.687  42.684 0.0000000000
47521  -52.176  -31.688  44.326 0.0000000000
46378  -49.427  -32.140  45.446 0.0000000000
35462  -26.273  -43.601  53.792 0.0000000000
33502  -30.597  -45.412  54.467 0.0000000000
127443  -32.884  -49.368  51.832 0.0000000000
32513  -36.508  -46.819  51.805 0.0000000000
34531  -40.847  -44.248  50.361 0.0000000000
127581  -45.380  -42.407  48.080 0.0000000000
37543  -49.433  -41.181  43.637 0.0000000000
51518  -50.244  -27.332  43.680 0.0000000000
69793  -58.087  -12.461  37.150 0.0000000000
42032  -50.894  -36.187  44.005 0.0000000000
44111  -51.110  -34.387  44.697 0.0000000000
44109  -49.455  -34.140  44.350 0.0000000000
35487  -25.961  -43.412  51.814 0.0000000000
127832  -28.430  -44.210  53.733 0.0000000000
37471  -41.576  -42.116  48.873 0.0000000000
35507  -43.083  -43.574  49.103 0.0000000000
127606  -44.411  -41.704  48.030 0.0000000000
40105  -47.905  -38.351  43.162 0.0000000000
39235  -48.055  -39.770  44.339 0.0000000000
40095  -49.404  -38.405  43.508 0.0000000000
39256  -50.380  -39.402  42.790 0.0000000000
49510  -49.849  -29.754  46.057 0.0000000000
49541  -49.999  -29.851  44.239 0.0000000000
51485  -50.158  -27.468  45.869 0.0000000000
55997  -52.331  -23.931  43.324 0.0000000000
53674  -53.460  -25.193  45.023 0.0000000000
52593  -55.664  -25.783  43.026 0.0000000000
53725  -56.737  -25.188  41.216 0.0000000000
60527  -56.951  -19.074  38.784 0.0000000000
59396  -56.413  -20.148  38.356 0.0000000000
127625  -44.166  -41.765  45.171 0.0000000000
57168  -51.552  -23.509  40.428 0.0000000000
64041  -55.508  -16.793  37.258 0.0000000000
62859  -57.970  -17.376  38.381 0.0000000000
65174  -58.694  -15.296  35.784 0.0000000000
42077  -50.230  -36.114  40.830 0.0000000000
44145  -52.476  -34.610  42.850 0.0000000000
46358  -50.762  -31.812  46.355 0.0000000000
33487  -26.249  -44.768  54.043 0.0000000000
30523  -30.207  -48.734  52.577 0.0000000000
127442  -31.252  -47.653  52.057 0.0000000000
127426  -31.806  -50.118  52.207 0.0000000000
28569  -34.211  -50.571  52.371 0.0000000000
29573  -36.216  -49.294  52.358 0.0000000000
30529  -38.011  -47.938  52.094 0.0000000000
33536  -38.641  -45.271  51.332 0.0000000000
32548  -42.436  -46.302  49.338 0.0000000000
38395  -45.967  -41.350  47.167 0.0000000000
127662  -48.087  -41.981  45.986 0.0000000000
36570  -47.316  -42.442  44.253 0.0000000000
37575  -49.282  -40.925  41.889 0.0000000000
40134  -49.515  -38.404  41.762 0.0000000000
52539  -51.198  -25.910  45.602 0.0000000000
57196  -55.170  -22.571  38.003 0.0000000000
56040  -55.895  -23.811  40.504 0.0000000000
33509  -25.173  -45.617  52.989 0.0000000000
42031  -50.035  -36.040  43.717 0.0000000000
43047  -49.799  -35.006  44.003 0.0000000000
43046  -49.213  -34.608  43.682 0.0000000000
127622  -41.888  -42.444  46.962 0.0000000000
37472  -42.484  -42.058  49.068 0.0000000000
127614  -43.018  -42.263  46.929 0.0000000000
41044  -48.935  -36.947  43.196 0.0000000000
41029  -48.989  -37.690  43.379 0.0000000000
41030  -49.636  -37.176  43.479 0.0000000000
40096  -50.054  -37.825  43.740 0.0000000000
50468  -50.164  -28.491  46.316 0.0000000000
52523  -49.132  -26.793  46.707 0.0000000000
57146  -53.624  -23.069  42.721 0.0000000000
54870  -54.729  -24.399  43.558 0.0000000000
56000  -55.022  -24.007  43.057 0.0000000000
52594  -56.405  -25.556  42.498 0.0000000000
56015  -56.229  -24.697  42.056 0.0000000000
61675  -58.690  -19.039  39.537 0.0000000000
60528  -57.697  -19.450  39.277 0.0000000000
59367  -58.734  -20.096  39.274 0.0000000000
64052  -55.355  -16.521  36.369 0.0000000000
65157  -56.506  -15.818  38.200 0.0000000000
128449  -56.656  -16.777  38.293 0.0000000000
128456  -57.152  -15.605  38.371 0.0000000000
64042  -58.680  -17.090  37.940 0.0000000000
128455  -57.995  -15.009  38.599 0.0000000000
67598  -59.001  -13.964  36.946 0.0000000000
42065  -51.343  -36.111  41.901 0.0000000000
43088  -51.765  -35.237  42.180 0.0000000000
43071  -52.187  -35.458  42.927 0.0000000000
45196  -49.820  -33.069  45.132 0.0000000000
45197  -50.633  -33.045  45.157 0.0000000000
47505  -49.453  -31.750  46.034 0.0000000000
47489  -49.308  -30.557  45.893 0.0000000000
49509  -48.331  -29.291  46.101 0.0000000000
33488  -27.151  -44.660  53.751 0.0000000000
35445  -27.247  -44.365  54.498 0.0000000000
127836  -29.889  -44.697  54.174 0.0000000000
127460  -32.356  -47.781  50.431 0.0000000000
127451  -32.009  -48.318  51.426 0.0000000000
29570  -31.375  -49.158  52.267 0.0000000000
28561  -32.572  -50.272  52.173 0.0000000000
29556  -33.211  -49.901  52.841 0.0000000000
30527  -36.571  -48.445  52.329 0.0000000000
29586  -37.023  -49.083  51.762 0.0000000000
31505  -37.595  -47.430  52.422 0.0000000000
36470  -40.377  -43.446  50.195 0.0000000000
34544  -38.478  -43.969  50.701 0.0000000000
33537  -39.670  -45.176  51.188 0.0000000000
32516  -38.993  -46.181  51.367 0.0000000000
33538  -40.476  -45.149  50.862 0.0000000000
32530  -41.239  -46.356  50.234 0.0000000000
33540  -41.506  -44.965  49.692 0.0000000000
127580  -44.657  -43.325  48.511 0.0000000000
34557  -44.216  -44.244  48.490 0.0000000000
127571  -44.846  -44.017  47.840 0.0000000000
127577  -45.517  -43.157  46.896 0.0000000000
38409  -45.364  -41.289  45.192 0.0000000000
127637  -46.765  -40.612  45.522 0.0000000000
127647  -49.059  -40.799  45.090 0.0000000000
127645  -48.264  -41.339  45.791 0.0000000000
127664  -48.823  -41.837  45.260 0.0000000000
127682  -48.161  -42.074  44.906 0.0000000000
127683  -49.172  -42.061  44.333 0.0000000000
37561  -49.751  -41.194  42.712 0.0000000000
40119  -50.783  -37.376  42.663 0.0000000000
40117  -49.975  -38.852  42.443 0.0000000000
40135  -50.418  -37.562  42.079 0.0000000000
41068  -49.986  -37.329  41.490 0.0000000000
35472  -25.027  -43.626  52.693 0.0000000000
35453  -25.540  -43.989  54.233 0.0000000000
35443  -25.662  -44.377  54.442 0.0000000000
46440  -51.722  -32.816  42.532 0.0000000000
47551  -51.438  -32.117  42.662 0.0000000000
50496  -49.647  -28.553  44.419 0.0000000000
54818  -50.295  -24.254  45.857 0.0000000000
53653  -50.172  -25.480  46.215 0.0000000000
54798  -51.314  -24.803  45.980 0.0000000000
52591  -53.415  -26.074  43.067 0.0000000000
52576  -52.377  -25.822  43.731 0.0000000000
58336  -56.582  -21.243  38.365 0.0000000000
58335  -55.896  -21.463  37.704 0.0000000000
57198  -56.606  -22.491  38.923 0.0000000000
54953  -55.476  -23.411  38.806 0.0000000000
56053  -56.747  -23.395  39.526 0.0000000000
56054  -57.197  -23.874  39.658 0.0000000000
67608  -56.976  -14.276  36.267 0.0000000000
68706  -57.756  -13.461  37.689 0.0000000000
69804  -57.441  -12.733  36.602 0.0000000000
69821  -57.730  -11.943  35.655 0.0000000000
41046  -51.105  -36.942  43.324 0.0000000000
43050  -52.058  -35.575  43.974 0.0000000000
43048  -50.611  -35.185  44.029 0.0000000000
44110  -50.176  -34.400  44.449 0.0000000000
45195  -49.082  -32.849  44.999 0.0000000000
35473  -25.931  -43.531  52.791 0.0000000000
35463  -27.382  -43.695  53.871 0.0000000000
127843  -29.783  -43.962  52.209 0.0000000000
37455  -41.515  -42.816  50.302 0.0000000000
35492  -42.005  -43.573  50.136 0.0000000000
37464  -42.321  -42.599  50.029 0.0000000000
127596  -44.015  -42.480  48.939 0.0000000000
127590  -44.953  -42.016  48.056 0.0000000000
40093  -47.693  -39.122  43.692 0.0000000000
127649  -47.183  -40.076  44.212 0.0000000000
39236  -48.837  -39.378  44.109 0.0000000000
39243  -49.309  -39.489  43.435 0.0000000000
38423  -50.241  -40.144  43.071 0.0000000000
40106  -49.751  -38.932  43.240 0.0000000000
41045  -50.595  -37.472  43.189 0.0000000000
35486  -24.906  -43.309  51.887 0.0000000000
48539  -51.277  -30.638  45.632 0.0000000000
48555  -51.244  -30.617  44.579 0.0000000000
49529  -50.666  -30.144  45.342 0.0000000000
50483  -49.903  -28.495  45.444 0.0000000000
51504  -50.074  -27.496  44.790 0.0000000000
55981  -51.917  -24.031  44.270 0.0000000000
55966  -52.219  -24.100  44.889 0.0000000000
54844  -53.401  -24.417  44.386 0.0000000000
52578  -54.866  -25.832  44.152 0.0000000000
61717  -55.514  -18.660  38.013 0.0000000000
60553  -54.996  -19.195  37.851 0.0000000000
60555  -56.512  -19.524  38.546 0.0000000000
59365  -57.290  -20.711  39.647 0.0000000000
42042  -48.414  -36.240  42.902 0.0000000000
42051  -48.017  -36.673  42.389 0.0000000000
53651  -48.525  -25.772  46.187 0.0000000000
56007  -50.245  -24.704  43.128 0.0000000000
56009  -51.779  -24.321  42.356 0.0000000000
56022  -51.904  -23.838  41.310 0.0000000000
56023  -52.801  -23.584  41.381 0.0000000000
62888  -55.221  -17.500  37.465 0.0000000000
62876  -56.176  -17.865  38.088 0.0000000000
61674  -57.126  -17.869  38.644 0.0000000000
61696  -59.418  -18.656  39.334 0.0000000000
67589  -58.945  -14.033  37.712 0.0000000000
65166  -58.862  -15.716  36.960 0.0000000000
43103  -51.006  -34.906  40.994 0.0000000000
44163  -51.816  -34.361  42.004 0.0000000000
46403  -52.786  -32.717  43.981 0.0000000000
44112  -51.950  -34.652  44.204 0.0000000000
45199  -52.193  -33.011  45.031 0.0000000000
47506  -51.538  -31.448  45.485 0.0000000000
48524  -50.121  -30.370  46.088 0.0000000000
48514  -49.050  -29.700  46.655 0.0000000000
45242  -48.739  -33.506  43.725 0.0000000000
46402  -48.699  -31.870  44.181 0.0000000000
49526  -47.733  -29.327  45.308 0.0000000000
33498  -25.713  -45.144  53.606 0.0000000000
34503  -26.696  -45.223  52.935 0.0000000000
30535  -30.598  -48.990  51.158 0.0000000000
127856  -29.674  -44.113  51.352 0.0000000000
33521  -30.393  -44.697  52.342 0.0000000000
32489  -31.216  -46.666  53.610 0.0000000000
29554  -31.116  -48.749  53.209 0.0000000000
28578  -35.111  -50.546  51.610 0.0000000000
28579  -35.849  -50.342  51.726 0.0000000000
33551  -36.716  -45.705  50.987 0.0000000000
34527  -37.331  -44.764  51.341 0.0000000000
32514  -37.367  -46.287  51.878 0.0000000000
31517  -38.343  -47.079  51.860 0.0000000000
31518  -39.268  -47.090  51.253 0.0000000000
34546  -42.655  -44.319  49.375 0.0000000000
127616  -44.465  -41.733  45.973 0.0000000000
127607  -44.680  -41.509  47.559 0.0000000000
127591  -46.026  -41.962  47.538 0.0000000000
127636  -47.476  -40.569  45.547 0.0000000000
37502  -47.104  -41.669  46.267 0.0000000000
36524  -46.504  -42.131  46.762 0.0000000000
36540  -46.356  -42.491  46.158 0.0000000000
35575  -46.816  -42.952  44.699 0.0000000000
38441  -48.773  -40.428  41.286 0.0000000000
38436  -50.250  -40.106  42.705 0.0000000000
38442  -49.312  -40.311  41.729 0.0000000000
39278  -48.813  -39.464  41.267 0.0000000000
40133  -49.018  -38.087  41.362 0.0000000000
34491  -25.525  -45.018  54.192 0.0000000000
52537  -49.585  -26.451  46.111 0.0000000000
52538  -50.430  -26.286  45.905 0.0000000000
52574  -50.503  -26.896  44.326 0.0000000000
53673  -52.400  -25.186  45.256 0.0000000000
53687  -51.484  -26.317  43.713 0.0000000000
51531  -51.010  -26.962  42.927 0.0000000000
57179  -52.311  -23.914  39.504 0.0000000000
56038  -54.150  -23.887  40.392 0.0000000000
59423  -55.154  -20.263  37.280 0.0000000000
58349  -54.776  -21.420  36.941 0.0000000000
56066  -54.143  -23.238  38.122 0.0000000000
56051  -54.824  -23.758  39.472 0.0000000000
56026  -55.208  -23.819  41.544 0.0000000000
56028  -56.490  -24.715  41.286 0.0000000000
32510  -24.851  -45.658  51.618 0.0000000000
43058  -49.451  -35.368  43.490 0.0000000000
37489  -40.922  -42.211  47.099 0.0000000000
127613  -42.340  -42.450  48.007 0.0000000000
51470  -48.663  -27.463  47.070 0.0000000000
52522  -48.453  -26.461  46.824 0.0000000000
57154  -54.498  -23.000  42.539 0.0000000000
56012  -54.819  -23.432  42.781 0.0000000000
57155  -54.893  -23.280  42.331 0.0000000000
56002  -56.120  -24.523  42.684 0.0000000000
57163  -55.050  -23.387  42.055 0.0000000000
61676  -58.933  -19.022  39.571 0.0000000000
60510  -58.582  -19.413  39.519 0.0000000000
66334  -56.974  -14.809  37.173 0.0000000000
66333  -56.709  -15.117  37.705 0.0000000000
66319  -56.227  -15.255  39.010 0.0000000000
66320  -57.131  -14.811  38.470 0.0000000000
67580  -57.495  -14.377  38.295 0.0000000000
41070  -51.105  -36.582  42.190 0.0000000000
42066  -51.704  -35.858  42.445 0.0000000000
42053  -51.757  -36.169  42.874 0.0000000000
47504  -49.173  -31.051  45.596 0.0000000000
35454  -26.525  -43.936  54.416 0.0000000000
33501  -30.173  -44.831  54.151 0.0000000000
34494  -30.099  -44.719  54.785 0.0000000000
31516  -36.102  -47.641  51.885 0.0000000000
31502  -35.771  -48.163  52.052 0.0000000000
31503  -36.370  -47.807  52.233 0.0000000000
31504  -36.922  -47.670  52.513 0.0000000000
32499  -36.697  -47.257  52.403 0.0000000000
35476  -40.609  -43.604  50.376 0.0000000000
34513  -39.951  -43.851  50.527 0.0000000000
34530  -40.237  -44.184  50.566 0.0000000000
33539  -40.929  -45.252  50.068 0.0000000000
127574  -45.032  -43.325  48.108 0.0000000000
127575  -45.307  -43.157  47.485 0.0000000000
127638  -46.287  -40.488  44.509 0.0000000000
38411  -48.991  -40.411  44.267 0.0000000000
127665  -49.113  -41.293  44.713 0.0000000000
127694  -49.219  -42.015  43.174 0.0000000000
40136  -50.806  -36.985  42.286 0.0000000000
41069  -50.684  -36.775  41.783 0.0000000000
35461  -25.308  -43.833  53.557 0.0000000000
47535  -52.354  -32.258  43.652 0.0000000000
47552  -52.000  -32.363  43.148 0.0000000000
47534  -51.717  -31.792  43.560 0.0000000000
50507  -49.777  -28.816  43.245 0.0000000000
51530  -50.053  -27.480  42.639 0.0000000000
55963  -50.283  -24.488  45.269 0.0000000000
54819  -51.067  -24.234  45.828 0.0000000000
61735  -53.694  -19.011  37.217 0.0000000000
57181  -57.199  -22.269  39.502 0.0000000000
56069  -56.280  -23.252  39.094 0.0000000000
41032  -51.094  -36.760  43.900 0.0000000000
42033  -51.405  -36.180  43.802 0.0000000000
45220  -49.359  -33.538  44.829 0.0000000000
127842  -29.249  -43.726  52.145 0.0000000000
37470  -40.879  -42.386  48.624 0.0000000000
37462  -40.819  -42.643  49.328 0.0000000000
37454  -41.029  -42.851  49.993 0.0000000000
37463  -41.622  -42.455  49.666 0.0000000000
37456  -41.805  -42.911  50.448 0.0000000000
127605  -43.596  -42.116  47.983 0.0000000000
127604  -43.311  -42.386  49.173 0.0000000000
127597  -44.268  -42.114  48.363 0.0000000000
40094  -48.485  -38.554  43.684 0.0000000000
41031  -50.523  -37.136  43.628 0.0000000000
34512  -25.673  -43.507  52.260 0.0000000000
48525  -50.746  -30.495  46.076 0.0000000000
49512  -50.741  -30.242  45.822 0.0000000000
49511  -50.241  -29.559  45.995 0.0000000000
51472  -50.121  -28.016  46.480 0.0000000000
55982  -52.781  -24.052  44.122 0.0000000000
54846  -54.956  -24.819  44.010 0.0000000000
53689  -54.722  -25.256  44.389 0.0000000000
52579  -55.365  -25.590  43.645 0.0000000000
52592  -54.615  -26.109  43.195 0.0000000000
61718  -56.276  -18.766  38.392 0.0000000000
58313  -57.160  -20.968  39.907 0.0000000000
56008  -50.863  -24.602  42.650 0.0000000000
57167  -51.098  -23.397  40.507 0.0000000000
56036  -52.238  -23.564  40.698 0.0000000000
64040  -54.751  -17.482  37.148 0.0000000000
64033  -55.849  -17.095  37.894 0.0000000000
128448  -57.213  -16.967  38.349 0.0000000000
128446  -56.947  -17.171  38.404 0.0000000000
62843  -57.434  -17.382  38.440 0.0000000000
62858  -57.430  -17.697  38.549 0.0000000000
62860  -58.949  -17.933  38.839 0.0000000000
62861  -59.606  -18.087  38.753 0.0000000000
62877  -58.735  -17.489  38.384 0.0000000000
65165  -58.350  -16.060  37.822 0.0000000000
69780  -57.854  -12.824  37.571 0.0000000000
68698  -58.069  -13.745  38.145 0.0000000000
67597  -58.475  -13.663  37.255 0.0000000000
66347  -58.826  -14.683  36.139 0.0000000000
43102  -50.284  -35.224  40.373 0.0000000000
43086  -50.656  -35.551  41.024 0.0000000000
45243  -52.836  -33.754  43.481 0.0000000000
43049  -51.330  -35.343  44.008 0.0000000000
46380  -51.047  -32.470  45.708 0.0000000000
45198  -51.583  -33.426  45.214 0.0000000000
46381  -51.824  -32.340  45.377 0.0000000000
46359  -51.263  -31.829  45.833 0.0000000000
47492  -51.088  -31.209  46.055 0.0000000000
47491  -50.487  -31.100  46.225 0.0000000000
48522  -48.957  -29.915  46.279 0.0000000000
33510  -26.113  -45.188  52.731 0.0000000000
33499  -26.537  -45.045  53.418 0.0000000000
34482  -27.506  -44.437  54.061 0.0000000000
127838  -27.837  -43.788  53.652 0.0000000000
31500  -29.461  -48.045  52.155 0.0000000000
31491  -29.822  -48.120  53.180 0.0000000000
30549  -30.446  -48.600  50.316 0.0000000000
34525  -30.339  -44.545  51.420 0.0000000000
35488  -30.132  -44.228  51.724 0.0000000000
127433  -31.199  -47.381  53.276 0.0000000000
127432  -31.351  -49.608  51.146 0.0000000000
127421  -31.921  -50.183  51.505 0.0000000000
127425  -33.342  -50.854  52.180 0.0000000000
127420  -32.829  -50.854  51.781 0.0000000000
127428  -34.210  -50.683  51.446 0.0000000000
29572  -35.323  -49.635  52.550 0.0000000000
28571  -35.831  -49.983  52.398 0.0000000000
28580  -36.434  -49.873  51.839 0.0000000000
30537  -37.586  -48.453  51.603 0.0000000000
29596  -37.251  -49.113  51.194 0.0000000000
30551  -37.675  -48.523  50.868 0.0000000000
30538  -38.444  -47.849  51.322 0.0000000000
34528  -38.159  -44.568  51.213 0.0000000000
34543  -37.672  -44.157  50.930 0.0000000000
33535  -37.746  -45.426  51.502 0.0000000000
33534  -37.073  -45.634  51.435 0.0000000000
32501  -37.762  -46.690  52.345 0.0000000000
32515  -38.130  -46.152  51.737 0.0000000000
32517  -40.075  -46.209  51.187 0.0000000000
31519  -40.072  -47.143  50.806 0.0000000000
30539  -39.526  -47.824  50.975 0.0000000000
32531  -42.031  -46.296  49.909 0.0000000000
31533  -41.761  -46.932  49.815 0.0000000000
31534  -42.182  -46.711  49.554 0.0000000000
35506  -42.475  -43.604  49.553 0.0000000000
34545  -41.927  -44.310  49.557 0.0000000000
127624  -43.569  -41.958  45.928 0.0000000000
127617  -44.940  -41.584  46.595 0.0000000000
127648  -47.567  -40.217  45.078 0.0000000000
37503  -47.777  -41.470  46.167 0.0000000000
36542  -47.548  -41.896  46.195 0.0000000000
37491  -46.519  -41.864  46.806 0.0000000000
36541  -46.939  -42.079  46.409 0.0000000000
36557  -46.962  -42.312  45.404 0.0000000000
127704  -49.134  -41.883  42.070 0.0000000000
39255  -49.661  -39.288  42.283 0.0000000000
39266  -49.217  -39.633  41.601 0.0000000000
40154  -48.880  -39.035  41.338 0.0000000000
41080  -50.259  -36.631  41.279 0.0000000000
41079  -49.661  -36.820  40.929 0.0000000000
34480  -25.806  -44.623  54.423 0.0000000000
48554  -50.631  -30.231  44.112 0.0000000000
48566  -51.082  -31.256  43.870 0.0000000000
48565  -50.265  -30.526  43.566 0.0000000000
52536  -48.951  -26.301  46.222 0.0000000000
53654  -51.127  -25.331  46.007 0.0000000000
52556  -50.580  -26.423  44.962 0.0000000000
52558  -53.115  -25.631  44.721 0.0000000000
53704  -51.907  -26.271  43.395 0.0000000000
51519  -50.974  -26.758  43.411 0.0000000000
51532  -51.652  -26.715  42.878 0.0000000000
56037  -52.965  -23.719  40.265 0.0000000000
56049  -52.952  -23.785  39.456 0.0000000000
60580  -55.367  -19.718  37.539 0.0000000000
60579  -54.655  -19.682  37.399 0.0000000000
59395  -55.897  -20.469  37.682 0.0000000000
57214  -55.564  -21.929  37.448 0.0000000000
58350  -55.233  -21.207  37.330 0.0000000000
58369  -54.215  -21.549  36.594 0.0000000000
57213  -54.891  -22.391  37.379 0.0000000000
57212  -53.908  -22.834  37.523 0.0000000000
56087  -54.561  -22.847  37.951 0.0000000000
56052  -55.722  -23.550  39.494 0.0000000000
56039  -55.083  -23.652  40.504 0.0000000000
56027  -55.917  -24.418  41.302 0.0000000000
56041  -56.529  -24.222  40.464 0.0000000000
44108  -49.058  -33.910  43.856 0.0000000000
41043  -48.335  -37.474  42.800 0.0000000000
49491  -49.617  -29.271  46.610 0.0000000000
49492  -50.139  -28.940  46.538 0.0000000000
50456  -50.047  -28.458  46.828 0.0000000000
51471  -49.620  -27.546  46.523 0.0000000000
55998  -53.288  -23.371  43.197 0.0000000000
55983  -53.562  -23.949  43.853 0.0000000000
55999  -54.215  -23.699  43.219 0.0000000000
54871  -55.327  -24.709  43.380 0.0000000000
53706  -56.366  -25.261  43.003 0.0000000000
54872  -56.164  -24.681  43.220 0.0000000000
54873  -56.516  -24.854  42.677 0.0000000000
54888  -56.549  -24.947  41.977 0.0000000000
61694  -57.499  -18.347  38.752 0.0000000000
60529  -58.231  -19.282  39.483 0.0000000000
60509  -58.136  -19.595  39.457 0.0000000000
65164  -56.227  -15.884  37.030 0.0000000000
128454  -56.402  -15.612  38.498 0.0000000000
66336  -58.253  -15.093  38.312 0.0000000000
68715  -58.275  -12.986  36.786 0.0000000000
67610  -58.574  -13.461  36.562 0.0000000000
67611  -58.987  -13.549  36.134 0.0000000000
66356  -58.707  -14.914  35.461 0.0000000000
42064  -50.734  -36.121  41.376 0.0000000000
43087  -51.070  -35.414  41.576 0.0000000000
44128  -52.826  -34.979  43.782 0.0000000000
44091  -50.354  -33.975  45.249 0.0000000000
44092  -50.945  -33.825  45.284 0.0000000000
46379  -50.043  -32.302  46.073 0.0000000000
46357  -50.204  -31.625  46.214 0.0000000000
47490  -49.743  -31.152  46.044 0.0000000000
34481  -26.806  -44.524  54.440 0.0000000000
30502  -30.411  -47.689  53.816 0.0000000000
28562  -33.537  -50.358  52.740 0.0000000000
29585  -36.602  -49.333  51.984 0.0000000000
30528  -37.254  -48.308  52.256 0.0000000000
35504  -39.354  -43.440  50.000 0.0000000000
34529  -39.292  -44.222  50.784 0.0000000000
32529  -40.560  -46.615  50.606 0.0000000000
33552  -41.672  -45.664  50.047 0.0000000000
35520  -43.885  -43.504  48.818 0.0000000000
34556  -43.451  -44.320  49.062 0.0000000000
127572  -45.303  -43.808  46.972 0.0000000000
127578  -45.501  -43.452  46.327 0.0000000000
38410  -48.404  -40.182  44.343 0.0000000000
127635  -48.222  -40.659  45.253 0.0000000000
127663  -48.435  -41.633  45.536 0.0000000000
127693  -48.349  -42.349  43.757 0.0000000000
40118  -50.398  -38.279  42.589 0.0000000000
35471  -24.201  -43.621  52.532 0.0000000000
35460  -24.416  -44.007  53.487 0.0000000000
35452  -24.674  -43.971  54.248 0.0000000000
49553  -49.728  -29.774  43.557 0.0000000000
54817  -49.611  -24.813  45.426 0.0000000000
54796  -49.795  -24.858  46.066 0.0000000000
54797  -50.640  -24.731  46.103 0.0000000000
53672  -51.878  -25.602  45.865 0.0000000000
52577  -53.869  -26.200  44.180 0.0000000000
57197  -55.739  -22.343  38.066 0.0000000000
56068  -55.762  -23.205  38.728 0.0000000000
67595  -57.323  -14.423  37.104 0.0000000000
68696  -57.517  -14.170  37.871 0.0000000000
68705  -57.601  -13.696  37.326 0.0000000000
69791  -57.504  -12.958  36.992 0.0000000000
69792  -57.661  -12.560  37.140 0.0000000000
69820  -57.307  -12.377  35.927 0.0000000000
69806  -58.106  -12.242  36.238 0.0000000000
41057  -51.374  -36.469  43.039 0.0000000000
42045  -51.550  -36.156  43.348 0.0000000000
44090  -49.688  -34.018  45.064 0.0000000000
46377  -48.973  -31.937  44.937 0.0000000000
35474  -26.878  -43.442  53.284 0.0000000000
127844  -27.644  -43.650  53.607 0.0000000000
127837  -28.917  -43.526  52.753 0.0000000000
127835  -29.730  -44.377  53.439 0.0000000000
33512  -30.404  -44.988  53.583 0.0000000000
32512  -36.141  -47.126  51.371 0.0000000000
36483  -40.213  -43.190  49.629 0.0000000000
36476  -40.952  -43.047  50.508 0.0000000000
35490  -41.026  -43.478  50.433 0.0000000000
35491  -41.432  -43.527  50.374 0.0000000000
36478  -42.031  -43.057  50.540 0.0000000000
36485  -42.517  -43.049  50.068 0.0000000000
36486  -42.986  -43.009  49.484 0.0000000000
36495  -43.639  -42.925  49.075 0.0000000000
127588  -44.384  -42.722  48.565 0.0000000000
38422  -49.569  -40.265  43.331 0.0000000000
39244  -50.034  -39.467  43.199 0.0000000000
40107  -50.239  -38.295  43.193 0.0000000000
40108  -50.760  -37.748  43.021 0.0000000000
34522  -25.176  -43.405  52.273 0.0000000000
48556  -52.101  -31.083  44.842 0.0000000000
47520  -51.523  -31.406  44.135 0.0000000000
49542  -50.521  -30.018  44.816 0.0000000000
49528  -50.098  -29.454  45.077 0.0000000000
55980  -51.162  -24.245  44.445 0.0000000000
55965  -51.487  -24.151  45.049 0.0000000000
54821  -52.910  -24.464  45.078 0.0000000000
54845  -54.216  -24.550  44.221 0.0000000000
53675  -54.295  -25.170  44.990 0.0000000000
52559  -54.141  -25.783  44.879 0.0000000000
61716  -54.718  -18.599  37.679 0.0000000000
60552  -54.293  -19.148  37.579 0.0000000000
60554  -55.882  -19.453  38.031 0.0000000000
59376  -56.919  -20.205  39.159 0.0000000000
58322  -56.977  -21.297  39.680 0.0000000000
43057  -48.739  -35.149  43.180 0.0000000000
40104  -47.295  -38.667  43.031 0.0000000000
41042  -47.510  -37.828  42.676 0.0000000000
53632  -47.145  -25.837  47.121 0.0000000000
53633  -48.014  -25.591  46.990 0.0000000000
54794  -48.009  -25.280  46.035 0.0000000000
54816  -48.452  -24.947  45.326 0.0000000000
54842  -49.911  -25.077  44.632 0.0000000000
54843  -50.326  -24.805  44.444 0.0000000000
55995  -50.682  -24.583  43.741 0.0000000000
55996  -51.486  -24.304  43.494 0.0000000000
56010  -52.675  -23.927  42.293 0.0000000000
56011  -53.351  -23.418  42.240 0.0000000000
56024  -53.733  -23.505  41.441 0.0000000000
62898  -54.133  -18.139  36.629 0.0000000000
62887  -54.692  -18.068  37.414 0.0000000000
62875  -55.287  -18.020  37.709 0.0000000000
61693  -56.750  -18.063  38.627 0.0000000000
62857  -56.592  -17.544  38.380 0.0000000000
61673  -56.933  -17.725  38.587 0.0000000000
61695  -58.463  -18.693  39.326 0.0000000000
67581  -57.916  -14.071  38.436 0.0000000000
66329  -58.570  -14.456  38.092 0.0000000000
66337  -58.768  -14.844  37.479 0.0000000000
43104  -51.360  -34.769  41.627 0.0000000000
45285  -51.726  -33.740  41.560 0.0000000000
45265  -52.069  -33.642  42.571 0.0000000000
46420  -52.459  -32.890  43.253 0.0000000000
43059  -52.071  -35.722  43.450 0.0000000000
45221  -51.702  -33.920  44.461 0.0000000000
45222  -52.354  -33.594  44.288 0.0000000000
46382  -52.346  -32.493  44.710 0.0000000000
47507  -52.212  -31.623  45.102 0.0000000000
48523  -49.472  -30.080  46.084 0.0000000000
51460  -47.673  -27.406  47.291 0.0000000000
44127  -48.677  -34.143  43.429 0.0000000000
45218  -48.663  -32.797  43.872 0.0000000000
45219  -48.992  -33.346  44.341 0.0000000000
45194  -48.843  -32.596  44.520 0.0000000000
47503  -48.612  -30.918  44.770 0.0000000000
48538  -48.505  -29.865  45.400 0.0000000000
49527  -48.084  -29.284  45.634 0.0000000000
34502  -26.482  -45.170  53.118 0.0000000000
35455  -27.408  -44.095  54.450 0.0000000000
35446  -27.802  -44.430  54.054 0.0000000000
127849  -30.158  -44.229  52.086 0.0000000000
33513  -30.812  -45.794  53.309 0.0000000000
30513  -30.599  -48.171  53.260 0.0000000000
29555  -31.055  -48.298  53.114 0.0000000000
127418  -32.510  -50.567  51.645 0.0000000000
29557  -33.961  -49.987  53.119 0.0000000000
28563  -34.265  -50.343  52.963 0.0000000000
28581  -36.701  -49.515  51.653 0.0000000000
32528  -36.362  -46.720  50.784 0.0000000000
35502  -37.295  -43.975  50.551 0.0000000000
34526  -36.815  -44.916  51.234 0.0000000000
32500  -37.107  -46.938  52.478 0.0000000000
34532  -41.363  -44.264  49.982 0.0000000000
33553  -42.281  -45.331  49.626 0.0000000000
33554  -43.086  -45.028  49.430 0.0000000000
33569  -42.882  -45.746  49.214 0.0000000000
127615  -44.045  -41.722  46.867 0.0000000000
127598  -45.013  -41.618  48.035 0.0000000000
127599  -45.442  -41.760  48.047 0.0000000000
127634  -48.064  -40.993  46.148 0.0000000000
127626  -47.253  -41.080  46.038 0.0000000000
38396  -46.565  -41.569  46.277 0.0000000000
37490  -46.158  -41.855  47.190 0.0000000000
127585  -46.130  -42.432  47.089 0.0000000000
127584  -46.008  -43.083  46.533 0.0000000000
127586  -46.069  -43.159  45.916 0.0000000000
36556  -46.335  -42.615  45.641 0.0000000000
37544  -50.015  -40.740  43.151 0.0000000000
37562  -50.226  -40.573  42.826 0.0000000000
38435  -49.781  -40.193  42.300 0.0000000000
40153  -48.533  -38.318  40.941 0.0000000000
41067  -49.185  -37.631  41.227 0.0000000000
34490  -25.028  -44.972  54.409 0.0000000000
51484  -49.971  -26.958  46.034 0.0000000000
54820  -51.848  -24.609  45.413 0.0000000000
53655  -51.933  -25.094  46.097 0.0000000000
52557  -51.806  -25.751  44.844 0.0000000000
52575  -51.279  -26.436  43.914 0.0000000000
57178  -51.552  -23.288  39.791 0.0000000000
57169  -52.070  -23.879  40.093 0.0000000000
56025  -54.577  -23.564  41.343 0.0000000000
60578  -53.864  -19.697  37.284 0.0000000000
59422  -54.457  -20.519  36.936 0.0000000000
59444  -54.051  -20.641  36.481 0.0000000000
57195  -53.317  -23.392  38.326 0.0000000000
56067  -54.903  -23.068  38.486 0.0000000000
56050  -53.764  -23.864  39.110 0.0000000000
54902  -56.763  -24.909  41.266 0.0000000000
56042  -56.730  -24.618  40.604 0.0000000000
54917  -56.830  -24.762  40.487 0.0000000000
53736  -56.772  -25.122  40.572 0.0000000000
29574  -36.748  -48.906  52.211 0.0000000000
32549  -43.073  -46.461  48.976 0.0000000000
34492  -26.671  -45.126  53.247 0.0000000000
34493  -26.855  -45.163  53.166 0.0000000000
34511  -25.432  -43.482  52.416 0.0000000000
34514  -40.129  -43.944  50.499 0.0000000000
34523  -25.411  -43.399  52.116 0.0000000000
34524  -30.043  -44.329  51.001 0.0000000000
34558  -44.684  -43.736  48.239 0.0000000000
35475  -40.301  -43.635  50.367 0.0000000000
35489  -39.978  -43.589  50.341 0.0000000000
36471  -40.651  -43.363  50.293 0.0000000000
36475  -40.623  -43.140  49.934 0.0000000000
36477  -41.471  -43.043  50.662 0.0000000000
37453  -40.626  -42.973  49.706 0.0000000000
37465  -42.839  -42.715  49.786 0.0000000000
39265  -48.693  -39.799  41.164 0.0000000000
41047  -51.265  -36.457  43.206 0.0000000000
42034  -51.847  -35.971  43.700 0.0000000000
42044  -51.300  -36.380  43.440 0.0000000000
42052  -51.426  -36.284  42.405 0.0000000000
48513  -48.831  -29.623  46.748 0.0000000000
48540  -51.784  -31.031  45.141 0.0000000000
51469  -48.144  -26.945  47.173 0.0000000000
52560  -54.477  -25.588  44.609 0.0000000000
52589  -51.536  -26.577  43.257 0.0000000000
53688  -51.696  -26.154  43.623 0.0000000000
53690  -55.240  -25.274  43.929 0.0000000000
53703  -51.578  -26.381  43.506 0.0000000000
53705  -55.684  -25.275  43.335 0.0000000000
53707  -56.652  -25.186  42.481 0.0000000000
53715  -56.584  -25.158  41.836 0.0000000000
54822  -53.740  -24.691  44.954 0.0000000000
54869  -50.494  -24.722  44.169 0.0000000000
54932  -55.299  -23.587  38.919 0.0000000000
54933  -55.613  -23.531  38.979 0.0000000000
54952  -55.305  -23.294  38.707 0.0000000000
55962  -50.052  -24.724  45.112 0.0000000000
55978  -50.254  -24.688  44.871 0.0000000000
55979  -50.576  -24.484  44.634 0.0000000000
56001  -55.780  -24.091  43.002 0.0000000000
56013  -55.158  -23.792  42.407 0.0000000000
56014  -55.635  -24.360  42.161 0.0000000000
56086  -54.366  -22.806  37.745 0.0000000000
57147  -53.925  -22.950  42.921 0.0000000000
57153  -53.911  -22.978  42.323 0.0000000000
57161  -54.365  -23.087  41.926 0.0000000000
57177  -51.067  -22.999  40.234 0.0000000000
58314  -57.413  -20.935  39.699 0.0000000000
60511  -59.242  -19.381  39.459 0.0000000000
61715  -54.208  -18.841  37.473 0.0000000000
62841  -56.821  -17.466  38.459 0.0000000000
62842  -57.121  -17.475  38.501 0.0000000000
62874  -54.867  -18.235  37.632 0.0000000000
62878  -59.267  -17.515  38.249 0.0000000000
64051  -54.638  -17.216  36.607 0.0000000000
66311  -56.094  -15.648  38.766 0.0000000000
66321  -57.637  -14.699  38.503 0.0000000000
66326  -56.682  -14.954  38.466 0.0000000000
66328  -58.149  -14.498  38.461 0.0000000000
66346  -58.697  -14.959  35.796 0.0000000000
67579  -56.991  -14.706  38.086 0.0000000000
67586  -56.811  -14.857  38.046 0.0000000000
67587  -57.168  -14.584  37.822 0.0000000000
67588  -58.381  -13.898  38.066 0.0000000000
67594  -56.964  -14.768  37.676 0.0000000000
68697  -57.776  -13.828  38.098 0.0000000000
68707  -58.143  -13.429  37.686 0.0000000000
68714  -57.440  -13.550  36.722 0.0000000000
69778  -57.544  -13.153  37.142 0.0000000000
69779  -57.638  -13.053  37.358 0.0000000000
69805  -57.684  -12.076  36.572 0.0000000000
127589  -44.740  -42.329  48.243 0.0000000000
127646  -48.789  -41.261  45.332 0.0000000000
128447  -56.408  -15.362  38.608 0.0000000000
128450  -56.621  -15.472  38.504 0.0000000000
128451  -56.382  -15.421  38.714 0.0000000000
128452  -56.375  -15.246  38.877 0.0000000000
128453  -56.071  -15.462  38.967 0.0000000000
