#!ascii label  , from subject sub-01 vox2ras=TkReg
1328
95498  -47.618  14.141  41.485 0.0000000000
109942  -42.068  31.934  33.161 0.0000000000
106933  -43.458  27.556  45.757 0.0000000000
104592  -49.588  25.651  38.520 0.0000000000
108491  -48.603  30.579  30.699 0.0000000000
108432  -45.868  30.848  37.067 0.0000000000
107043  -46.204  27.631  34.851 0.0000000000
102252  -45.022  22.536  37.638 0.0000000000
90831  -44.212  9.274  45.548 0.0000000000
95484  -46.378  14.602  43.129 0.0000000000
114329  -40.244  38.613  32.876 0.0000000000
113717  -47.614  37.571  31.026 0.0000000000
107168  -49.177  28.726  25.722 0.0000000000
100635  -48.453  20.728  41.210 0.0000000000
106188  -41.146  27.478  38.484 0.0000000000
103782  -47.091  24.609  40.642 0.0000000000
99805  -51.723  18.877  37.129 0.0000000000
99899  -50.620  19.902  30.852 0.0000000000
99897  -44.182  19.905  31.240 0.0000000000
96388  -45.725  14.902  39.148 0.0000000000
107121  -48.462  28.539  29.644 0.0000000000
107058  -47.711  28.877  33.489 0.0000000000
107085  -45.916  28.477  31.544 0.0000000000
106231  -44.664  27.287  34.091 0.0000000000
93638  -45.293  11.984  45.203 0.0000000000
96348  -44.314  14.818  42.486 0.0000000000
114325  -36.396  38.558  33.688 0.0000000000
111534  -48.629  34.058  28.911 0.0000000000
101455  -45.880  21.769  40.871 0.0000000000
102974  -45.773  23.836  42.874 0.0000000000
109911  -38.977  32.270  34.766 0.0000000000
108449  -41.345  30.494  36.203 0.0000000000
107002  -47.910  29.407  39.317 0.0000000000
106178  -46.819  28.233  39.499 0.0000000000
104584  -50.206  26.216  39.181 0.0000000000
102227  -50.661  22.523  39.660 0.0000000000
102259  -52.201  22.687  36.601 0.0000000000
98148  -52.689  18.613  33.945 0.0000000000
100699  -50.460  20.814  36.653 0.0000000000
99858  -45.092  19.904  34.548 0.0000000000
109217  -45.348  31.251  31.613 0.0000000000
108464  -43.917  31.550  35.752 0.0000000000
109204  -46.794  31.365  34.839 0.0000000000
107798  -47.097  29.797  36.106 0.0000000000
105397  -46.482  26.527  37.575 0.0000000000
103031  -47.341  23.367  38.365 0.0000000000
104610  -45.855  25.669  36.447 0.0000000000
104608  -43.743  25.718  36.312 0.0000000000
89860  -46.696  8.495  47.690 0.0000000000
92744  -47.541  11.533  45.567 0.0000000000
94570  -48.158  13.435  43.201 0.0000000000
112260  -34.536  35.495  35.236 0.0000000000
111472  -37.546  35.121  32.639 0.0000000000
111476  -40.897  34.530  31.951 0.0000000000
111480  -45.315  34.596  31.511 0.0000000000
110735  -47.956  33.357  30.303 0.0000000000
108524  -50.717  30.453  28.322 0.0000000000
106333  -48.327  26.757  25.942 0.0000000000
106381  -47.409  27.444  23.157 0.0000000000
98928  -44.949  18.349  40.588 0.0000000000
97247  -47.305  16.549  40.926 0.0000000000
97249  -49.261  15.986  40.834 0.0000000000
104551  -42.076  25.920  42.339 0.0000000000
107026  -43.978  29.072  37.623 0.0000000000
105355  -44.509  26.196  40.223 0.0000000000
104533  -45.508  25.446  43.034 0.0000000000
103751  -48.847  23.550  43.142 0.0000000000
98915  -51.166  19.161  40.765 0.0000000000
97269  -50.444  15.953  38.784 0.0000000000
98115  -49.158  17.129  36.312 0.0000000000
98158  -48.074  17.488  33.517 0.0000000000
98189  -46.364  18.444  30.632 0.0000000000
98974  -47.715  19.218  35.572 0.0000000000
100750  -47.330  20.552  31.551 0.0000000000
99081  -44.728  19.295  28.351 0.0000000000
93674  -46.534  12.356  42.524 0.0000000000
92795  -45.331  12.059  41.926 0.0000000000
95509  -46.084  14.187  40.705 0.0000000000
107137  -46.667  28.452  28.369 0.0000000000
107104  -47.132  28.612  30.565 0.0000000000
107118  -44.996  28.540  29.500 0.0000000000
107101  -43.889  28.792  30.503 0.0000000000
103710  -44.747  25.174  44.637 0.0000000000
109940  -40.425  32.529  33.240 0.0000000000
106195  -49.028  27.435  38.696 0.0000000000
105376  -49.764  27.035  39.057 0.0000000000
104593  -50.159  25.610  38.537 0.0000000000
103035  -51.124  24.484  38.377 0.0000000000
103814  -50.910  24.086  37.267 0.0000000000
101521  -51.861  21.684  36.109 0.0000000000
102242  -50.113  22.756  37.653 0.0000000000
108489  -46.935  30.414  31.414 0.0000000000
108477  -45.554  30.676  32.774 0.0000000000
108479  -47.882  30.603  32.206 0.0000000000
107047  -46.792  28.387  34.308 0.0000000000
107802  -47.377  29.869  35.168 0.0000000000
107044  -46.479  28.584  35.286 0.0000000000
107029  -46.763  29.121  37.632 0.0000000000
106219  -45.924  27.989  36.838 0.0000000000
104602  -46.348  25.479  37.349 0.0000000000
106223  -46.057  26.964  34.923 0.0000000000
105422  -43.555  26.762  34.771 0.0000000000
94558  -46.010  12.711  44.603 0.0000000000
93640  -46.849  12.453  45.940 0.0000000000
94559  -46.871  12.871  44.989 0.0000000000
93651  -47.471  12.216  44.901 0.0000000000
95473  -47.666  13.978  43.629 0.0000000000
114327  -38.345  38.553  33.008 0.0000000000
113012  -37.239  36.862  33.224 0.0000000000
113025  -38.445  36.433  32.551 0.0000000000
111474  -39.145  34.857  32.374 0.0000000000
112268  -40.613  36.312  32.381 0.0000000000
113704  -45.894  37.487  32.201 0.0000000000
112272  -44.347  36.255  32.444 0.0000000000
112285  -46.284  35.622  31.781 0.0000000000
111481  -46.655  34.551  31.218 0.0000000000
112291  -48.304  35.380  30.772 0.0000000000
109284  -48.885  31.298  27.911 0.0000000000
110018  -49.881  31.854  28.515 0.0000000000
107878  -50.194  29.519  26.764 0.0000000000
106298  -50.047  27.843  27.158 0.0000000000
105503  -49.707  27.206  25.204 0.0000000000
105542  -48.112  26.418  23.683 0.0000000000
107202  -48.722  28.209  24.075 0.0000000000
102207  -41.519  22.584  41.460 0.0000000000
101470  -41.114  21.215  40.637 0.0000000000
100650  -42.700  20.406  40.488 0.0000000000
98927  -43.895  18.439  40.533 0.0000000000
100651  -43.752  20.443  40.535 0.0000000000
101476  -47.113  21.082  40.900 0.0000000000
99778  -46.522  19.284  40.504 0.0000000000
98931  -48.168  18.241  40.532 0.0000000000
97248  -48.291  16.434  41.030 0.0000000000
98932  -49.186  18.302  40.375 0.0000000000
106172  -40.254  26.753  39.222 0.0000000000
104570  -40.741  25.624  41.473 0.0000000000
105352  -41.411  25.952  40.384 0.0000000000
108453  -45.275  31.081  36.417 0.0000000000
107797  -43.851  30.624  36.595 0.0000000000
107027  -45.204  29.398  37.697 0.0000000000
105357  -46.968  26.459  40.013 0.0000000000
105372  -45.092  26.978  39.754 0.0000000000
104576  -46.268  25.480  40.749 0.0000000000
104564  -44.194  25.524  41.586 0.0000000000
103774  -46.598  24.418  41.397 0.0000000000
103749  -47.754  24.594  42.988 0.0000000000
103776  -48.321  24.169  41.463 0.0000000000
100673  -51.517  20.677  38.651 0.0000000000
100663  -50.968  20.656  40.145 0.0000000000
99797  -50.818  18.860  38.747 0.0000000000
97258  -51.139  16.941  39.473 0.0000000000
97278  -50.858  16.582  38.204 0.0000000000
97276  -49.056  16.489  37.975 0.0000000000
98116  -50.461  17.296  36.714 0.0000000000
99044  -51.953  19.096  32.178 0.0000000000
98176  -49.927  17.751  32.979 0.0000000000
99040  -49.382  18.614  31.282 0.0000000000
99019  -46.651  18.156  32.095 0.0000000000
99058  -48.872  19.057  30.272 0.0000000000
102253  -45.964  22.687  37.815 0.0000000000
100679  -47.991  20.636  37.652 0.0000000000
100677  -45.923  20.784  37.390 0.0000000000
100747  -44.517  20.068  32.797 0.0000000000
100739  -46.108  20.516  33.001 0.0000000000
100759  -45.505  20.263  31.321 0.0000000000
99925  -45.830  19.904  29.606 0.0000000000
100779  -44.620  20.391  29.487 0.0000000000
99949  -43.460  19.886  28.148 0.0000000000
90842  -46.113  9.731  45.162 0.0000000000
96400  -44.712  14.934  37.961 0.0000000000
107089  -49.620  29.046  31.005 0.0000000000
107814  -48.933  29.843  32.245 0.0000000000
107087  -48.023  28.624  31.606 0.0000000000
107069  -46.877  28.403  32.495 0.0000000000
106246  -46.321  27.926  33.509 0.0000000000
106232  -45.787  27.206  34.046 0.0000000000
107055  -44.850  28.354  32.923 0.0000000000
91801  -44.774  10.190  45.480 0.0000000000
93647  -43.823  12.073  44.348 0.0000000000
95483  -45.362  14.662  43.112 0.0000000000
114964  -39.750  39.434  32.932 0.0000000000
113055  -47.973  36.264  30.337 0.0000000000
108539  -47.347  30.087  27.575 0.0000000000
107875  -47.418  28.665  26.044 0.0000000000
101454  -43.865  22.082  41.209 0.0000000000
102195  -46.145  22.796  42.077 0.0000000000
102196  -47.029  22.544  42.315 0.0000000000
107774  -41.120  29.091  37.131 0.0000000000
107758  -47.576  30.021  39.349 0.0000000000
107012  -45.960  29.433  38.688 0.0000000000
107001  -47.238  29.208  39.414 0.0000000000
105358  -48.256  26.640  39.809 0.0000000000
104578  -48.926  25.853  40.121 0.0000000000
103019  -49.082  23.893  40.626 0.0000000000
103785  -50.393  24.324  39.492 0.0000000000
102243  -51.734  22.763  38.077 0.0000000000
100702  -52.490  20.664  36.370 0.0000000000
98118  -52.195  18.061  35.527 0.0000000000
100717  -52.270  20.829  35.423 0.0000000000
99864  -52.070  20.317  34.408 0.0000000000
99863  -51.050  19.682  34.233 0.0000000000
100696  -44.447  20.498  36.478 0.0000000000
106943  -41.781  27.900  45.926 0.0000000000
109215  -43.140  31.832  32.769 0.0000000000
109200  -42.824  31.707  34.352 0.0000000000
109210  -44.663  31.234  33.815 0.0000000000
109189  -45.341  31.563  35.455 0.0000000000
108454  -46.100  31.319  36.726 0.0000000000
108468  -47.351  30.713  34.519 0.0000000000
109170  -47.575  31.081  36.028 0.0000000000
108433  -46.720  30.841  36.867 0.0000000000
107765  -47.689  30.042  38.485 0.0000000000
106211  -47.127  27.735  38.401 0.0000000000
104591  -48.694  25.783  38.467 0.0000000000
103033  -49.168  23.704  38.194 0.0000000000
103793  -47.041  24.918  38.284 0.0000000000
103811  -46.493  24.458  37.496 0.0000000000
103810  -45.540  24.188  37.119 0.0000000000
105410  -45.424  26.466  35.186 0.0000000000
104609  -44.779  25.474  36.212 0.0000000000
91785  -46.133  10.300  46.851 0.0000000000
91779  -47.245  9.593  47.167 0.0000000000
90833  -47.178  9.661  46.215 0.0000000000
91814  -46.767  10.737  45.090 0.0000000000
93659  -47.414  12.454  43.260 0.0000000000
94583  -47.747  13.106  42.442 0.0000000000
110682  -34.733  33.797  35.106 0.0000000000
111463  -35.666  35.371  33.631 0.0000000000
110693  -36.461  33.598  34.591 0.0000000000
110706  -38.322  33.739  33.197 0.0000000000
109944  -39.837  33.462  32.665 0.0000000000
110721  -42.010  33.342  31.980 0.0000000000
113699  -41.624  37.901  32.797 0.0000000000
112270  -42.490  35.961  32.319 0.0000000000
111467  -43.153  35.249  32.076 0.0000000000
110722  -43.077  33.291  31.674 0.0000000000
110724  -45.742  33.270  31.083 0.0000000000
109958  -46.495  32.079  30.509 0.0000000000
109227  -48.575  31.333  29.868 0.0000000000
111499  -49.306  34.324  29.776 0.0000000000
109975  -49.951  32.159  29.273 0.0000000000
108501  -49.419  30.440  29.911 0.0000000000
107123  -50.051  28.862  29.286 0.0000000000
106296  -48.706  27.830  27.704 0.0000000000
105498  -45.750  26.584  25.356 0.0000000000
105540  -45.986  26.211  23.755 0.0000000000
107184  -47.311  28.351  24.395 0.0000000000
97228  -44.632  16.413  41.215 0.0000000000
97229  -45.732  16.462  41.211 0.0000000000
99777  -45.433  19.334  40.552 0.0000000000
98929  -46.007  18.287  40.635 0.0000000000
96367  -47.314  15.604  42.035 0.0000000000
96368  -48.228  15.162  41.795 0.0000000000
95500  -48.990  14.378  41.843 0.0000000000
95512  -49.172  14.459  41.268 0.0000000000
105294  -43.049  26.717  44.177 0.0000000000
109165  -42.558  31.300  35.713 0.0000000000
107795  -42.075  30.016  36.682 0.0000000000
107009  -42.880  28.105  38.218 0.0000000000
106192  -45.564  28.599  38.853 0.0000000000
106176  -44.419  27.382  39.232 0.0000000000
105370  -42.924  26.526  39.420 0.0000000000
104573  -42.891  25.711  40.870 0.0000000000
105337  -43.807  26.225  42.840 0.0000000000
105296  -44.389  26.518  44.184 0.0000000000
104518  -46.213  24.820  43.364 0.0000000000
102976  -47.432  23.304  43.443 0.0000000000
101442  -48.886  21.648  42.153 0.0000000000
102216  -50.148  22.232  41.511 0.0000000000
101460  -50.506  21.188  41.590 0.0000000000
99760  -50.029  19.766  41.155 0.0000000000
98091  -50.296  17.411  40.125 0.0000000000
96382  -50.328  15.841  40.221 0.0000000000
95522  -48.758  14.864  40.152 0.0000000000
96403  -47.647  15.971  38.944 0.0000000000
97265  -46.495  16.296  38.171 0.0000000000
97283  -46.671  16.661  36.630 0.0000000000
98128  -50.849  17.489  35.397 0.0000000000
98126  -48.464  17.320  35.412 0.0000000000
97304  -46.238  16.935  35.243 0.0000000000
97324  -45.315  16.851  33.306 0.0000000000
98172  -44.730  17.126  32.171 0.0000000000
101493  -48.799  21.790  38.192 0.0000000000
99820  -49.244  19.633  36.273 0.0000000000
99876  -49.262  19.968  32.677 0.0000000000
99839  -46.720  19.396  35.216 0.0000000000
99875  -47.789  19.954  33.170 0.0000000000
100752  -49.378  20.291  31.063 0.0000000000
100782  -47.725  20.122  29.290 0.0000000000
99054  -45.469  18.675  29.706 0.0000000000
93688  -46.878  12.788  42.426 0.0000000000
93687  -46.048  12.584  41.928 0.0000000000
94597  -46.004  13.519  41.403 0.0000000000
95497  -46.722  14.047  41.360 0.0000000000
107154  -45.899  28.213  27.628 0.0000000000
107119  -46.121  28.701  29.321 0.0000000000
107135  -45.034  28.397  28.496 0.0000000000
104516  -43.915  25.219  44.776 0.0000000000
105282  -44.107  26.544  45.443 0.0000000000
109941  -41.484  32.101  33.412 0.0000000000
109929  -40.650  32.358  34.226 0.0000000000
109199  -42.039  31.832  34.034 0.0000000000
105388  -49.850  26.193  38.617 0.0000000000
103796  -50.065  24.599  37.824 0.0000000000
103813  -50.491  23.824  37.294 0.0000000000
103034  -49.911  23.575  37.558 0.0000000000
108490  -47.819  30.522  31.048 0.0000000000
106224  -46.179  27.823  35.691 0.0000000000
105411  -46.232  26.903  35.813 0.0000000000
89884  -44.574  8.513  46.134 0.0000000000
95471  -45.822  13.859  43.424 0.0000000000
94567  -46.348  13.284  44.074 0.0000000000
95472  -46.874  14.041  43.710 0.0000000000
94568  -47.185  13.411  44.094 0.0000000000
114328  -39.302  38.559  32.958 0.0000000000
113696  -38.845  37.788  32.783 0.0000000000
113697  -39.710  37.603  32.675 0.0000000000
113027  -39.834  36.497  32.506 0.0000000000
113698  -40.696  37.818  32.705 0.0000000000
114343  -47.117  38.149  31.237 0.0000000000
114971  -46.466  38.599  31.868 0.0000000000
113711  -46.581  37.343  31.917 0.0000000000
113029  -45.982  36.632  32.135 0.0000000000
113030  -47.014  36.494  31.861 0.0000000000
112286  -47.476  35.574  31.443 0.0000000000
113034  -48.184  36.392  31.130 0.0000000000
108557  -49.040  29.923  26.867 0.0000000000
108558  -49.893  30.482  26.915 0.0000000000
107877  -49.576  29.284  26.421 0.0000000000
107893  -50.092  28.829  25.799 0.0000000000
107187  -49.523  28.504  25.399 0.0000000000
106369  -49.768  28.016  24.084 0.0000000000
107186  -48.932  28.306  24.926 0.0000000000
102192  -41.455  22.942  41.968 0.0000000000
102221  -42.209  22.049  40.915 0.0000000000
101471  -42.030  21.245  40.616 0.0000000000
101472  -43.049  21.427  40.654 0.0000000000
99775  -43.318  19.443  40.533 0.0000000000
100634  -47.710  20.745  40.937 0.0000000000
100655  -48.155  20.095  40.661 0.0000000000
99780  -48.660  19.196  40.574 0.0000000000
99781  -49.502  19.186  40.732 0.0000000000
106207  -40.380  27.894  37.912 0.0000000000
106173  -40.969  27.083  39.185 0.0000000000
105368  -40.737  26.515  39.854 0.0000000000
105369  -41.777  26.579  39.542 0.0000000000
108431  -44.813  30.598  36.757 0.0000000000
107778  -45.508  30.110  37.314 0.0000000000
104577  -47.657  25.605  40.283 0.0000000000
103017  -46.803  24.363  40.817 0.0000000000
103775  -47.306  24.100  41.162 0.0000000000
99799  -52.023  20.044  37.835 0.0000000000
99798  -51.556  19.356  38.278 0.0000000000
98953  -51.729  18.087  37.895 0.0000000000
98108  -51.451  17.291  38.622 0.0000000000
98111  -51.505  17.253  37.623 0.0000000000
98955  -51.551  18.155  36.868 0.0000000000
99900  -51.176  19.639  31.537 0.0000000000
99042  -51.225  18.793  31.414 0.0000000000
99060  -50.937  18.975  30.884 0.0000000000
99898  -50.015  19.728  30.599 0.0000000000
102237  -45.524  22.918  37.827 0.0000000000
101501  -46.499  21.704  37.714 0.0000000000
101500  -45.418  21.621  37.566 0.0000000000
100758  -44.554  20.041  31.771 0.0000000000
100748  -45.388  20.323  32.365 0.0000000000
100769  -44.499  20.132  30.643 0.0000000000
100770  -45.601  20.115  30.219 0.0000000000
100788  -43.707  20.440  28.857 0.0000000000
100768  -43.877  20.006  30.501 0.0000000000
91813  -45.939  10.570  44.469 0.0000000000
95519  -44.752  14.246  39.392 0.0000000000
95533  -45.205  14.785  39.074 0.0000000000
107106  -49.224  28.650  30.551 0.0000000000
107088  -48.965  29.109  31.522 0.0000000000
107105  -48.286  28.455  30.663 0.0000000000
107103  -45.997  28.723  30.545 0.0000000000
107086  -46.986  28.511  31.572 0.0000000000
107057  -46.733  28.303  33.331 0.0000000000
107068  -45.868  28.356  32.387 0.0000000000
107056  -45.749  28.214  33.010 0.0000000000
107067  -45.115  28.618  32.425 0.0000000000
107083  -43.847  29.150  31.505 0.0000000000
93646  -43.118  12.013  44.108 0.0000000000
95470  -44.782  14.030  43.466 0.0000000000
95482  -44.525  14.516  42.908 0.0000000000
115613  -38.375  40.202  33.488 0.0000000000
109269  -47.413  31.642  28.445 0.0000000000
109282  -46.779  30.754  28.143 0.0000000000
109267  -45.185  31.493  28.539 0.0000000000
103748  -45.157  24.326  43.442 0.0000000000
102973  -44.853  23.920  42.962 0.0000000000
102996  -46.408  23.201  42.614 0.0000000000
109910  -37.979  32.440  34.881 0.0000000000
107794  -41.018  29.676  36.592 0.0000000000
107759  -48.210  30.053  39.386 0.0000000000
106179  -47.761  28.178  39.165 0.0000000000
105375  -48.794  27.514  39.486 0.0000000000
105359  -49.345  26.764  39.623 0.0000000000
104579  -49.745  26.062  39.576 0.0000000000
103784  -49.634  24.851  39.794 0.0000000000
103789  -50.553  25.108  38.932 0.0000000000
103798  -51.300  24.055  37.464 0.0000000000
103036  -51.526  23.769  37.894 0.0000000000
102258  -52.127  22.836  37.333 0.0000000000
101506  -52.099  21.960  37.719 0.0000000000
101507  -52.468  21.887  36.908 0.0000000000
101522  -52.283  21.815  36.088 0.0000000000
100700  -51.209  21.073  36.380 0.0000000000
100716  -51.954  21.009  35.640 0.0000000000
100715  -51.533  20.685  35.918 0.0000000000
99878  -51.687  19.672  33.408 0.0000000000
99843  -51.414  20.236  35.386 0.0000000000
109216  -44.353  31.372  32.564 0.0000000000
108472  -46.565  31.001  33.926 0.0000000000
109211  -45.633  31.365  34.292 0.0000000000
109203  -45.915  31.666  34.910 0.0000000000
109168  -45.766  31.514  36.140 0.0000000000
109190  -46.318  31.601  35.571 0.0000000000
107059  -48.344  29.225  33.157 0.0000000000
107810  -48.540  29.841  33.019 0.0000000000
107809  -47.937  29.798  33.658 0.0000000000
107799  -47.382  29.991  35.705 0.0000000000
108456  -47.495  30.482  35.680 0.0000000000
108455  -47.481  30.487  36.132 0.0000000000
109151  -47.232  31.033  36.518 0.0000000000
107780  -47.054  30.096  37.146 0.0000000000
106210  -46.602  27.877  38.103 0.0000000000
105398  -47.046  27.333  38.220 0.0000000000
105386  -48.405  26.791  38.446 0.0000000000
105385  -47.267  26.579  38.195 0.0000000000
104590  -47.657  25.736  38.364 0.0000000000
105384  -46.634  26.015  37.829 0.0000000000
103823  -46.039  24.824  36.757 0.0000000000
106244  -44.781  27.771  33.469 0.0000000000
105424  -45.328  26.838  34.515 0.0000000000
105423  -44.518  26.757  34.632 0.0000000000
105402  -43.809  26.212  35.816 0.0000000000
104616  -44.407  25.980  35.909 0.0000000000
92742  -45.209  11.275  45.375 0.0000000000
91802  -45.512  10.634  46.160 0.0000000000
92743  -45.986  11.311  46.312 0.0000000000
93626  -47.408  11.709  46.363 0.0000000000
92726  -47.176  11.202  46.621 0.0000000000
92727  -47.488  11.308  46.254 0.0000000000
90834  -47.287  9.843  46.620 0.0000000000
91804  -47.471  10.604  46.108 0.0000000000
91803  -47.240  10.424  45.726 0.0000000000
91815  -47.354  11.040  45.453 0.0000000000
93661  -47.881  13.089  43.393 0.0000000000
93660  -47.548  12.665  43.718 0.0000000000
93677  -47.990  13.011  43.086 0.0000000000
93676  -47.816  12.821  42.931 0.0000000000
94584  -48.227  13.597  42.503 0.0000000000
112253  -34.432  35.143  37.045 0.0000000000
111453  -33.656  34.334  36.602 0.0000000000
110679  -34.058  33.712  36.047 0.0000000000
111456  -34.236  34.588  35.611 0.0000000000
114317  -35.877  38.916  34.215 0.0000000000
114324  -35.746  38.221  34.119 0.0000000000
112276  -37.171  35.656  32.759 0.0000000000
112265  -35.960  35.837  33.301 0.0000000000
112266  -36.593  35.436  33.142 0.0000000000
111460  -36.254  34.395  34.013 0.0000000000
111465  -37.127  34.616  33.249 0.0000000000
110694  -37.388  33.716  33.924 0.0000000000
111466  -37.774  34.214  33.007 0.0000000000
111475  -40.018  34.764  32.148 0.0000000000
110718  -39.332  33.905  32.657 0.0000000000
110719  -40.240  33.870  32.312 0.0000000000
110720  -41.036  33.540  32.054 0.0000000000
111477  -41.784  34.325  31.951 0.0000000000
113016  -42.064  37.041  32.526 0.0000000000
113017  -43.059  37.013  32.504 0.0000000000
112284  -45.046  35.862  32.135 0.0000000000
111468  -43.727  35.400  32.214 0.0000000000
111479  -43.950  34.711  31.904 0.0000000000
111478  -42.716  34.329  31.789 0.0000000000
110723  -44.335  33.333  31.464 0.0000000000
111488  -47.568  34.409  30.805 0.0000000000
110734  -46.803  33.266  30.590 0.0000000000
109959  -47.419  32.264  30.326 0.0000000000
109960  -48.280  32.308  29.983 0.0000000000
112326  -48.362  34.847  29.256 0.0000000000
112313  -49.296  34.971  29.686 0.0000000000
112327  -49.061  34.624  29.209 0.0000000000
109271  -50.521  31.239  28.270 0.0000000000
110776  -50.090  32.467  28.940 0.0000000000
109252  -50.144  31.226  28.757 0.0000000000
109237  -49.735  31.299  29.289 0.0000000000
108510  -49.863  30.323  29.292 0.0000000000
107839  -49.756  29.574  29.737 0.0000000000
107124  -50.271  29.151  28.822 0.0000000000
105485  -49.389  26.769  26.243 0.0000000000
106297  -49.602  27.679  27.539 0.0000000000
106314  -48.793  27.093  26.616 0.0000000000
106313  -47.734  27.468  26.970 0.0000000000
106331  -46.704  27.183  26.158 0.0000000000
105499  -46.803  26.608  25.346 0.0000000000
105560  -48.082  27.005  23.298 0.0000000000
105541  -47.073  26.389  23.721 0.0000000000
105558  -46.198  26.425  22.959 0.0000000000
105557  -44.773  26.230  23.424 0.0000000000
106380  -46.266  27.077  22.673 0.0000000000
107891  -47.620  28.485  25.097 0.0000000000
98068  -42.959  17.220  40.815 0.0000000000
98085  -44.413  17.314  40.859 0.0000000000
97244  -44.697  16.871  40.993 0.0000000000
96365  -45.299  15.624  41.794 0.0000000000
97245  -45.010  16.843  40.906 0.0000000000
102223  -44.815  21.856  40.827 0.0000000000
100652  -44.837  20.384  40.552 0.0000000000
101474  -45.337  21.311  40.648 0.0000000000
98930  -47.085  18.232  40.511 0.0000000000
98087  -46.565  17.087  40.729 0.0000000000
97230  -46.738  16.298  41.260 0.0000000000
97246  -46.828  16.583  40.898 0.0000000000
97231  -47.791  15.942  41.450 0.0000000000
97233  -49.277  15.320  41.356 0.0000000000
96370  -49.511  15.136  41.367 0.0000000000
95513  -49.506  14.824  41.370 0.0000000000
104560  -41.055  25.602  41.939 0.0000000000
105311  -41.864  26.682  43.639 0.0000000000
109187  -43.038  31.782  35.353 0.0000000000
109166  -43.063  31.412  35.684 0.0000000000
107796  -43.076  30.284  36.608 0.0000000000
107776  -42.972  29.542  37.135 0.0000000000
107025  -42.765  28.679  37.606 0.0000000000
107000  -46.343  28.935  39.285 0.0000000000
106177  -45.594  27.970  39.394 0.0000000000
105371  -44.008  26.659  39.626 0.0000000000
106175  -43.583  26.968  39.085 0.0000000000
105354  -43.426  26.117  40.191 0.0000000000
104574  -43.860  25.611  40.789 0.0000000000
104555  -45.370  25.344  42.353 0.0000000000
104554  -44.439  25.668  42.466 0.0000000000
104532  -44.888  25.680  43.004 0.0000000000
105314  -44.296  26.269  43.371 0.0000000000
105315  -45.012  26.116  43.607 0.0000000000
104517  -45.340  25.395  43.783 0.0000000000
103750  -48.281  24.014  43.319 0.0000000000
103727  -47.377  24.197  43.501 0.0000000000
102977  -48.346  23.327  43.402 0.0000000000
102178  -48.034  22.748  42.962 0.0000000000
102179  -48.771  22.566  42.827 0.0000000000
103020  -49.906  23.362  40.047 0.0000000000
103012  -49.997  22.779  40.937 0.0000000000
102225  -50.265  22.276  40.578 0.0000000000
99782  -51.337  19.722  40.579 0.0000000000
101478  -50.998  20.955  41.367 0.0000000000
99762  -51.158  19.715  41.222 0.0000000000
100637  -50.191  20.676  41.596 0.0000000000
98914  -50.832  19.152  41.019 0.0000000000
98933  -50.170  18.662  40.600 0.0000000000
98934  -50.600  18.562  40.263 0.0000000000
97270  -50.977  16.224  39.092 0.0000000000
97257  -50.763  16.538  39.766 0.0000000000
96405  -50.193  15.653  39.383 0.0000000000
96392  -49.823  15.452  40.138 0.0000000000
96391  -49.155  15.296  39.832 0.0000000000
96390  -48.014  15.325  39.594 0.0000000000
97255  -48.930  15.636  39.312 0.0000000000
97285  -48.574  16.718  36.951 0.0000000000
97275  -47.973  16.677  37.749 0.0000000000
97273  -46.068  16.379  37.386 0.0000000000
98113  -47.469  17.145  36.131 0.0000000000
98130  -52.573  18.223  34.793 0.0000000000
98129  -51.821  17.711  35.069 0.0000000000
98146  -51.152  17.603  34.362 0.0000000000
98159  -49.325  17.627  33.583 0.0000000000
98144  -48.886  17.404  34.499 0.0000000000
98143  -47.693  17.240  34.512 0.0000000000
98124  -46.670  17.001  35.288 0.0000000000
98142  -46.543  17.057  34.625 0.0000000000
98141  -45.903  16.930  34.307 0.0000000000
98156  -45.947  17.117  33.741 0.0000000000
99038  -46.927  18.417  31.176 0.0000000000
98173  -45.726  17.546  32.484 0.0000000000
98188  -45.938  17.744  30.982 0.0000000000
98187  -44.565  17.304  31.297 0.0000000000
103032  -48.094  23.729  38.389 0.0000000000
102241  -49.395  22.780  38.132 0.0000000000
102240  -48.338  22.651  38.383 0.0000000000
99801  -47.442  19.801  37.112 0.0000000000
99802  -48.577  19.852  37.211 0.0000000000
99819  -47.969  19.461  36.096 0.0000000000
98976  -49.265  18.981  35.001 0.0000000000
99861  -48.524  19.391  34.188 0.0000000000
99837  -44.869  19.831  35.118 0.0000000000
99838  -45.581  19.591  35.113 0.0000000000
100740  -47.086  20.547  32.583 0.0000000000
99874  -46.719  20.201  33.445 0.0000000000
100741  -48.068  20.004  32.047 0.0000000000
100751  -48.330  20.524  31.186 0.0000000000
100773  -48.525  20.209  29.513 0.0000000000
100772  -47.664  20.409  29.752 0.0000000000
99940  -45.469  19.837  28.445 0.0000000000
99082  -45.294  19.339  28.762 0.0000000000
99053  -44.737  18.495  29.582 0.0000000000
92770  -45.861  11.342  43.542 0.0000000000
92785  -45.707  11.678  42.560 0.0000000000
92794  -44.526  11.560  41.496 0.0000000000
107138  -47.694  28.454  28.696 0.0000000000
107120  -47.395  28.648  29.546 0.0000000000
107084  -44.879  28.831  31.580 0.0000000000
107102  -44.933  28.583  30.547 0.0000000000
103724  -44.573  24.673  44.221 0.0000000000
103725  -45.475  24.713  43.882 0.0000000000
109928  -39.681  32.569  34.051 0.0000000000
109185  -41.237  31.699  35.451 0.0000000000
106180  -48.952  27.780  39.044 0.0000000000
106181  -49.358  27.332  38.864 0.0000000000
104585  -50.269  25.956  38.742 0.0000000000
103797  -50.998  24.904  37.861 0.0000000000
103815  -51.149  24.123  37.312 0.0000000000
103053  -51.593  23.384  36.978 0.0000000000
102271  -51.904  22.389  36.229 0.0000000000
103061  -51.521  22.792  36.567 0.0000000000
102257  -51.028  22.452  36.723 0.0000000000
101504  -50.283  22.012  37.537 0.0000000000
109224  -46.186  31.158  30.969 0.0000000000
108488  -46.120  30.671  31.825 0.0000000000
108478  -46.842  30.497  32.611 0.0000000000
107048  -47.372  28.771  34.109 0.0000000000
107805  -47.527  29.667  34.422 0.0000000000
107804  -47.296  29.187  34.666 0.0000000000
107801  -47.077  29.331  35.214 0.0000000000
107041  -46.279  29.019  36.477 0.0000000000
105403  -46.071  26.848  36.795 0.0000000000
104618  -45.852  26.253  35.902 0.0000000000
106230  -43.655  27.345  34.258 0.0000000000
89869  -45.995  8.582  47.422 0.0000000000
94557  -45.415  12.621  44.560 0.0000000000
93639  -45.919  12.140  45.832 0.0000000000
93650  -46.304  12.555  45.352 0.0000000000
94552  -47.308  12.490  45.189 0.0000000000
94560  -47.320  12.798  44.392 0.0000000000
94569  -47.741  13.290  43.686 0.0000000000
95474  -48.070  13.709  43.411 0.0000000000
112999  -34.764  36.264  35.707 0.0000000000
114326  -37.384  38.516  33.294 0.0000000000
113694  -36.890  37.593  33.377 0.0000000000
113695  -37.890  37.477  32.942 0.0000000000
113024  -37.692  36.465  32.789 0.0000000000
112277  -37.946  35.668  32.511 0.0000000000
111473  -38.128  34.696  32.582 0.0000000000
112278  -38.819  35.713  32.379 0.0000000000
112279  -39.899  35.948  32.400 0.0000000000
112280  -40.755  35.506  32.137 0.0000000000
114335  -45.740  38.301  32.301 0.0000000000
113018  -43.994  36.974  32.478 0.0000000000
113020  -45.487  37.043  32.321 0.0000000000
111482  -47.383  34.940  31.171 0.0000000000
111489  -48.626  34.296  30.503 0.0000000000
110794  -48.901  33.040  28.473 0.0000000000
110795  -49.573  32.966  28.646 0.0000000000
110017  -49.691  31.763  28.283 0.0000000000
109296  -50.453  31.146  27.433 0.0000000000
108542  -50.673  30.553  27.615 0.0000000000
107860  -50.578  29.555  27.749 0.0000000000
107155  -50.307  28.522  27.057 0.0000000000
106316  -50.124  27.472  26.317 0.0000000000
105501  -48.862  26.654  25.594 0.0000000000
105522  -48.002  26.299  24.522 0.0000000000
105523  -48.803  26.548  24.592 0.0000000000
105543  -48.706  27.131  23.946 0.0000000000
106382  -48.014  27.451  23.553 0.0000000000
102971  -40.419  24.075  43.083 0.0000000000
102191  -40.944  22.978  42.028 0.0000000000
102206  -40.427  22.416  41.393 0.0000000000
102220  -41.345  21.957  40.842 0.0000000000
98926  -42.864  18.513  40.512 0.0000000000
99776  -44.367  19.397  40.553 0.0000000000
101456  -46.615  21.697  41.121 0.0000000000
101475  -46.358  21.113  40.674 0.0000000000
100654  -47.076  20.283  40.615 0.0000000000
99779  -47.622  19.236  40.476 0.0000000000
98088  -47.686  17.265  40.631 0.0000000000
98089  -48.729  17.217  40.563 0.0000000000
98090  -49.675  17.255  40.392 0.0000000000
104571  -41.226  25.599  41.205 0.0000000000
104572  -42.024  25.708  40.986 0.0000000000
109167  -44.787  31.374  35.867 0.0000000000
108463  -43.465  31.414  35.767 0.0000000000
108452  -44.163  31.114  36.183 0.0000000000
107777  -44.158  30.011  37.201 0.0000000000
105373  -46.299  27.217  39.669 0.0000000000
105356  -45.694  26.409  40.300 0.0000000000
104575  -44.952  25.680  40.807 0.0000000000
104565  -45.184  25.388  41.577 0.0000000000
104556  -46.277  24.960  42.336 0.0000000000
104534  -46.292  25.115  43.113 0.0000000000
103769  -46.935  24.331  41.992 0.0000000000
103770  -47.668  24.379  42.158 0.0000000000
103772  -49.155  23.685  42.624 0.0000000000
101483  -51.085  21.637  39.319 0.0000000000
101482  -50.559  21.534  40.206 0.0000000000
99789  -51.277  19.656  39.505 0.0000000000
98943  -50.903  19.122  39.487 0.0000000000
98097  -50.606  17.470  39.536 0.0000000000
98107  -50.890  17.438  38.976 0.0000000000
97279  -51.362  16.778  38.591 0.0000000000
97277  -50.057  16.250  38.042 0.0000000000
97287  -50.406  16.730  37.538 0.0000000000
97286  -49.649  16.711  37.221 0.0000000000
99006  -52.488  18.878  32.937 0.0000000000
98161  -51.383  17.864  33.426 0.0000000000
98177  -50.696  17.907  32.783 0.0000000000
99022  -49.910  18.271  32.234 0.0000000000
98175  -47.993  17.993  32.769 0.0000000000
98174  -47.131  17.735  32.748 0.0000000000
99020  -47.603  18.021  31.981 0.0000000000
99039  -48.222  18.494  31.179 0.0000000000
99057  -47.827  18.748  30.310 0.0000000000
102254  -47.013  22.629  38.258 0.0000000000
101502  -47.727  21.741  38.079 0.0000000000
100678  -46.954  20.699  37.611 0.0000000000
99818  -46.941  19.050  36.291 0.0000000000
100729  -45.171  20.244  33.924 0.0000000000
100730  -45.752  20.387  33.605 0.0000000000
100738  -45.236  20.378  33.230 0.0000000000
100749  -46.338  20.584  31.979 0.0000000000
100760  -46.532  20.403  30.926 0.0000000000
100771  -46.655  20.376  29.961 0.0000000000
100780  -45.570  20.104  29.182 0.0000000000
100790  -45.143  20.233  28.102 0.0000000000
99950  -44.477  19.776  27.900 0.0000000000
100789  -44.606  20.404  28.561 0.0000000000
99938  -43.427  20.263  28.401 0.0000000000
89885  -46.323  8.707  45.446 0.0000000000
107825  -49.294  29.710  31.310 0.0000000000
107815  -49.164  30.045  31.805 0.0000000000
107824  -49.121  29.685  31.774 0.0000000000
107071  -48.455  29.257  32.378 0.0000000000
107070  -47.872  28.686  32.536 0.0000000000
106233  -46.284  27.660  33.874 0.0000000000
106245  -45.663  27.750  33.414 0.0000000000
107813  -44.629  29.115  32.101 0.0000000000
107807  -44.224  29.045  32.772 0.0000000000
92741  -44.130  10.946  45.022 0.0000000000
92753  -44.279  11.628  44.896 0.0000000000
92754  -44.871  11.808  45.049 0.0000000000
93657  -43.497  12.565  43.822 0.0000000000
93658  -44.272  12.652  43.989 0.0000000000
93648  -44.836  12.282  44.637 0.0000000000
94566  -45.125  13.241  44.181 0.0000000000
114961  -37.016  39.420  33.669 0.0000000000
114962  -37.916  39.383  33.433 0.0000000000
114963  -38.838  39.385  33.252 0.0000000000
113730  -47.844  36.959  30.798 0.0000000000
110793  -47.932  33.308  28.853 0.0000000000
110005  -48.083  32.429  28.498 0.0000000000
108540  -48.485  30.340  27.561 0.0000000000
108556  -47.965  29.548  26.877 0.0000000000
107876  -48.638  29.014  26.299 0.0000000000
108555  -46.725  29.444  26.705 0.0000000000
103007  -45.349  23.010  41.976 0.0000000000
102211  -45.701  22.425  41.393 0.0000000000
102212  -46.848  22.214  41.649 0.0000000000
101457  -47.599  21.398  41.393 0.0000000000
102213  -47.783  22.089  41.834 0.0000000000
107023  -40.616  28.594  37.361 0.0000000000
106208  -41.377  28.013  37.898 0.0000000000
107764  -46.803  30.086  38.692 0.0000000000
107028  -46.069  29.847  38.013 0.0000000000
107757  -46.766  29.700  39.284 0.0000000000
105374  -47.533  27.389  39.535 0.0000000000
103783  -48.305  24.582  40.605 0.0000000000
103023  -50.905  23.725  38.933 0.0000000000
102228  -51.280  22.648  38.817 0.0000000000
100683  -51.787  21.334  38.027 0.0000000000
100684  -52.163  20.839  37.605 0.0000000000
99806  -52.002  19.853  37.212 0.0000000000
99823  -51.933  18.607  36.577 0.0000000000
99824  -52.316  19.245  36.306 0.0000000000
99845  -52.647  19.787  35.402 0.0000000000
98977  -52.947  19.126  34.627 0.0000000000
101537  -52.195  21.421  35.766 0.0000000000
100732  -52.189  20.570  34.765 0.0000000000
98992  -52.857  19.315  33.785 0.0000000000
99888  -52.060  19.500  32.800 0.0000000000
99887  -51.318  19.575  32.386 0.0000000000
99877  -50.636  19.601  33.002 0.0000000000
100676  -45.014  20.782  37.260 0.0000000000
101499  -44.208  21.445  37.205 0.0000000000
100695  -43.833  20.741  36.055 0.0000000000
100714  -44.181  20.214  35.383 0.0000000000
100728  -44.365  20.192  34.404 0.0000000000
100737  -44.463  20.202  33.603 0.0000000000
100746  -44.111  19.789  32.729 0.0000000000
99896  -43.686  19.790  31.681 0.0000000000
109214  -42.660  31.928  32.865 0.0000000000
109208  -42.538  31.758  33.336 0.0000000000
109209  -43.509  31.478  33.578 0.0000000000
109201  -43.850  31.570  34.593 0.0000000000
108470  -44.984  31.119  33.570 0.0000000000
109202  -44.947  31.536  34.776 0.0000000000
109188  -44.295  31.650  35.350 0.0000000000
108474  -48.473  30.288  32.591 0.0000000000
108473  -47.793  30.471  33.288 0.0000000000
109192  -47.437  30.990  35.385 0.0000000000
109205  -47.246  31.161  35.116 0.0000000000
109169  -46.746  31.362  36.295 0.0000000000
107779  -46.599  30.158  37.574 0.0000000000
107014  -48.206  29.588  38.880 0.0000000000
107013  -47.372  28.919  38.477 0.0000000000
106194  -47.743  27.985  38.799 0.0000000000
103795  -48.952  24.713  38.435 0.0000000000
103794  -47.835  24.726  38.385 0.0000000000
103050  -47.402  23.931  38.233 0.0000000000
103049  -46.685  23.557  38.054 0.0000000000
103048  -45.806  23.452  37.624 0.0000000000
103029  -45.340  23.125  37.768 0.0000000000
104617  -45.160  25.949  35.745 0.0000000000
105409  -44.343  26.366  35.330 0.0000000000
90816  -44.863  9.356  46.361 0.0000000000
90817  -45.596  9.394  47.020 0.0000000000
90809  -46.302  9.321  47.424 0.0000000000
92725  -46.672  11.227  46.633 0.0000000000
91786  -46.838  10.463  46.966 0.0000000000
90811  -47.193  9.090  47.464 0.0000000000
89870  -47.223  9.025  46.594 0.0000000000
90832  -46.712  9.345  45.739 0.0000000000
90843  -46.792  10.022  45.658 0.0000000000
92756  -46.370  11.365  44.258 0.0000000000
92757  -47.307  11.732  44.509 0.0000000000
92772  -47.296  12.271  43.711 0.0000000000
92771  -46.794  11.978  43.398 0.0000000000
93675  -47.246  12.528  42.749 0.0000000000
94599  -48.164  13.750  41.931 0.0000000000
113005  -34.711  36.296  34.876 0.0000000000
113010  -35.597  36.622  33.710 0.0000000000
112264  -35.334  35.786  33.820 0.0000000000
112261  -34.865  35.610  34.457 0.0000000000
110691  -35.052  34.363  34.596 0.0000000000
110683  -35.552  33.379  34.964 0.0000000000
110684  -36.101  33.079  35.073 0.0000000000
109925  -37.066  33.228  34.569 0.0000000000
110695  -37.981  33.340  33.875 0.0000000000
109927  -38.623  32.984  33.995 0.0000000000
110717  -38.723  34.259  32.658 0.0000000000
110707  -39.015  33.523  33.132 0.0000000000
109939  -39.493  33.123  33.193 0.0000000000
109945  -40.341  33.112  32.582 0.0000000000
109946  -41.214  32.656  32.485 0.0000000000
113015  -41.115  37.014  32.550 0.0000000000
112269  -41.459  36.185  32.316 0.0000000000
112281  -41.637  35.259  32.078 0.0000000000
112271  -43.579  36.041  32.447 0.0000000000
112282  -42.366  35.033  31.988 0.0000000000
109947  -42.387  32.299  32.575 0.0000000000
109948  -43.530  32.208  31.833 0.0000000000
109949  -44.638  32.067  31.280 0.0000000000
110733  -46.126  32.658  30.663 0.0000000000
109950  -45.582  31.989  30.685 0.0000000000
109225  -47.091  31.216  30.633 0.0000000000
109226  -47.864  31.237  30.151 0.0000000000
112298  -48.581  35.501  30.206 0.0000000000
112299  -49.216  34.990  30.233 0.0000000000
111490  -49.193  34.343  30.165 0.0000000000
110775  -49.735  33.225  28.934 0.0000000000
110753  -49.494  33.102  29.336 0.0000000000
110736  -48.894  33.342  29.884 0.0000000000
109961  -48.961  32.222  29.726 0.0000000000
109236  -49.190  31.366  29.722 0.0000000000
108492  -49.210  30.276  30.726 0.0000000000
107833  -49.484  29.614  30.525 0.0000000000
107107  -49.706  28.961  30.224 0.0000000000
107122  -49.340  28.667  29.537 0.0000000000
107141  -50.276  28.600  28.159 0.0000000000
107140  -49.542  28.254  28.552 0.0000000000
107139  -48.611  28.374  28.668 0.0000000000
106295  -47.758  27.856  28.009 0.0000000000
106312  -46.609  27.657  27.376 0.0000000000
105521  -46.936  26.386  24.506 0.0000000000
105520  -45.912  26.298  24.558 0.0000000000
107185  -48.158  28.232  24.678 0.0000000000
107201  -47.779  27.870  24.199 0.0000000000
107200  -47.136  28.329  23.574 0.0000000000
97227  -43.637  16.305  41.372 0.0000000000
98084  -43.358  17.666  40.615 0.0000000000
96364  -44.080  15.380  41.962 0.0000000000
96349  -44.936  14.981  42.414 0.0000000000
96350  -45.863  15.210  42.584 0.0000000000
101473  -44.205  21.514  40.764 0.0000000000
100653  -45.933  20.290  40.574 0.0000000000
98086  -45.521  17.323  40.786 0.0000000000
98071  -45.998  16.932  41.009 0.0000000000
96366  -46.312  15.812  42.020 0.0000000000
96351  -46.860  15.141  42.622 0.0000000000
95485  -47.420  14.511  43.177 0.0000000000
96352  -47.786  14.791  42.407 0.0000000000
95486  -48.319  14.115  42.897 0.0000000000
97232  -48.746  15.607  41.423 0.0000000000
96353  -48.502  14.525  42.023 0.0000000000
94600  -48.806  13.998  41.749 0.0000000000
94611  -48.581  14.133  41.505 0.0000000000
106105  -41.357  27.429  45.348 0.0000000000
106106  -42.258  27.530  45.241 0.0000000000
106108  -43.717  27.608  45.083 0.0000000000
109931  -42.217  32.032  34.842 0.0000000000
109164  -41.697  31.180  35.818 0.0000000000
108451  -43.214  30.918  35.985 0.0000000000
108450  -42.305  30.714  36.187 0.0000000000
107775  -41.913  29.276  37.128 0.0000000000
107024  -41.656  28.613  37.485 0.0000000000
106189  -42.254  27.542  38.481 0.0000000000
107011  -44.961  28.688  38.164 0.0000000000
106191  -44.674  28.064  38.721 0.0000000000
107010  -43.786  28.378  38.195 0.0000000000
106190  -43.528  27.576  38.610 0.0000000000
105383  -42.937  26.983  38.791 0.0000000000
105382  -42.313  26.898  38.983 0.0000000000
105353  -42.404  26.123  40.242 0.0000000000
104562  -42.461  25.706  41.645 0.0000000000
104563  -43.277  25.646  41.587 0.0000000000
104552  -42.801  25.866  42.315 0.0000000000
105313  -43.466  26.497  43.469 0.0000000000
105295  -43.749  26.619  44.164 0.0000000000
106125  -44.316  26.745  44.676 0.0000000000
104502  -44.874  25.733  44.666 0.0000000000
103711  -45.116  25.204  44.309 0.0000000000
104535  -47.028  24.686  43.088 0.0000000000
103726  -46.443  24.345  43.299 0.0000000000
102975  -46.606  23.507  43.184 0.0000000000
102177  -47.187  22.841  42.955 0.0000000000
102214  -48.392  21.987  42.066 0.0000000000
101458  -48.574  21.389  41.723 0.0000000000
103010  -48.850  23.771  41.230 0.0000000000
103011  -49.492  23.217  41.473 0.0000000000
102997  -49.608  22.871  42.283 0.0000000000
101477  -50.650  21.461  41.014 0.0000000000
102998  -49.740  22.393  42.437 0.0000000000
101444  -49.929  21.379  41.885 0.0000000000
100628  -49.740  21.098  41.768 0.0000000000
100636  -49.383  20.702  41.476 0.0000000000
97250  -50.108  16.326  40.391 0.0000000000
96381  -49.618  15.444  40.699 0.0000000000
95524  -49.633  14.903  40.851 0.0000000000
95523  -49.259  14.810  40.514 0.0000000000
95511  -48.341  14.452  40.797 0.0000000000
95510  -47.025  14.523  40.736 0.0000000000
96379  -46.807  14.790  40.147 0.0000000000
96389  -46.517  15.042  39.524 0.0000000000
97267  -48.374  16.153  38.757 0.0000000000
96402  -46.902  15.773  38.842 0.0000000000
96401  -45.529  15.510  38.351 0.0000000000
98117  -51.505  17.787  36.180 0.0000000000
98127  -49.663  17.427  35.487 0.0000000000
98145  -50.070  17.503  34.504 0.0000000000
98125  -47.309  17.138  35.499 0.0000000000
97291  -46.515  16.863  35.824 0.0000000000
97281  -45.316  16.287  35.963 0.0000000000
97289  -45.063  16.381  35.337 0.0000000000
96430  -44.272  16.120  34.391 0.0000000000
97323  -44.630  16.712  32.782 0.0000000000
101494  -49.683  22.054  37.896 0.0000000000
100681  -50.185  21.178  37.193 0.0000000000
101503  -48.359  21.212  37.949 0.0000000000
100680  -49.041  20.782  37.761 0.0000000000
99803  -49.641  20.290  37.028 0.0000000000
99842  -50.005  19.380  35.230 0.0000000000
99862  -49.774  19.194  34.025 0.0000000000
99886  -50.407  20.195  31.690 0.0000000000
100697  -45.453  20.257  36.663 0.0000000000
99859  -46.040  19.945  34.178 0.0000000000
99860  -47.222  19.671  34.190 0.0000000000
99840  -47.714  19.314  35.104 0.0000000000
99885  -49.575  20.279  31.738 0.0000000000
100753  -50.034  19.964  30.889 0.0000000000
100763  -49.409  20.025  30.262 0.0000000000
99928  -48.517  19.610  29.535 0.0000000000
99056  -46.857  18.939  30.297 0.0000000000
100781  -46.763  20.107  29.618 0.0000000000
99070  -46.857  19.459  29.755 0.0000000000
98198  -45.847  18.496  30.329 0.0000000000
88946  -46.959  7.713  48.047 0.0000000000
89861  -47.130  8.433  47.900 0.0000000000
89886  -46.930  8.601  46.262 0.0000000000
90810  -46.862  9.134  47.551 0.0000000000
90818  -47.327  9.274  46.733 0.0000000000
91777  -46.643  9.803  47.243 0.0000000000
91778  -47.032  9.729  47.233 0.0000000000
91784  -45.411  9.972  46.389 0.0000000000
91787  -47.223  10.260  46.737 0.0000000000
92786  -46.626  12.143  42.787 0.0000000000
93624  -46.522  11.936  46.407 0.0000000000
93625  -47.148  11.928  46.496 0.0000000000
93641  -47.538  12.144  45.904 0.0000000000
93649  -45.680  12.299  44.979 0.0000000000
93686  -45.084  12.405  41.602 0.0000000000
94551  -47.172  12.497  45.567 0.0000000000
94582  -47.333  12.930  42.458 0.0000000000
94598  -47.076  13.400  42.032 0.0000000000
94612  -48.835  14.220  41.350 0.0000000000
95499  -48.223  14.178  41.490 0.0000000000
95501  -49.354  14.732  41.527 0.0000000000
96369  -49.081  14.895  41.616 0.0000000000
96380  -47.342  14.843  40.159 0.0000000000
96393  -50.591  15.824  39.697 0.0000000000
96404  -49.669  15.529  39.538 0.0000000000
96406  -50.598  15.873  39.256 0.0000000000
96413  -44.565  15.860  36.096 0.0000000000
96418  -44.325  15.984  34.960 0.0000000000
97256  -49.372  15.561  39.402 0.0000000000
97266  -47.378  16.289  38.340 0.0000000000
97268  -49.565  15.804  38.866 0.0000000000
97271  -51.334  16.772  39.208 0.0000000000
97274  -47.017  16.464  37.452 0.0000000000
97284  -47.533  16.876  36.731 0.0000000000
97290  -45.768  16.679  35.613 0.0000000000
97292  -47.086  16.957  36.139 0.0000000000
97302  -44.818  16.397  34.455 0.0000000000
97303  -45.666  16.799  34.819 0.0000000000
97312  -45.437  16.684  34.025 0.0000000000
98069  -43.496  17.024  41.083 0.0000000000
98070  -44.049  16.801  41.192 0.0000000000
98072  -46.233  16.691  41.033 0.0000000000
98096  -50.388  17.628  39.414 0.0000000000
98098  -51.266  17.138  39.233 0.0000000000
98106  -50.462  17.613  39.176 0.0000000000
98110  -50.851  16.979  37.550 0.0000000000
98114  -48.062  17.268  36.203 0.0000000000
98147  -52.073  17.932  34.114 0.0000000000
98157  -46.834  17.438  33.633 0.0000000000
98160  -50.435  17.641  33.609 0.0000000000
98162  -52.164  18.489  33.161 0.0000000000
98163  -52.705  18.891  33.314 0.0000000000
98178  -51.480  18.291  32.654 0.0000000000
98179  -51.897  18.623  32.565 0.0000000000
98199  -46.302  18.711  30.279 0.0000000000
98913  -50.524  19.345  41.090 0.0000000000
98935  -51.095  19.069  40.067 0.0000000000
98941  -50.250  17.776  39.203 0.0000000000
98942  -50.362  18.532  39.235 0.0000000000
98951  -50.328  17.845  38.881 0.0000000000
98952  -50.951  18.181  38.582 0.0000000000
98958  -47.467  18.987  35.835 0.0000000000
98959  -52.113  18.335  36.157 0.0000000000
98960  -52.594  18.747  35.462 0.0000000000
98975  -48.843  19.045  34.774 0.0000000000
98990  -49.167  19.118  34.535 0.0000000000
98991  -49.557  19.130  34.718 0.0000000000
99004  -48.651  17.920  33.038 0.0000000000
99005  -49.286  17.953  32.832 0.0000000000
99007  -52.502  19.209  33.016 0.0000000000
99021  -48.705  18.195  32.203 0.0000000000
99023  -50.927  18.423  32.051 0.0000000000
99024  -51.614  18.692  32.081 0.0000000000
99025  -52.187  18.916  32.428 0.0000000000
99026  -52.139  19.185  32.498 0.0000000000
99037  -46.205  18.172  31.741 0.0000000000
99041  -50.467  18.647  31.328 0.0000000000
99043  -51.567  19.144  31.691 0.0000000000
99055  -46.193  18.923  29.917 0.0000000000
99059  -49.998  19.002  30.674 0.0000000000
99061  -51.234  19.105  31.173 0.0000000000
99068  -45.152  18.798  28.968 0.0000000000
99069  -45.770  19.409  29.457 0.0000000000
99071  -47.697  19.212  29.715 0.0000000000
99072  -48.260  19.065  29.849 0.0000000000
99761  -50.678  19.808  41.361 0.0000000000
99788  -50.808  19.215  39.023 0.0000000000
99804  -50.159  20.642  36.806 0.0000000000
99816  -45.015  19.830  35.826 0.0000000000
99821  -50.425  20.295  36.270 0.0000000000
99822  -51.202  20.522  36.061 0.0000000000
99841  -48.732  19.183  35.307 0.0000000000
99844  -52.027  20.684  35.015 0.0000000000
99857  -44.596  19.969  34.829 0.0000000000
99865  -52.551  19.988  34.517 0.0000000000
99872  -44.229  19.938  33.260 0.0000000000
99873  -46.162  20.358  33.584 0.0000000000
99879  -52.368  19.698  33.633 0.0000000000
99884  -44.113  19.743  33.033 0.0000000000
99901  -51.735  19.311  32.162 0.0000000000
99911  -43.965  19.805  30.909 0.0000000000
99912  -49.004  19.604  29.841 0.0000000000
99913  -49.480  19.671  30.154 0.0000000000
99914  -50.447  19.518  30.633 0.0000000000
99915  -51.085  19.432  31.006 0.0000000000
99926  -46.818  19.840  29.520 0.0000000000
99927  -47.719  19.766  29.274 0.0000000000
99929  -49.027  19.851  29.558 0.0000000000
99939  -45.108  19.749  27.920 0.0000000000
99951  -45.174  20.034  27.810 0.0000000000
100629  -50.006  20.992  41.806 0.0000000000
100638  -50.862  20.412  41.484 0.0000000000
100656  -49.133  20.037  40.811 0.0000000000
100657  -51.061  20.971  40.965 0.0000000000
100658  -51.181  20.449  41.162 0.0000000000
100662  -50.803  21.136  40.630 0.0000000000
100671  -49.529  21.437  37.817 0.0000000000
100672  -49.919  21.637  37.658 0.0000000000
100674  -51.872  20.215  38.088 0.0000000000
100682  -50.777  21.535  36.718 0.0000000000
100698  -46.434  20.045  36.877 0.0000000000
100701  -51.786  21.301  36.050 0.0000000000
100731  -52.249  20.710  34.957 0.0000000000
100742  -48.948  20.194  31.689 0.0000000000
100757  -44.088  19.897  32.338 0.0000000000
100761  -47.534  20.594  30.564 0.0000000000
100762  -48.524  20.428  30.316 0.0000000000
100764  -50.086  19.918  30.689 0.0000000000
100774  -48.929  20.036  29.406 0.0000000000
100778  -43.675  20.213  29.837 0.0000000000
100783  -48.476  20.042  29.067 0.0000000000
100784  -48.831  19.944  29.197 0.0000000000
100794  -43.934  20.315  28.318 0.0000000000
100795  -44.471  20.217  28.043 0.0000000000
100796  -44.899  20.142  27.830 0.0000000000
101435  -48.956  21.972  42.548 0.0000000000
101436  -49.534  21.755  42.323 0.0000000000
101437  -49.823  21.734  42.175 0.0000000000
101443  -49.434  21.518  42.044 0.0000000000
101459  -49.249  21.263  41.809 0.0000000000
101461  -50.991  20.714  41.462 0.0000000000
101492  -48.256  22.042  38.286 0.0000000000
101495  -51.589  21.848  38.417 0.0000000000
101505  -50.685  21.953  36.977 0.0000000000
101519  -43.909  20.980  36.526 0.0000000000
101520  -51.215  21.822  36.555 0.0000000000
101538  -52.387  21.316  35.768 0.0000000000
102180  -49.092  22.259  42.707 0.0000000000
102181  -49.702  22.008  42.473 0.0000000000
102197  -47.874  22.462  42.380 0.0000000000
102198  -48.541  22.227  42.466 0.0000000000
102199  -49.946  22.357  41.863 0.0000000000
102200  -50.046  21.881  42.073 0.0000000000
102215  -49.799  22.651  41.850 0.0000000000
102224  -45.252  22.026  40.906 0.0000000000
102238  -45.761  23.043  37.844 0.0000000000
102239  -47.664  22.970  38.426 0.0000000000
102255  -47.658  22.491  38.339 0.0000000000
102256  -50.607  22.654  37.162 0.0000000000
102270  -51.513  22.058  36.438 0.0000000000
102272  -52.077  22.631  36.320 0.0000000000
102950  -45.970  24.173  43.182 0.0000000000
102951  -46.900  23.852  43.604 0.0000000000
102952  -47.680  23.803  43.907 0.0000000000
102953  -48.101  23.861  43.871 0.0000000000
102978  -49.307  22.887  42.961 0.0000000000
102979  -49.495  22.365  42.655 0.0000000000
102990  -40.459  23.610  42.605 0.0000000000
102995  -45.515  23.390  42.445 0.0000000000
103008  -46.820  24.147  40.986 0.0000000000
103009  -46.999  24.210  40.810 0.0000000000
103016  -46.626  24.326  40.983 0.0000000000
103018  -48.524  23.919  40.886 0.0000000000
103024  -51.444  23.269  38.436 0.0000000000
103030  -45.582  23.191  37.757 0.0000000000
103047  -44.820  23.408  37.588 0.0000000000
103051  -50.449  23.274  37.288 0.0000000000
103052  -50.971  23.273  36.975 0.0000000000
103054  -51.998  23.033  36.516 0.0000000000
103062  -51.821  22.889  36.437 0.0000000000
103063  -52.070  22.857  36.409 0.0000000000
103728  -47.896  24.057  43.920 0.0000000000
103765  -40.879  24.071  42.840 0.0000000000
103771  -48.520  24.355  42.498 0.0000000000
103777  -49.033  24.021  41.913 0.0000000000
103781  -46.482  24.626  40.912 0.0000000000
103788  -50.145  25.643  39.391 0.0000000000
103812  -47.049  24.292  38.141 0.0000000000
104501  -44.125  25.933  45.193 0.0000000000
104519  -46.763  24.467  43.204 0.0000000000
104550  -41.464  25.880  42.349 0.0000000000
104553  -43.583  25.795  42.308 0.0000000000
104557  -47.030  24.732  42.682 0.0000000000
104561  -41.739  25.665  41.754 0.0000000000
104566  -45.993  24.986  41.548 0.0000000000
104589  -46.764  25.521  38.058 0.0000000000
105283  -44.465  26.420  45.016 0.0000000000
105293  -42.414  26.822  44.133 0.0000000000
105297  -44.825  26.333  44.421 0.0000000000
105336  -43.134  26.284  42.861 0.0000000000
105351  -40.291  25.865  40.845 0.0000000000
105360  -49.829  26.607  39.319 0.0000000000
105377  -49.966  26.406  38.738 0.0000000000
105387  -49.434  26.775  38.639 0.0000000000
105408  -43.326  26.397  35.297 0.0000000000
105486  -49.867  26.583  26.036 0.0000000000
105487  -50.082  26.930  25.672 0.0000000000
105500  -47.802  26.529  25.351 0.0000000000
105502  -49.469  26.772  25.350 0.0000000000
105524  -49.269  27.078  24.680 0.0000000000
105525  -49.562  27.489  24.707 0.0000000000
105539  -45.121  26.166  23.974 0.0000000000
105544  -49.441  27.540  24.149 0.0000000000
105545  -49.674  27.707  24.357 0.0000000000
105559  -47.138  26.821  23.249 0.0000000000
105561  -48.334  27.266  23.604 0.0000000000
105570  -46.613  26.823  22.881 0.0000000000
105571  -46.843  26.991  22.994 0.0000000000
106107  -43.042  27.699  45.102 0.0000000000
106109  -44.111  27.137  45.346 0.0000000000
106110  -44.427  26.666  44.867 0.0000000000
106121  -41.821  27.133  44.521 0.0000000000
106122  -42.683  27.261  44.627 0.0000000000
106123  -43.415  27.240  44.639 0.0000000000
106124  -44.041  27.070  44.680 0.0000000000
106174  -41.691  27.125  38.934 0.0000000000
106193  -47.249  28.295  38.519 0.0000000000
106196  -49.322  27.209  38.736 0.0000000000
106209  -42.182  28.168  37.913 0.0000000000
106294  -47.188  28.102  28.121 0.0000000000
106315  -49.666  27.188  26.641 0.0000000000
106332  -47.717  26.965  26.056 0.0000000000
106334  -50.078  27.581  25.608 0.0000000000
106351  -49.495  28.091  24.845 0.0000000000
106352  -49.635  27.730  25.106 0.0000000000
106367  -48.212  27.632  24.035 0.0000000000
106368  -49.098  27.906  23.736 0.0000000000
106370  -49.649  27.819  24.607 0.0000000000
106383  -48.450  27.481  23.804 0.0000000000
106390  -46.653  27.163  22.839 0.0000000000
106391  -46.941  27.201  23.065 0.0000000000
106946  -43.693  27.568  45.438 0.0000000000
107003  -48.383  29.914  39.188 0.0000000000
107015  -48.591  29.972  39.060 0.0000000000
107046  -46.376  27.802  34.443 0.0000000000
107136  -45.748  28.510  28.234 0.0000000000
107167  -48.360  28.537  25.460 0.0000000000
107169  -49.624  28.953  25.798 0.0000000000
107170  -50.218  28.348  26.116 0.0000000000
107188  -49.874  28.202  25.446 0.0000000000
107203  -49.352  28.302  24.303 0.0000000000
107212  -47.583  27.830  23.555 0.0000000000
107216  -46.466  27.450  22.739 0.0000000000
107217  -46.770  27.574  22.913 0.0000000000
107760  -48.517  30.039  39.299 0.0000000000
107766  -48.399  30.208  38.978 0.0000000000
107767  -48.644  30.150  39.077 0.0000000000
107808  -44.602  28.868  32.507 0.0000000000
107812  -44.196  29.323  32.261 0.0000000000
107822  -44.288  29.307  31.912 0.0000000000
107823  -44.437  29.172  31.752 0.0000000000
107840  -50.221  29.603  29.156 0.0000000000
107848  -50.503  29.609  28.550 0.0000000000
107892  -49.888  29.054  25.960 0.0000000000
108416  -48.172  30.401  39.148 0.0000000000
108417  -48.345  30.267  39.315 0.0000000000
108418  -48.537  30.233  39.256 0.0000000000
108423  -48.285  30.379  38.935 0.0000000000
108424  -48.368  30.329  39.115 0.0000000000
108425  -48.451  30.324  39.062 0.0000000000
108434  -47.251  30.569  36.599 0.0000000000
108465  -47.421  30.453  35.177 0.0000000000
108467  -46.983  31.124  34.450 0.0000000000
108471  -45.386  31.084  33.609 0.0000000000
108476  -44.939  30.981  33.281 0.0000000000
108480  -48.664  30.353  31.791 0.0000000000
108481  -49.069  30.255  31.356 0.0000000000
108500  -48.967  30.759  30.156 0.0000000000
108511  -50.331  30.338  28.867 0.0000000000
108541  -49.283  30.725  27.288 0.0000000000
108559  -50.402  30.792  27.221 0.0000000000
109152  -47.461  30.849  36.375 0.0000000000
109171  -47.520  30.802  35.617 0.0000000000
109191  -47.108  31.357  35.572 0.0000000000
109207  -42.011  31.878  33.487 0.0000000000
109212  -46.256  31.410  34.528 0.0000000000
109238  -50.064  31.738  29.095 0.0000000000
109251  -49.944  30.792  28.972 0.0000000000
109270  -48.254  31.686  28.326 0.0000000000
109283  -47.925  30.860  28.212 0.0000000000
109285  -49.752  31.328  27.523 0.0000000000
109286  -50.352  31.352  27.765 0.0000000000
109295  -50.305  31.109  27.264 0.0000000000
109897  -34.031  33.270  36.431 0.0000000000
109926  -37.616  33.000  34.394 0.0000000000
109938  -38.881  33.360  33.415 0.0000000000
109974  -49.502  32.166  29.539 0.0000000000
109976  -50.206  32.020  29.052 0.0000000000
109990  -50.154  31.727  28.841 0.0000000000
110006  -48.785  32.177  28.264 0.0000000000
110007  -50.058  31.748  28.609 0.0000000000
110016  -49.284  31.882  28.197 0.0000000000
110692  -35.557  34.070  34.555 0.0000000000
110705  -37.645  34.045  33.327 0.0000000000
110725  -46.502  33.792  30.949 0.0000000000
110737  -49.227  33.886  29.750 0.0000000000
110752  -49.217  32.726  29.577 0.0000000000
110754  -49.985  32.427  29.176 0.0000000000
110796  -50.206  32.563  28.863 0.0000000000
110809  -48.860  32.423  28.209 0.0000000000
110810  -49.391  32.448  28.437 0.0000000000
110811  -49.704  32.349  28.583 0.0000000000
111458  -34.699  34.764  34.765 0.0000000000
111459  -35.388  34.891  34.100 0.0000000000
111461  -36.839  34.119  34.005 0.0000000000
111464  -36.135  35.063  33.523 0.0000000000
111487  -46.851  34.054  30.820 0.0000000000
111517  -49.252  34.021  29.347 0.0000000000
111535  -49.276  33.732  28.895 0.0000000000
112257  -34.242  35.344  36.095 0.0000000000
112267  -40.233  36.360  32.459 0.0000000000
112275  -36.558  35.989  32.924 0.0000000000
112283  -44.150  35.634  32.307 0.0000000000
112287  -48.074  35.979  31.328 0.0000000000
112290  -47.725  35.102  31.103 0.0000000000
112292  -48.937  34.805  30.380 0.0000000000
112312  -48.621  35.326  29.675 0.0000000000
112993  -34.777  35.862  36.460 0.0000000000
113006  -35.075  36.424  34.294 0.0000000000
113011  -36.454  36.666  33.329 0.0000000000
113013  -39.771  37.044  32.637 0.0000000000
113014  -40.156  36.810  32.580 0.0000000000
113019  -44.865  36.871  32.398 0.0000000000
113023  -37.007  36.334  32.943 0.0000000000
113026  -39.396  36.728  32.532 0.0000000000
113028  -45.366  36.595  32.293 0.0000000000
113031  -47.742  36.458  31.416 0.0000000000
113043  -48.176  36.314  30.718 0.0000000000
113693  -35.999  37.528  33.691 0.0000000000
113700  -42.575  38.112  32.793 0.0000000000
113708  -38.183  36.853  32.781 0.0000000000
113709  -38.656  37.110  32.687 0.0000000000
113710  -39.162  37.319  32.644 0.0000000000
113712  -47.411  37.294  31.404 0.0000000000
113713  -47.906  36.829  31.194 0.0000000000
113718  -47.993  36.985  31.016 0.0000000000
113740  -47.744  36.895  30.664 0.0000000000
114316  -35.445  38.611  34.844 0.0000000000
114336  -46.239  38.412  32.039 0.0000000000
114339  -46.226  37.944  31.989 0.0000000000
114340  -46.666  38.092  31.663 0.0000000000
114975  -46.616  38.646  31.570 0.0000000000
