#!ascii label  , from subject sub-01 vox2ras=TkReg
899
76709  -24.097  -5.706  -13.509 0.5555555820
76710  -24.846  -5.708  -13.630 0.6666666865
77829  -25.194  -4.785  -14.039 0.7777777910
77830  -26.106  -4.600  -14.774 0.7777777910
79940  -25.724  -2.766  -14.759 0.8888888955
78907  -27.520  -3.565  -15.281 0.8888888955
75651  -23.832  -6.528  -13.254 0.5555555820
77828  -24.272  -4.502  -14.018 0.6666666865
78890  -24.409  -3.794  -14.316 0.8888888955
77841  -26.653  -4.127  -14.890 0.8888888955
79941  -26.401  -2.829  -15.162 0.8888888955
80973  -26.956  -1.878  -15.535 1.0000000000
79955  -27.797  -2.711  -15.487 0.8888888955
80974  -28.115  -1.805  -15.637 1.0000000000
78876  -23.248  -3.747  -13.524 0.7777777910
79928  -24.104  -2.415  -14.097 1.0000000000
81925  -24.213  -1.239  -13.928 1.0000000000
80960  -25.177  -1.844  -14.742 1.0000000000
81940  -25.444  -0.960  -15.085 1.0000000000
81954  -26.369  -0.974  -15.498 1.0000000000
82983  -25.022  -0.385  -14.881 1.0000000000
83002  -27.923  0.047  -15.602 1.0000000000
83000  -25.573  0.238  -15.169 1.0000000000
83001  -26.871  0.154  -15.489 1.0000000000
84037  -27.522  1.096  -15.608 1.0000000000
84020  -28.392  1.363  -15.187 0.7777777910
81923  -22.517  -0.569  -13.513 0.8888888955
81938  -24.028  -0.206  -14.359 1.0000000000
82999  -24.613  0.990  -14.787 1.0000000000
84036  -26.372  1.317  -15.539 1.0000000000
85005  -27.031  2.219  -15.405 1.0000000000
84019  -27.684  1.732  -15.286 1.0000000000
84988  -27.888  2.305  -14.944 1.0000000000
84989  -28.884  2.185  -14.613 0.7777777910
84990  -30.042  2.268  -14.870 0.7777777910
82980  -23.026  1.071  -13.715 0.5555555820
84985  -23.398  2.838  -14.158 0.7777777910
84017  -23.405  1.806  -13.796 0.8888888955
84034  -24.537  2.017  -14.700 1.0000000000
84035  -25.342  1.638  -15.297 1.0000000000
85003  -25.192  2.773  -15.133 1.0000000000
85004  -26.001  2.486  -15.595 1.0000000000
85938  -26.548  3.341  -15.443 1.0000000000
85939  -27.358  3.266  -15.216 0.8888888955
85923  -28.226  3.291  -14.654 0.8888888955
86833  -29.780  3.940  -14.267 0.7777777910
85925  -30.385  3.104  -14.777 0.6666666865
84970  -21.689  2.840  -13.035 0.4444444478
84984  -22.615  2.616  -13.611 0.7777777910
85919  -22.652  3.687  -13.940 0.6666666865
85920  -23.649  3.742  -14.516 0.7777777910
85921  -24.451  3.783  -14.789 0.8888888955
85922  -25.142  3.767  -14.977 0.8888888955
86844  -25.317  4.653  -15.462 1.0000000000
86845  -26.345  4.532  -15.394 1.0000000000
86846  -26.909  3.906  -15.301 1.0000000000
86831  -27.405  4.446  -14.921 0.8888888955
86832  -28.666  4.460  -14.177 0.7777777910
86834  -30.746  3.826  -14.400 0.5555555820
86816  -28.970  4.784  -13.812 0.7777777910
86817  -29.400  4.631  -13.767 0.6666666865
86815  -21.841  4.661  -13.567 0.6666666865
85906  -22.082  4.151  -13.785 0.6666666865
86827  -23.221  4.607  -14.443 0.7777777910
86826  -22.513  4.664  -13.947 0.7777777910
86828  -24.122  4.647  -14.849 0.8888888955
86843  -24.661  4.977  -15.357 0.8888888955
87735  -24.390  5.565  -14.991 1.0000000000
87746  -24.965  5.640  -15.409 1.0000000000
87747  -25.689  5.577  -15.393 1.0000000000
87736  -27.007  5.557  -14.654 0.8888888955
87737  -27.884  5.401  -14.424 0.8888888955
87738  -28.419  5.298  -14.103 0.7777777910
88656  -26.555  6.475  -14.687 0.8888888955
88657  -27.377  6.494  -14.169 0.7777777910
87725  -28.043  5.815  -13.780 0.7777777910
87727  -29.899  5.168  -13.322 0.7777777910
87723  -21.591  5.472  -13.241 0.6666666865
86814  -21.305  4.640  -12.981 0.5555555820
87724  -22.323  5.487  -13.671 0.7777777910
87733  -22.964  5.504  -14.237 0.8888888955
88655  -24.051  6.180  -14.735 0.8888888955
88667  -24.588  6.538  -15.036 1.0000000000
88669  -25.939  6.490  -15.131 1.0000000000
87748  -26.345  5.599  -15.059 0.8888888955
88643  -27.825  6.440  -13.593 0.7777777910
89573  -28.677  7.121  -12.599 0.7777777910
88645  -29.332  6.026  -12.786 0.6666666865
88646  -30.553  5.976  -12.848 0.5555555820
88642  -22.035  6.356  -13.430 0.7777777910
88641  -21.396  6.339  -12.847 0.6666666865
88653  -22.694  6.399  -13.974 0.8888888955
88666  -23.978  6.842  -14.840 1.0000000000
89592  -24.931  7.442  -15.363 1.0000000000
89594  -26.181  7.363  -14.919 0.8888888955
90513  -26.923  7.993  -14.380 0.8888888955
89572  -27.798  7.245  -13.445 0.7777777910
90498  -28.404  8.467  -13.128 0.7777777910
89574  -29.825  6.985  -12.361 0.5555555820
89560  -29.303  8.052  -12.398 0.5555555820
89575  -30.907  7.086  -12.372 0.5555555820
90480  -29.080  8.981  -12.584 0.6666666865
89543  -19.641  7.208  -11.297 0.4444444478
89569  -21.122  7.289  -12.565 0.5555555820
90509  -22.477  8.212  -14.017 0.7777777910
89583  -23.570  7.472  -14.790 1.0000000000
89582  -22.877  7.350  -14.366 0.8888888955
90523  -23.780  8.309  -15.170 1.0000000000
90525  -25.370  8.380  -15.300 0.8888888955
90511  -25.521  8.866  -14.884 0.8888888955
90526  -25.891  7.913  -15.123 0.8888888955
90512  -26.225  8.457  -14.635 0.8888888955
90497  -27.184  8.466  -13.837 0.8888888955
90481  -29.645  8.802  -11.846 0.5555555820
92444  -22.255  10.501  -13.470 0.6666666865
91442  -21.060  9.235  -12.801 0.6666666865
92459  -22.820  10.097  -13.875 0.7777777910
92476  -24.328  9.554  -15.104 0.8888888955
92461  -24.398  10.180  -14.926 0.7777777910
91462  -25.060  9.804  -15.187 0.7777777910
91476  -25.224  9.175  -15.105 0.8888888955
92463  -25.775  10.479  -14.312 0.7777777910
90496  -26.555  8.995  -14.043 0.8888888955
92446  -26.407  10.430  -13.806 0.7777777910
91445  -26.830  9.564  -13.743 0.7777777910
91446  -27.680  9.540  -13.354 0.6666666865
93356  -27.248  11.373  -13.081 0.6666666865
92448  -27.775  10.554  -12.752 0.6666666865
91447  -28.466  9.694  -12.740 0.6666666865
93357  -28.089  11.675  -12.641 0.6666666865
92429  -28.687  10.831  -12.333 0.5555555820
92430  -30.170  10.920  -11.898 0.5555555820
94220  -21.720  13.121  -11.229 0.3333333433
94236  -21.495  12.294  -11.581 0.3333333433
93352  -22.583  11.521  -13.426 0.5555555820
94254  -23.051  12.342  -13.342 0.5555555820
93353  -23.485  11.295  -13.850 0.7777777910
93371  -24.535  11.233  -14.388 0.7777777910
94274  -25.566  12.038  -13.875 0.6666666865
93372  -25.337  11.337  -14.305 0.6666666865
93373  -26.024  11.382  -13.841 0.6666666865
94257  -27.504  12.309  -13.013 0.6666666865
94238  -28.447  12.477  -12.434 0.6666666865
93338  -29.113  11.802  -12.340 0.5555555820
94224  -29.817  12.709  -11.488 0.5555555820
94239  -29.081  12.656  -11.880 0.6666666865
95115  -21.987  13.697  -11.734 0.4444444478
95104  -22.097  13.551  -11.137 0.4444444478
95130  -22.203  13.255  -12.391 0.4444444478
95131  -22.748  13.522  -12.262 0.5555555820
95154  -22.670  13.024  -12.759 0.5555555820
95176  -24.425  12.899  -13.581 0.6666666865
94255  -24.032  12.038  -13.668 0.6666666865
95177  -25.217  12.818  -13.602 0.6666666865
94275  -26.033  12.042  -13.764 0.6666666865
94256  -26.584  12.195  -13.494 0.6666666865
95159  -27.860  12.942  -12.657 0.6666666865
95135  -28.566  13.504  -12.335 0.6666666865
95136  -29.423  13.549  -11.718 0.5555555820
95132  -23.661  13.934  -12.250 0.4444444478
95156  -24.662  13.894  -13.101 0.6666666865
95157  -25.970  13.363  -13.325 0.6666666865
95178  -25.863  12.474  -13.569 0.6666666865
78891  -25.384  -3.742  -14.596 0.8888888955
78889  -23.733  -3.484  -14.101 1.0000000000
79939  -24.778  -2.773  -14.403 1.0000000000
85905  -21.667  3.667  -13.224 0.5555555820
86830  -26.744  5.020  -15.005 0.8888888955
87722  -20.970  5.443  -12.646 0.5555555820
90476  -20.201  8.359  -11.652 0.5555555820
89591  -24.193  7.499  -15.223 1.0000000000
89585  -27.203  7.530  -14.086 0.8888888955
89542  -19.341  7.598  -10.897 0.2222222239
92462  -25.099  10.460  -14.708 0.7777777910
91431  -29.133  9.777  -11.978 0.4444444478
95155  -23.510  13.266  -13.140 0.6666666865
85904  -21.139  4.091  -12.705 0.4444444478
86813  -20.763  4.547  -12.445 0.4444444478
94225  -30.541  12.707  -11.132 0.5555555820
95105  -22.615  13.329  -11.050 0.2222222239
95116  -22.660  13.734  -11.602 0.3333333433
95119  -30.054  13.294  -11.367 0.5555555820
74619  -24.610  -7.554  -13.467 0.5555555820
74620  -25.532  -7.436  -13.768 0.5555555820
76722  -25.985  -5.612  -14.408 0.5555555820
77843  -27.881  -4.443  -15.335 0.7777777910
74597  -23.755  -7.580  -12.982 0.5555555820
76723  -26.889  -5.419  -14.680 0.6666666865
77831  -26.856  -4.659  -14.840 0.6666666865
77842  -27.248  -4.293  -15.080 0.8888888955
78908  -28.455  -3.585  -15.281 0.7777777910
79956  -28.684  -2.681  -16.016 0.7777777910
80975  -29.003  -1.737  -16.177 0.8888888955
75632  -22.729  -6.614  -11.809 0.4444444478
77812  -22.850  -4.772  -12.931 0.5555555820
81956  -28.471  -0.872  -15.646 1.0000000000
78875  -22.594  -3.648  -12.703 0.2222222239
79926  -22.659  -2.733  -13.245 0.6666666865
83003  -28.783  -0.048  -15.550 0.8888888955
84039  -28.936  0.581  -15.196 0.6666666865
80947  -22.720  -1.633  -13.441 0.5555555820
82965  -21.652  0.017  -12.971 0.4444444478
85940  -30.559  2.884  -14.990 0.5555555820
86835  -31.439  4.301  -14.890 0.5555555820
83985  -21.960  1.456  -12.713 0.2222222239
86819  -31.017  4.417  -14.167 0.5555555820
85889  -21.421  3.098  -12.607 0.4444444478
87739  -31.348  5.562  -13.964 0.5555555820
86780  -20.596  4.669  -11.789 0.3333333433
88658  -31.188  5.802  -13.512 0.5555555820
88632  -20.427  6.415  -11.883 0.4444444478
89576  -31.734  7.650  -12.943 0.4444444478
88602  -19.567  7.021  -10.859 0.3333333433
89562  -31.131  8.190  -12.128 0.5555555820
91433  -31.211  9.644  -11.745 0.4444444478
94219  -21.176  12.351  -10.776 0.3333333433
93319  -21.109  11.834  -11.317 0.3333333433
93337  -21.014  11.416  -12.070 0.4444444478
92431  -30.809  10.473  -11.404 0.4444444478
93325  -30.922  12.158  -11.078 0.4444444478
94226  -31.440  12.643  -11.207 0.2222222239
95992  -26.516  14.012  -13.127 0.6666666865
95158  -27.033  13.309  -13.007 0.6666666865
95134  -27.737  13.779  -12.666 0.6666666865
95972  -28.139  14.600  -12.532 0.6666666865
95973  -29.218  14.547  -12.171 0.6666666865
95974  -29.639  14.184  -11.710 0.6666666865
95137  -29.959  13.893  -11.455 0.4444444478
95120  -30.794  13.631  -11.380 0.3333333433
76708  -23.445  -5.698  -13.086 0.5555555820
75652  -24.420  -6.518  -13.539 0.5555555820
75653  -25.082  -6.606  -13.835 0.6666666865
75662  -25.826  -6.540  -14.082 0.6666666865
77814  -24.441  -5.061  -13.720 0.6666666865
78892  -26.199  -3.602  -14.852 0.8888888955
79954  -26.987  -2.819  -15.389 1.0000000000
74618  -24.100  -7.052  -13.415 0.5555555820
75633  -23.357  -6.612  -12.552 0.4444444478
76690  -23.002  -5.741  -12.253 0.5555555820
77813  -23.640  -4.835  -13.707 0.6666666865
78877  -23.817  -4.093  -14.033 0.8888888955
78906  -26.813  -3.545  -15.160 0.8888888955
80962  -26.593  -2.353  -15.381 1.0000000000
80961  -26.126  -1.891  -15.268 1.0000000000
80972  -26.453  -1.578  -15.516 1.0000000000
81955  -27.455  -0.881  -15.523 1.0000000000
79938  -24.016  -3.038  -14.293 1.0000000000
79927  -23.420  -2.695  -13.838 0.8888888955
80948  -23.814  -1.735  -13.761 0.8888888955
80949  -24.489  -1.808  -14.190 1.0000000000
81924  -23.591  -0.675  -13.825 1.0000000000
81939  -24.545  -0.880  -14.514 1.0000000000
82982  -24.559  0.074  -14.650 1.0000000000
84038  -28.322  0.634  -15.573 0.8888888955
82967  -22.871  -0.038  -13.895 1.0000000000
80946  -22.157  -1.056  -13.271 0.6666666865
82981  -23.541  0.637  -14.282 0.8888888955
85924  -29.320  3.206  -14.543 0.7777777910
82948  -21.943  0.964  -12.953 0.5555555820
82966  -22.292  0.504  -13.398 0.5555555820
84004  -22.101  1.428  -13.123 0.6666666865
84016  -22.578  1.608  -13.421 0.6666666865
84018  -23.911  2.237  -14.313 0.8888888955
84986  -24.202  2.930  -14.599 0.8888888955
82998  -24.138  1.302  -14.555 0.8888888955
84033  -23.896  1.594  -14.367 1.0000000000
84987  -24.768  3.195  -14.821 0.8888888955
85926  -31.214  3.272  -15.073 0.5555555820
86818  -30.279  4.456  -13.872 0.6666666865
85918  -22.232  3.220  -13.532 0.5555555820
84951  -21.744  2.441  -12.484 0.3333333433
84971  -22.046  2.237  -13.177 0.4444444478
86829  -24.751  4.385  -15.109 0.8888888955
85937  -25.758  3.601  -15.459 1.0000000000
87726  -28.898  5.320  -13.639 0.7777777910
87728  -30.922  5.094  -13.735 0.5555555820
87734  -23.693  5.485  -14.629 0.8888888955
88644  -28.405  6.312  -13.273 0.7777777910
88654  -23.401  6.463  -14.521 0.8888888955
88668  -25.277  6.512  -15.217 1.0000000000
89593  -25.585  7.363  -15.144 0.8888888955
88647  -31.490  6.431  -13.042 0.5555555820
88640  -20.684  6.351  -12.317 0.5555555820
89570  -21.668  7.234  -13.303 0.6666666865
89584  -26.773  7.405  -14.530 0.8888888955
89561  -30.249  7.960  -12.022 0.5555555820
89556  -20.326  7.288  -11.822 0.5555555820
90494  -21.500  8.265  -13.141 0.5555555820
90510  -23.146  8.300  -14.585 1.0000000000
91459  -22.392  8.836  -13.732 0.7777777910
90508  -22.099  8.519  -13.566 0.7777777910
91475  -24.737  9.234  -15.246 0.8888888955
91461  -23.586  9.128  -14.711 0.7777777910
90482  -30.771  8.943  -11.762 0.5555555820
92428  -20.581  10.567  -12.287 0.5555555820
92442  -20.674  9.905  -12.433 0.5555555820
93351  -21.721  11.494  -12.968 0.4444444478
91444  -22.499  9.803  -13.686 0.6666666865
92445  -22.964  10.719  -13.768 0.6666666865
91460  -22.777  9.256  -14.103 0.7777777910
90493  -20.785  8.271  -12.353 0.7777777910
91427  -20.494  9.170  -12.062 0.6666666865
93370  -23.967  10.916  -14.466 0.7777777910
91464  -26.217  9.581  -14.216 0.7777777910
92447  -27.027  10.407  -13.268 0.6666666865
92419  -30.552  11.346  -11.256 0.4444444478
91432  -30.168  9.734  -11.566 0.4444444478
92418  -30.113  11.608  -11.476 0.5555555820
94252  -21.648  12.163  -12.309 0.4444444478
94253  -22.177  12.549  -12.815 0.5555555820
93354  -24.026  11.378  -14.129 0.7777777910
87712  -20.491  5.467  -12.003 0.4444444478
90463  -19.437  8.471  -11.053 0.3333333433
85888  -20.844  3.544  -12.337 0.4444444478
86799  -20.484  4.288  -12.012 0.4444444478
95959  -31.338  14.607  -11.473 0.3333333433
77832  -28.611  -4.740  -15.267 0.6666666865
74598  -24.277  -8.120  -13.082 0.5555555820
81957  -29.300  -0.797  -15.713 0.7777777910
74596  -22.879  -7.534  -12.291 0.3333333433
84021  -29.606  1.140  -14.951 0.6666666865
84952  -21.962  1.946  -12.892 0.3333333433
82947  -21.705  0.544  -12.551 0.1111111119
83984  -22.076  1.554  -12.388 0.1111111119
85867  -20.785  3.574  -11.684 0.4444444478
93335  -19.880  10.500  -11.487 0.3333333433
95958  -30.171  14.680  -11.716 0.4444444478
73539  -27.898  -8.107  -13.591 0.4444444478
72466  -29.904  -8.716  -11.696 0.2222222239
73537  -25.307  -8.442  -13.498 0.4444444478
72493  -26.590  -8.632  -13.541 0.4444444478
74630  -26.307  -7.316  -14.065 0.4444444478
74621  -27.927  -7.578  -14.176 0.4444444478
74622  -28.357  -7.261  -13.941 0.4444444478
74599  -29.484  -7.046  -13.028 0.2222222239
75663  -26.565  -6.441  -14.390 0.4444444478
75664  -27.373  -6.414  -14.560 0.4444444478
75665  -28.159  -6.565  -14.496 0.4444444478
75635  -29.982  -6.265  -12.706 0.1111111119
76693  -30.541  -5.726  -12.374 0.1111111119
75666  -28.617  -6.352  -14.348 0.4444444478
75634  -29.699  -6.000  -13.468 0.3333333433
76725  -28.795  -5.722  -14.715 0.3333333433
76711  -29.605  -5.423  -14.162 0.3333333433
76692  -30.233  -5.339  -13.346 0.2222222239
76724  -27.842  -5.437  -15.118 0.4444444478
77834  -29.627  -4.124  -14.596 0.2222222239
78878  -30.353  -3.525  -13.693 0.1111111119
78867  -31.177  -3.473  -12.801 0.1111111119
78895  -29.923  -3.586  -14.591 0.3333333433
78909  -29.034  -3.187  -15.790 0.4444444478
79957  -29.563  -2.631  -15.788 0.5555555820
79958  -29.994  -2.026  -15.415 0.6666666865
80963  -30.806  -1.264  -14.715 0.4444444478
80976  -29.707  -1.541  -15.688 0.6666666865
81960  -30.935  0.145  -14.719 0.3333333433
81958  -30.018  -0.623  -15.467 0.6666666865
83005  -30.503  0.174  -15.067 0.5555555820
83006  -30.784  0.582  -15.259 0.5555555820
82986  -31.196  0.905  -15.028 0.3333333433
83004  -29.697  0.026  -15.117 0.5555555820
84023  -31.259  1.428  -14.883 0.4444444478
84991  -30.918  2.368  -14.984 0.5555555820
95971  -27.041  14.548  -12.684 0.5555555820
96826  -29.333  15.350  -12.167 0.5555555820
72485  -27.581  -9.047  -13.533 0.4444444478
73541  -29.240  -7.944  -13.150 0.2222222239
77798  -30.449  -4.470  -13.428 0.2222222239
79942  -29.886  -3.139  -15.192 0.4444444478
79929  -30.518  -2.799  -13.863 0.3333333433
80977  -30.354  -1.384  -15.339 0.4444444478
84992  -31.853  2.536  -15.051 0.4444444478
87729  -31.269  4.748  -14.394 0.4444444478
96823  -26.919  15.346  -12.571 0.5555555820
96843  -26.931  15.792  -12.556 0.5555555820
80964  -31.226  -1.641  -14.270 0.2222222239
71443  -26.578  -10.245  -13.560 0.4444444478
71444  -27.442  -10.177  -13.490 0.4444444478
71445  -27.897  -9.703  -13.446 0.4444444478
72465  -29.320  -9.454  -11.926 0.2222222239
73519  -24.575  -8.676  -13.317 0.4444444478
72483  -26.036  -9.260  -13.426 0.4444444478
74600  -30.087  -7.204  -12.347 0.1111111119
75636  -30.427  -6.551  -12.194 0.1111111119
75616  -30.863  -6.344  -11.742 0.1111111119
77799  -30.850  -4.700  -12.745 0.1111111119
77783  -31.382  -4.411  -12.252 0.1111111119
78868  -31.530  -2.825  -12.326 0.1111111119
79919  -31.442  -2.304  -12.874 0.1111111119
80950  -31.424  -1.517  -13.586 0.2222222239
81961  -31.583  0.120  -14.622 0.1111111119
81942  -31.334  -0.659  -14.290 0.2222222239
84024  -31.740  1.519  -14.778 0.2222222239
85927  -32.325  3.779  -15.361 0.4444444478
86847  -32.166  4.644  -15.154 0.3333333433
87749  -32.411  5.278  -14.971 0.3333333433
87740  -31.676  5.166  -14.461 0.4444444478
92427  -20.225  10.047  -11.768 0.4444444478
95133  -24.318  14.399  -12.480 0.4444444478
95957  -29.701  15.091  -12.144 0.5555555820
95991  -25.921  14.636  -12.881 0.5555555820
95970  -26.568  15.035  -12.654 0.5555555820
96824  -27.542  15.746  -12.607 0.5555555820
97653  -28.210  16.588  -12.184 0.5555555820
96814  -29.029  15.985  -11.705 0.5555555820
96842  -26.366  15.591  -12.588 0.5555555820
73538  -26.095  -8.167  -13.646 0.4444444478
76738  -27.293  -4.934  -15.062 0.5555555820
76739  -27.560  -4.811  -15.270 0.5555555820
82984  -30.477  0.561  -15.205 0.5555555820
84022  -30.648  1.320  -14.975 0.5555555820
92420  -31.201  11.125  -11.130 0.3333333433
78893  -28.888  -4.135  -14.963 0.3333333433
72495  -27.466  -8.229  -13.726 0.4444444478
73540  -28.577  -8.079  -13.304 0.4444444478
73520  -28.975  -8.756  -12.843 0.3333333433
72486  -28.269  -9.122  -13.261 0.4444444478
73521  -29.538  -8.132  -12.342 0.1111111119
73548  -26.734  -7.981  -13.972 0.4444444478
72484  -26.898  -9.332  -13.546 0.4444444478
72494  -27.100  -8.486  -13.643 0.4444444478
74631  -26.966  -7.309  -14.466 0.4444444478
73549  -27.255  -7.896  -14.161 0.4444444478
74632  -27.643  -7.320  -14.438 0.4444444478
74633  -28.055  -7.246  -14.390 0.4444444478
74623  -28.846  -7.315  -13.334 0.4444444478
75655  -28.971  -6.454  -13.876 0.4444444478
77816  -30.012  -4.637  -14.163 0.3333333433
77833  -29.336  -4.683  -14.690 0.3333333433
76712  -30.040  -5.275  -13.928 0.2222222239
78879  -30.707  -3.010  -13.467 0.1111111119
78866  -30.628  -4.034  -13.097 0.1111111119
79930  -31.096  -2.446  -13.838 0.1111111119
78894  -29.324  -3.605  -15.082 0.3333333433
81941  -30.823  -0.416  -14.667 0.3333333433
79943  -30.398  -2.510  -14.760 0.4444444478
79944  -31.124  -2.067  -14.582 0.3333333433
81943  -32.114  -0.185  -14.219 0.1111111119
81959  -30.311  -0.200  -14.856 0.4444444478
82985  -31.070  0.629  -15.319 0.5555555820
83007  -31.159  0.722  -14.858 0.3333333433
84972  -32.425  3.141  -15.190 0.4444444478
96825  -28.584  15.455  -12.265 0.5555555820
97667  -26.773  16.419  -12.613 0.5555555820
72464  -28.679  -9.649  -12.676 0.4444444478
72482  -25.068  -9.524  -13.605 0.4444444478
74601  -30.549  -7.161  -11.776 0.1111111119
73522  -30.145  -7.903  -11.733 0.1111111119
76673  -31.137  -5.286  -11.768 0.1111111119
63509  -28.439  -16.491  -10.667 0.1111111119
67038  -25.362  -14.364  -12.336 0.3333333433
65798  -27.180  -15.123  -11.232 0.2222222239
64663  -27.869  -15.971  -11.006 0.2222222239
64664  -28.570  -15.666  -10.620 0.1111111119
69327  -23.229  -12.385  -12.230 0.3333333433
67037  -24.321  -14.255  -12.454 0.3333333433
67039  -26.324  -14.247  -12.205 0.3333333433
67028  -26.649  -13.730  -12.094 0.3333333433
67030  -27.744  -14.208  -11.194 0.2222222239
65799  -28.011  -15.044  -10.687 0.2222222239
65800  -28.596  -15.023  -10.585 0.1111111119
71419  -23.131  -10.507  -12.271 0.2222222239
70408  -23.654  -11.446  -12.351 0.2222222239
69328  -24.233  -12.384  -12.427 0.3333333433
68248  -24.758  -13.380  -12.681 0.3333333433
68249  -25.750  -13.347  -12.661 0.3333333433
67031  -28.645  -14.314  -10.858 0.1111111119
72461  -22.723  -9.484  -12.078 0.2222222239
71420  -24.038  -10.502  -12.699 0.3333333433
70409  -24.616  -11.403  -12.612 0.3333333433
71441  -24.943  -10.561  -13.166 0.3333333433
69329  -25.281  -12.261  -12.828 0.3333333433
69351  -25.534  -11.707  -13.073 0.3333333433
69331  -26.893  -12.096  -13.133 0.3333333433
69353  -26.299  -11.968  -13.278 0.3333333433
69313  -27.231  -12.731  -12.296 0.3333333433
69332  -27.747  -11.996  -12.623 0.3333333433
69314  -27.987  -12.658  -11.944 0.3333333433
69315  -28.714  -12.513  -11.526 0.2222222239
73517  -23.159  -8.543  -12.501 0.2222222239
72462  -23.549  -9.553  -12.624 0.2222222239
72463  -24.295  -9.604  -13.220 0.3333333433
71442  -25.739  -10.371  -13.490 0.3333333433
70434  -25.617  -11.206  -13.231 0.3333333433
70436  -26.968  -10.845  -13.410 0.3333333433
70410  -26.937  -11.345  -13.285 0.3333333433
69333  -28.396  -11.903  -12.073 0.3333333433
69334  -29.014  -11.843  -11.788 0.1111111119
73516  -22.131  -8.435  -12.255 0.3333333433
70411  -27.512  -11.085  -13.137 0.3333333433
71421  -27.704  -10.543  -13.280 0.3333333433
71422  -28.139  -10.304  -13.141 0.3333333433
85907  -32.824  3.430  -15.181 0.2222222239
88648  -31.893  6.899  -13.735 0.3333333433
88659  -31.600  6.124  -14.095 0.2222222239
65805  -25.924  -14.822  -12.065 0.3333333433
67040  -26.632  -14.745  -11.550 0.3333333433
69330  -26.112  -12.481  -13.019 0.3333333433
68250  -26.537  -13.139  -12.504 0.3333333433
68236  -26.882  -13.359  -11.941 0.3333333433
70412  -28.308  -11.248  -12.665 0.3333333433
63508  -27.744  -17.082  -10.779 0.1111111119
63496  -28.668  -17.323  -10.421 0.1111111119
67026  -23.953  -14.881  -11.921 0.3333333433
67027  -24.759  -14.896  -12.006 0.3333333433
65796  -25.563  -15.394  -11.757 0.3333333433
64669  -26.514  -15.748  -11.504 0.3333333433
64662  -27.069  -16.140  -11.417 0.3333333433
64649  -29.298  -16.276  -10.398 0.1111111119
68247  -23.695  -13.387  -12.436 0.3333333433
70407  -22.710  -11.490  -12.062 0.2222222239
65786  -29.211  -15.048  -10.494 0.1111111119
71418  -22.272  -10.515  -11.616 0.2222222239
68239  -29.223  -13.315  -11.063 0.1111111119
69316  -29.537  -12.188  -11.312 0.1111111119
70413  -28.859  -11.381  -12.180 0.1111111119
71423  -28.887  -10.546  -12.297 0.1111111119
74595  -21.885  -7.388  -12.036 0.1111111119
85943  -32.886  4.402  -15.385 0.2222222239
89577  -32.243  7.691  -14.062 0.2222222239
73518  -23.929  -8.686  -12.972 0.4444444478
88671  -32.789  5.847  -14.925 0.2222222239
63497  -29.593  -17.270  -9.744 0.1111111119
65797  -26.152  -15.642  -11.585 0.3333333433
64670  -26.769  -15.496  -11.458 0.3333333433
68246  -22.955  -13.077  -12.066 0.2222222239
67036  -23.556  -14.234  -12.293 0.3333333433
67029  -26.826  -14.029  -11.479 0.3333333433
68237  -27.421  -13.304  -11.547 0.2222222239
67016  -29.341  -14.139  -10.624 0.1111111119
68238  -28.278  -13.356  -11.295 0.1111111119
70433  -25.273  -11.400  -12.875 0.3333333433
70435  -26.357  -11.271  -13.387 0.3333333433
62335  -27.483  -17.690  -10.435 0.1111111119
65795  -24.550  -15.649  -11.681 0.3333333433
64661  -26.170  -16.220  -11.438 0.3333333433
85928  -33.241  4.001  -15.270 0.1111111119
85908  -33.222  3.635  -14.643 0.1111111119
86822  -34.084  4.795  -13.867 0.1111111119
86821  -33.432  4.300  -14.463 0.1111111119
87741  -33.720  5.636  -14.735 0.1111111119
87742  -34.169  5.512  -14.323 0.1111111119
88670  -32.215  5.786  -14.544 0.1111111119
88661  -33.280  6.392  -15.086 0.1111111119
90483  -31.620  8.804  -12.149 0.2222222239
88660  -32.425  6.617  -14.469 0.1111111119
89586  -32.917  7.545  -14.699 0.1111111119
91434  -32.069  9.547  -12.194 0.1111111119
93326  -31.701  11.636  -11.418 0.1111111119
92433  -32.846  10.162  -12.431 0.1111111119
96822  -24.471  15.613  -12.244 0.4444444478
95990  -24.859  14.809  -12.462 0.4444444478
94240  -32.256  12.394  -11.716 0.1111111119
96816  -30.917  15.606  -11.501 0.3333333433
95960  -32.226  14.660  -11.650 0.1111111119
95121  -32.135  13.579  -11.462 0.1111111119
95122  -32.587  14.150  -11.740 0.1111111119
97652  -27.473  16.923  -12.772 0.4444444478
98500  -27.865  17.726  -11.884 0.4444444478
98492  -28.556  17.371  -11.722 0.4444444478
97644  -28.888  16.785  -11.647 0.4444444478
97645  -29.637  16.637  -11.619 0.4444444478
98494  -30.139  17.420  -11.582 0.4444444478
97646  -30.570  16.561  -11.531 0.2222222239
97647  -31.744  16.525  -11.564 0.2222222239
97648  -32.277  15.991  -11.579 0.2222222239
101865  -31.969  21.647  -13.530 0.1111111119
101081  -32.776  19.895  -12.573 0.1111111119
97656  -33.685  16.426  -12.412 0.1111111119
97665  -25.072  16.239  -12.417 0.4444444478
98511  -25.785  16.794  -12.418 0.4444444478
98512  -26.300  16.805  -12.588 0.4444444478
99361  -28.774  18.303  -11.763 0.4444444478
98493  -29.266  17.445  -11.627 0.4444444478
100237  -28.479  19.411  -12.543 0.3333333433
99363  -30.604  18.194  -11.846 0.3333333433
100231  -31.011  18.831  -11.965 0.1111111119
99364  -31.464  18.361  -11.797 0.1111111119
99368  -32.394  18.428  -11.859 0.1111111119
97654  -32.366  17.045  -11.664 0.2222222239
98502  -32.804  17.573  -11.793 0.1111111119
99369  -33.252  18.334  -12.362 0.1111111119
97651  -24.175  16.291  -12.054 0.2222222239
98499  -26.669  17.551  -12.451 0.3333333433
99367  -28.225  18.648  -11.884 0.3333333433
100229  -29.396  18.828  -12.267 0.4444444478
101077  -29.123  20.298  -12.284 0.2222222239
100238  -29.715  19.521  -12.316 0.2222222239
100239  -30.735  19.511  -12.185 0.2222222239
100240  -31.722  19.288  -11.760 0.1111111119
101078  -30.370  20.477  -12.310 0.1111111119
101080  -32.283  20.046  -12.340 0.1111111119
101852  -29.693  21.204  -12.284 0.1111111119
101093  -31.050  20.915  -12.487 0.1111111119
101079  -31.349  20.179  -12.317 0.1111111119
98498  -25.581  17.152  -11.958 0.3333333433
99359  -26.053  18.128  -11.280 0.3333333433
99360  -26.899  18.430  -11.746 0.3333333433
99366  -27.646  18.898  -11.774 0.3333333433
100253  -27.945  19.943  -13.639 0.2222222239
101851  -28.720  21.084  -12.307 0.1111111119
101864  -31.196  21.651  -12.803 0.1111111119
102669  -30.353  23.200  -14.262 0.1111111119
99341  -25.654  18.213  -9.401 0.1111111119
99342  -26.149  18.706  -10.084 0.1111111119
99352  -26.719  18.511  -10.829 0.2222222239
100221  -27.432  19.122  -11.260 0.2222222239
100228  -27.598  19.387  -12.175 0.3333333433
101070  -27.308  20.179  -11.889 0.2222222239
100236  -27.688  19.726  -13.175 0.3333333433
101849  -27.333  21.170  -12.355 0.1111111119
102634  -27.823  22.092  -12.494 0.1111111119
101850  -28.003  21.159  -12.740 0.1111111119
102635  -28.685  21.905  -12.393 0.1111111119
102636  -29.288  21.670  -12.299 0.1111111119
102649  -29.925  22.281  -12.782 0.1111111119
101104  -32.593  20.953  -13.551 0.1111111119
100213  -26.386  18.625  -9.614 0.1111111119
100204  -26.947  19.601  -9.067 0.1111111119
100214  -27.058  19.005  -10.079 0.1111111119
101054  -27.696  19.914  -10.079 0.1111111119
101839  -27.019  21.037  -10.675 0.1111111119
101846  -26.888  21.169  -11.438 0.1111111119
102616  -26.798  22.190  -11.095 0.1111111119
102633  -27.276  22.131  -11.837 0.1111111119
103414  -26.880  23.118  -11.949 0.1111111119
103415  -27.315  22.655  -12.471 0.1111111119
103428  -27.282  23.307  -13.014 0.1111111119
102648  -28.565  22.604  -12.883 0.1111111119
101055  -28.377  20.304  -9.706 0.1111111119
101830  -27.979  20.887  -10.356 0.1111111119
102598  -27.395  21.824  -10.660 0.1111111119
102617  -27.042  22.629  -10.688 0.1111111119
103398  -26.767  23.202  -11.191 0.1111111119
102586  -28.771  22.024  -10.226 0.1111111119
101832  -29.369  21.171  -9.613 0.1111111119
85909  -33.427  4.066  -13.787 0.1111111119
86837  -33.471  4.839  -14.785 0.1111111119
86838  -33.857  5.196  -14.412 0.1111111119
93340  -32.598  11.318  -12.033 0.1111111119
96841  -25.416  15.560  -12.559 0.4444444478
96815  -30.000  15.748  -12.135 0.4444444478
96817  -31.845  15.473  -11.547 0.2222222239
96818  -32.571  15.470  -11.729 0.1111111119
95138  -32.685  12.962  -11.852 0.1111111119
100241  -32.899  19.336  -12.257 0.1111111119
99379  -33.430  18.727  -12.852 0.1111111119
101094  -31.870  20.768  -12.922 0.1111111119
103427  -26.700  23.855  -12.621 0.1111111119
103383  -28.406  23.050  -10.657 0.1111111119
103369  -29.135  22.745  -10.158 0.1111111119
87716  -34.336  4.928  -12.608 0.1111111119
86805  -34.390  4.524  -13.072 0.1111111119
97666  -25.962  16.261  -12.511 0.4444444478
99362  -29.740  18.173  -11.914 0.4444444478
100230  -30.205  18.817  -12.186 0.2222222239
101045  -27.656  20.134  -8.924 0.1111111119
101056  -28.877  20.563  -9.405 0.1111111119
102585  -28.139  21.642  -10.374 0.1111111119
102599  -27.813  22.411  -10.578 0.1111111119
84973  -32.571  2.770  -14.632 0.1111111119
84974  -33.245  3.039  -13.782 0.1111111119
85910  -33.894  4.250  -13.479 0.1111111119
87704  -34.359  5.628  -12.197 0.1111111119
87703  -33.945  4.869  -11.971 0.1111111119
88649  -34.811  6.626  -13.519 0.1111111119
88662  -34.191  6.374  -14.409 0.1111111119
89588  -34.449  7.424  -13.972 0.1111111119
89587  -33.793  7.412  -14.658 0.1111111119
90514  -32.760  8.499  -14.289 0.1111111119
91448  -32.913  9.261  -13.920 0.1111111119
92449  -33.576  9.890  -13.291 0.1111111119
93341  -33.520  10.989  -12.902 0.1111111119
94241  -32.867  12.346  -12.708 0.1111111119
95976  -33.193  14.669  -12.627 0.1111111119
94242  -33.340  13.235  -12.983 0.1111111119
97669  -34.343  15.846  -13.877 0.1111111119
98513  -33.708  17.279  -13.000 0.1111111119
98497  -24.538  16.778  -11.558 0.2222222239
98510  -25.042  16.630  -12.073 0.3333333433
98491  -26.044  17.825  -11.859 0.2222222239
100256  -33.676  18.763  -13.673 0.1111111119
98484  -24.629  17.347  -9.936 0.1111111119
101880  -32.495  21.474  -14.481 0.1111111119
98474  -25.165  17.462  -8.665 0.1111111119
100193  -27.298  19.723  -8.087 0.1111111119
102651  -31.816  22.084  -14.293 0.1111111119
100205  -28.729  20.100  -8.140 0.1111111119
103441  -27.110  24.123  -13.319 0.1111111119
103442  -28.018  23.954  -13.980 0.1111111119
102668  -29.083  23.282  -13.627 0.1111111119
103443  -29.444  24.285  -14.743 0.1111111119
104185  -27.188  23.738  -11.545 0.1111111119
105014  -26.667  25.240  -12.381 0.1111111119
90499  -32.021  8.375  -12.630 0.1111111119
87750  -32.883  5.386  -15.234 0.1111111119
92432  -31.866  10.477  -11.540 0.2222222239
88672  -33.059  5.800  -15.204 0.1111111119
87730  -34.618  5.688  -13.930 0.1111111119
90484  -32.319  8.851  -12.576 0.1111111119
92434  -33.319  9.566  -12.764 0.1111111119
95975  -32.808  14.692  -11.984 0.1111111119
95139  -32.946  13.685  -12.179 0.1111111119
98495  -31.087  17.459  -11.562 0.2222222239
98501  -31.973  17.557  -11.772 0.1111111119
97655  -32.880  16.498  -11.716 0.2222222239
96827  -33.225  15.533  -12.128 0.1111111119
100254  -33.341  18.978  -12.630 0.1111111119
101095  -32.754  20.170  -13.095 0.1111111119
100255  -33.385  19.352  -13.274 0.1111111119
97668  -34.058  16.339  -13.431 0.1111111119
98503  -33.485  17.362  -12.172 0.2222222239
101863  -30.527  21.285  -12.462 0.1111111119
101091  -27.785  20.240  -13.821 0.2222222239
101076  -28.151  20.239  -12.862 0.1111111119
102650  -31.101  22.244  -13.722 0.1111111119
99351  -25.648  18.120  -10.424 0.1111111119
101063  -26.953  20.090  -10.869 0.1111111119
101075  -27.732  20.185  -12.931 0.2222222239
100203  -26.526  18.651  -9.055 0.1111111119
104197  -26.402  24.115  -11.915 0.1111111119
102647  -27.742  22.699  -12.929 0.1111111119
102667  -28.079  23.110  -13.365 0.1111111119
101831  -28.852  20.913  -10.298 0.1111111119
103399  -27.361  23.171  -10.787 0.1111111119
85893  -33.928  3.779  -13.086 0.1111111119
87717  -34.835  5.425  -13.134 0.1111111119
90500  -32.491  8.564  -13.355 0.1111111119
99370  -33.481  17.810  -12.672 0.1111111119
99381  -33.943  18.258  -13.931 0.1111111119
104174  -28.617  24.000  -11.092 0.1111111119
101046  -28.311  20.281  -8.515 0.1111111119
91449  -33.061  9.165  -13.370 0.1111111119
96828  -33.618  15.497  -12.939 0.1111111119
98514  -33.805  17.643  -13.592 0.1111111119
100263  -33.224  19.554  -14.036 0.1111111119
101105  -32.934  20.181  -14.218 0.1111111119
105005  -27.158  24.789  -11.737 0.1111111119
64660  -25.226  -16.442  -11.572 0.2222222239
80932  -21.932  -1.477  -12.737 0.2222222239
81909  -21.474  -0.462  -12.581 0.2222222239
77811  -22.390  -4.415  -12.266 0.3333333433
80933  -22.326  -2.087  -13.001 0.3333333433
81922  -21.846  -0.523  -13.164 0.3333333433
95968  -23.846  14.220  -11.897 0.2222222239
96813  -23.901  15.591  -11.762 0.1111111119
93297  -19.234  11.575  -10.409 0.2222222239
91405  -18.716  9.497  -10.074 0.1111111119
79915  -22.272  -2.507  -12.420 0.2222222239
92398  -18.600  10.579  -9.780 0.1111111119
94202  -21.933  12.817  -10.594 0.1111111119
94203  -22.886  12.545  -10.846 0.1111111119
95955  -24.007  13.945  -11.777 0.1111111119
95956  -24.342  14.568  -11.742 0.1111111119
97643  -23.832  16.329  -11.324 0.1111111119
77797  -22.468  -5.116  -12.193 0.2222222239
84929  -20.868  2.823  -12.069 0.2222222239
95117  -23.560  13.386  -11.570 0.1111111119
84930  -21.503  2.672  -12.216 0.1111111119
85868  -21.218  3.100  -11.733 0.3333333433
95969  -24.217  14.772  -12.026 0.3333333433
79914  -21.925  -1.979  -12.415 0.2222222239
94204  -23.609  12.405  -10.939 0.1111111119
95118  -24.573  13.475  -11.626 0.1111111119
64659  -24.269  -16.567  -11.436 0.1111111119
63506  -25.824  -17.168  -11.098 0.1111111119
64658  -23.404  -16.785  -11.114 0.1111111119
65794  -23.459  -15.751  -11.545 0.1111111119
67025  -22.959  -14.602  -11.784 0.1111111119
68234  -22.499  -13.416  -11.466 0.1111111119
68235  -23.080  -13.768  -12.093 0.1111111119
76688  -21.809  -5.666  -11.213 0.1111111119
81894  -21.266  -0.204  -11.905 0.1111111119
80918  -21.610  -1.101  -12.127 0.1111111119
87696  -20.689  5.666  -11.615 0.2222222239
88620  -20.242  6.682  -11.362 0.2222222239
88603  -20.269  6.695  -10.964 0.2222222239
88604  -20.920  6.646  -11.054 0.2222222239
64657  -22.637  -16.232  -11.134 0.1111111119
64647  -22.749  -16.948  -10.695 0.1111111119
63504  -24.060  -17.328  -11.092 0.1111111119
63505  -24.870  -17.297  -11.335 0.1111111119
63507  -26.719  -16.912  -11.045 0.1111111119
64656  -22.155  -15.897  -11.067 0.1111111119
65793  -22.479  -15.426  -11.371 0.1111111119
67024  -22.198  -14.524  -11.096 0.1111111119
69312  -22.333  -12.399  -12.008 0.1111111119
78861  -21.919  -4.292  -11.120 0.1111111119
80902  -21.722  -0.842  -11.758 0.1111111119
87678  -20.992  5.640  -11.344 0.2222222239
89529  -20.250  7.488  -10.443 0.2222222239
89515  -20.256  8.033  -9.991 0.1111111119
89528  -19.563  7.800  -10.379 0.2222222239
90449  -19.238  8.568  -10.427 0.1111111119
86757  -20.891  4.650  -11.536 0.2222222239
76689  -22.416  -5.739  -11.641 0.1111111119
71400  -21.641  -10.840  -11.276 0.1111111119
71417  -21.402  -10.231  -11.320 0.1111111119
72460  -22.051  -9.429  -11.388 0.1111111119
75631  -21.874  -6.494  -11.458 0.1111111119
79898  -21.755  -1.968  -12.117 0.1111111119
77796  -22.189  -4.827  -11.572 0.1111111119
63503  -23.504  -17.372  -10.829 0.1111111119
76669  -21.753  -5.660  -10.871 0.1111111119
87679  -21.582  5.557  -11.256 0.1111111119
68224  -22.128  -13.730  -10.814 0.1111111119
75615  -21.358  -6.420  -11.011 0.1111111119
78862  -22.229  -3.714  -11.740 0.1111111119
89530  -20.852  7.606  -10.546 0.1111111119
90451  -20.264  8.762  -9.958 0.1111111119
94200  -19.798  12.466  -10.118 0.1111111119
85848  -21.041  4.038  -11.386 0.1111111119
93279  -19.109  11.740  -9.000 0.1111111119
94201  -20.839  12.200  -10.155 0.1111111119
62333  -26.386  -17.344  -10.708 0.1111111119
63493  -24.507  -17.879  -10.813 0.1111111119
63495  -28.157  -17.483  -10.506 0.1111111119
64648  -23.187  -17.190  -10.778 0.1111111119
65806  -26.323  -15.165  -11.680 0.3333333433
65807  -26.721  -15.151  -11.456 0.3333333433
69352  -25.849  -11.862  -13.253 0.3333333433
73550  -27.630  -7.823  -14.058 0.4444444478
75654  -28.541  -6.671  -14.194 0.4444444478
76691  -29.916  -5.508  -13.745 0.2222222239
76721  -25.447  -5.828  -13.930 0.6666666865
77815  -29.647  -4.921  -14.327 0.3333333433
78849  -31.678  -3.982  -12.168 0.1111111119
84950  -21.059  2.927  -12.307 0.4444444478
84983  -22.012  2.905  -13.343 0.5555555820
85002  -24.699  2.722  -14.798 0.8888888955
85006  -30.500  2.649  -14.966 0.6666666865
85007  -30.732  2.700  -15.035 0.5555555820
85894  -34.122  4.333  -13.332 0.1111111119
85929  -33.368  4.391  -15.097 0.1111111119
85941  -30.793  2.944  -15.037 0.5555555820
85942  -32.543  4.409  -15.348 0.2222222239
85944  -33.228  4.508  -15.233 0.1111111119
86820  -33.433  4.013  -14.893 0.1111111119
86836  -33.438  4.260  -14.898 0.1111111119
86848  -32.678  4.840  -15.284 0.2222222239
86849  -33.089  4.923  -15.279 0.1111111119
87751  -33.235  5.513  -15.125 0.1111111119
88619  -19.472  7.006  -11.106 0.3333333433
89513  -19.437  8.376  -9.947 0.1111111119
89514  -19.812  8.125  -9.944 0.1111111119
89555  -19.683  7.855  -11.353 0.5555555820
89563  -31.764  8.122  -12.216 0.1111111119
89571  -22.365  7.251  -13.713 0.6666666865
90432  -19.077  8.754  -9.909 0.1111111119
90434  -19.971  8.422  -9.842 0.1111111119
90475  -19.737  8.446  -11.378 0.3333333433
90485  -32.761  8.884  -12.873 0.1111111119
90495  -21.999  7.903  -13.588 0.7777777910
90501  -32.886  8.894  -13.129 0.1111111119
90524  -24.499  8.340  -15.488 1.0000000000
91416  -19.313  9.375  -10.747 0.1111111119
91426  -19.829  9.143  -11.425 0.3333333433
91435  -32.745  9.346  -12.609 0.1111111119
91436  -33.126  9.132  -12.916 0.1111111119
91443  -21.976  9.359  -13.452 0.7777777910
91463  -25.525  9.535  -14.679 0.8888888955
91474  -24.178  9.039  -15.100 0.7777777910
92379  -18.737  10.695  -9.029 0.1111111119
92380  -19.676  10.891  -9.499 0.1111111119
92412  -18.964  10.372  -10.643 0.3333333433
92426  -19.538  10.087  -11.280 0.4444444478
92443  -21.306  10.375  -12.830 0.6666666865
92450  -33.430  9.407  -13.065 0.1111111119
92460  -23.486  10.188  -14.397 0.7777777910
92475  -23.982  9.653  -14.929 0.8888888955
93278  -18.767  11.560  -9.505 0.1111111119
93280  -20.067  12.014  -8.965 0.1111111119
93298  -19.912  12.030  -10.551 0.1111111119
93317  -19.555  10.893  -11.225 0.3333333433
93318  -20.399  11.545  -10.987 0.3333333433
93324  -30.308  12.064  -11.346 0.5555555820
93336  -20.247  10.847  -11.680 0.4444444478
93339  -29.702  11.982  -11.684 0.5555555820
93355  -26.633  11.155  -13.470 0.6666666865
94186  -18.947  12.098  -9.357 0.1111111119
94187  -19.469  12.294  -9.422 0.1111111119
94188  -20.205  12.392  -9.532 0.1111111119
94199  -19.110  12.147  -9.809 0.2222222239
94218  -20.392  12.203  -10.478 0.1111111119
94237  -21.741  12.988  -12.032 0.4444444478
94258  -27.986  12.345  -12.715 0.6666666865
94273  -24.865  12.064  -13.903 0.6666666865
95106  -23.097  12.863  -11.210 0.1111111119
95153  -22.361  12.965  -12.617 0.4444444478
99380  -33.510  18.251  -13.192 0.1111111119
100232  -31.381  18.845  -11.732 0.1111111119
100242  -33.056  19.755  -12.756 0.1111111119
100252  -27.628  19.888  -13.936 0.2222222239
101037  -27.722  20.168  -8.308 0.1111111119
101038  -27.829  20.164  -7.951 0.1111111119
101090  -27.471  19.976  -13.688 0.2222222239
101092  -30.666  20.898  -12.423 0.1111111119
101106  -33.399  19.646  -14.618 0.1111111119
101107  -33.687  19.397  -14.683 0.1111111119
