#!ascii label  , from subject sub-01 vox2ras=TkReg
334
85938  -26.548  3.341  -15.443 0.0000000000
81925  -24.213  -1.239  -13.928 0.0000000000
81958  -30.018  -0.623  -15.467 0.0000000000
76723  -26.889  -5.419  -14.680 0.0000000000
97667  -26.773  16.419  -12.613 0.0000000000
94238  -28.447  12.477  -12.434 0.0000000000
90510  -23.146  8.300  -14.585 0.0000000000
72483  -26.036  -9.260  -13.426 0.0000000000
79940  -25.724  -2.766  -14.759 0.0000000000
77814  -24.441  -5.061  -13.720 0.0000000000
95972  -28.139  14.600  -12.532 0.0000000000
95177  -25.217  12.818  -13.602 0.0000000000
85920  -23.649  3.742  -14.516 0.0000000000
87723  -21.591  5.472  -13.241 0.0000000000
87746  -24.965  5.640  -15.409 0.0000000000
90513  -26.923  7.993  -14.380 0.0000000000
87737  -27.884  5.401  -14.424 0.0000000000
85924  -29.320  3.206  -14.543 0.0000000000
82980  -23.026  1.071  -13.715 0.0000000000
84035  -25.342  1.638  -15.297 0.0000000000
84020  -28.392  1.363  -15.187 0.0000000000
81954  -26.369  -0.974  -15.498 0.0000000000
78908  -28.455  -3.585  -15.281 0.0000000000
76711  -29.605  -5.423  -14.162 0.0000000000
92444  -22.255  10.501  -13.470 0.0000000000
92463  -25.775  10.479  -14.312 0.0000000000
91431  -29.133  9.777  -11.978 0.0000000000
74618  -24.100  -7.052  -13.415 0.0000000000
74630  -26.307  -7.316  -14.065 0.0000000000
78877  -23.817  -4.093  -14.033 0.0000000000
77812  -22.850  -4.772  -12.931 0.0000000000
95156  -24.662  13.894  -13.101 0.0000000000
95154  -22.670  13.024  -12.759 0.0000000000
85922  -25.142  3.767  -14.977 0.0000000000
86828  -24.122  4.647  -14.849 0.0000000000
86844  -25.317  4.653  -15.462 0.0000000000
87748  -26.345  5.599  -15.059 0.0000000000
86831  -27.405  4.446  -14.921 0.0000000000
86832  -28.666  4.460  -14.177 0.0000000000
85923  -28.226  3.291  -14.654 0.0000000000
82967  -22.871  -0.038  -13.895 0.0000000000
82998  -24.138  1.302  -14.555 0.0000000000
82982  -24.559  0.074  -14.650 0.0000000000
83000  -25.573  0.238  -15.169 0.0000000000
81940  -25.444  -0.960  -15.085 0.0000000000
77841  -26.653  -4.127  -14.890 0.0000000000
79954  -26.987  -2.819  -15.389 0.0000000000
77843  -27.881  -4.443  -15.335 0.0000000000
78893  -28.888  -4.135  -14.963 0.0000000000
76725  -28.795  -5.722  -14.715 0.0000000000
97666  -25.962  16.261  -12.511 0.0000000000
98511  -25.785  16.794  -12.418 0.0000000000
98512  -26.300  16.805  -12.588 0.0000000000
99366  -27.646  18.898  -11.774 0.0000000000
97644  -28.888  16.785  -11.647 0.0000000000
95135  -28.566  13.504  -12.335 0.0000000000
88653  -22.694  6.399  -13.974 0.0000000000
90494  -21.500  8.265  -13.141 0.0000000000
91460  -22.777  9.256  -14.103 0.0000000000
93370  -23.967  10.916  -14.466 0.0000000000
92476  -24.328  9.554  -15.104 0.0000000000
89572  -27.798  7.245  -13.445 0.0000000000
90498  -28.404  8.467  -13.128 0.0000000000
90480  -29.080  8.981  -12.584 0.0000000000
83003  -28.783  -0.048  -15.550 0.0000000000
84021  -29.606  1.140  -14.951 0.0000000000
72482  -25.068  -9.524  -13.605 0.0000000000
73537  -25.307  -8.442  -13.498 0.0000000000
74620  -25.532  -7.436  -13.768 0.0000000000
72493  -26.590  -8.632  -13.541 0.0000000000
80948  -23.814  -1.735  -13.761 0.0000000000
80960  -25.177  -1.844  -14.742 0.0000000000
79938  -24.016  -3.038  -14.293 0.0000000000
78890  -24.409  -3.794  -14.316 0.0000000000
76722  -25.985  -5.612  -14.408 0.0000000000
95970  -26.568  15.035  -12.654 0.0000000000
96824  -27.542  15.746  -12.607 0.0000000000
95992  -26.516  14.012  -13.127 0.0000000000
95158  -27.033  13.309  -13.007 0.0000000000
94256  -26.584  12.195  -13.494 0.0000000000
85918  -22.232  3.220  -13.532 0.0000000000
86826  -22.513  4.664  -13.947 0.0000000000
87733  -22.964  5.504  -14.237 0.0000000000
88666  -23.978  6.842  -14.840 0.0000000000
90525  -25.370  8.380  -15.300 0.0000000000
89593  -25.585  7.363  -15.144 0.0000000000
88657  -27.377  6.494  -14.169 0.0000000000
88644  -28.405  6.312  -13.273 0.0000000000
87727  -29.899  5.168  -13.322 0.0000000000
70436  -26.968  -10.845  -13.410 0.0000000000
71444  -27.442  -10.177  -13.490 0.0000000000
84017  -23.405  1.806  -13.796 0.0000000000
84034  -24.537  2.017  -14.700 0.0000000000
85004  -26.001  2.486  -15.595 0.0000000000
85005  -27.031  2.219  -15.405 0.0000000000
84036  -26.372  1.317  -15.539 0.0000000000
83002  -27.923  0.047  -15.602 0.0000000000
81956  -28.471  -0.872  -15.646 0.0000000000
80961  -26.126  -1.891  -15.268 0.0000000000
80974  -28.115  -1.805  -15.637 0.0000000000
80975  -29.003  -1.737  -16.177 0.0000000000
79942  -29.886  -3.139  -15.192 0.0000000000
77834  -29.627  -4.124  -14.596 0.0000000000
96826  -29.333  15.350  -12.167 0.0000000000
93353  -23.485  11.295  -13.850 0.0000000000
93372  -25.337  11.337  -14.305 0.0000000000
93356  -27.248  11.373  -13.081 0.0000000000
90496  -26.555  8.995  -14.043 0.0000000000
92447  -27.027  10.407  -13.268 0.0000000000
92429  -28.687  10.831  -12.333 0.0000000000
84989  -28.884  2.185  -14.613 0.0000000000
84990  -30.042  2.268  -14.870 0.0000000000
76690  -23.002  -5.741  -12.253 0.0000000000
76709  -24.097  -5.706  -13.509 0.0000000000
75662  -25.826  -6.540  -14.082 0.0000000000
75663  -26.565  -6.441  -14.390 0.0000000000
72485  -27.581  -9.047  -13.533 0.0000000000
74621  -27.927  -7.578  -14.176 0.0000000000
75665  -28.159  -6.565  -14.496 0.0000000000
95130  -22.203  13.255  -12.391 0.0000000000
85937  -25.758  3.601  -15.459 0.0000000000
86845  -26.345  4.532  -15.394 0.0000000000
86846  -26.909  3.906  -15.301 0.0000000000
85939  -27.358  3.266  -15.216 0.0000000000
81924  -23.591  -0.675  -13.825 0.0000000000
81923  -22.517  -0.569  -13.513 0.0000000000
81938  -24.028  -0.206  -14.359 0.0000000000
82983  -25.022  -0.385  -14.881 0.0000000000
81939  -24.545  -0.880  -14.514 0.0000000000
77831  -26.856  -4.659  -14.840 0.0000000000
77842  -27.248  -4.293  -15.080 0.0000000000
76738  -27.293  -4.934  -15.062 0.0000000000
76739  -27.560  -4.811  -15.270 0.0000000000
76724  -27.842  -5.437  -15.118 0.0000000000
97652  -27.473  16.923  -12.772 0.0000000000
98500  -27.865  17.726  -11.884 0.0000000000
98492  -28.556  17.371  -11.722 0.0000000000
97653  -28.210  16.588  -12.184 0.0000000000
94239  -29.081  12.656  -11.880 0.0000000000
89582  -22.877  7.350  -14.366 0.0000000000
89570  -21.668  7.234  -13.303 0.0000000000
90509  -22.477  8.212  -14.017 0.0000000000
90508  -22.099  8.519  -13.566 0.0000000000
91459  -22.392  8.836  -13.732 0.0000000000
91461  -23.586  9.128  -14.711 0.0000000000
89573  -28.677  7.121  -12.599 0.0000000000
81957  -29.300  -0.797  -15.713 0.0000000000
83004  -29.697  0.026  -15.117 0.0000000000
71442  -25.739  -10.371  -13.490 0.0000000000
73519  -24.575  -8.676  -13.317 0.0000000000
79927  -23.420  -2.695  -13.838 0.0000000000
79928  -24.104  -2.415  -14.097 0.0000000000
77828  -24.272  -4.502  -14.018 0.0000000000
77829  -25.194  -4.785  -14.039 0.0000000000
95991  -25.921  14.636  -12.881 0.0000000000
95157  -25.970  13.363  -13.325 0.0000000000
95178  -25.863  12.474  -13.569 0.0000000000
85919  -22.652  3.687  -13.940 0.0000000000
87735  -24.390  5.565  -14.991 0.0000000000
87734  -23.693  5.485  -14.629 0.0000000000
88655  -24.051  6.180  -14.735 0.0000000000
88654  -23.401  6.463  -14.521 0.0000000000
88667  -24.588  6.538  -15.036 0.0000000000
89592  -24.931  7.442  -15.363 0.0000000000
88668  -25.277  6.512  -15.217 0.0000000000
87736  -27.007  5.557  -14.654 0.0000000000
88656  -26.555  6.475  -14.687 0.0000000000
88643  -27.825  6.440  -13.593 0.0000000000
87725  -28.043  5.815  -13.780 0.0000000000
88645  -29.332  6.026  -12.786 0.0000000000
87726  -28.898  5.320  -13.639 0.0000000000
86833  -29.780  3.940  -14.267 0.0000000000
86817  -29.400  4.631  -13.767 0.0000000000
85925  -30.385  3.104  -14.777 0.0000000000
70410  -26.937  -11.345  -13.285 0.0000000000
70411  -27.512  -11.085  -13.137 0.0000000000
84004  -22.101  1.428  -13.123 0.0000000000
84016  -22.578  1.608  -13.421 0.0000000000
82999  -24.613  0.990  -14.787 0.0000000000
84033  -23.896  1.594  -14.367 0.0000000000
85003  -25.192  2.773  -15.133 0.0000000000
83001  -26.871  0.154  -15.489 0.0000000000
81955  -27.455  -0.881  -15.523 0.0000000000
78907  -27.520  -3.565  -15.281 0.0000000000
79955  -27.797  -2.711  -15.487 0.0000000000
79956  -28.684  -2.681  -16.016 0.0000000000
79957  -29.563  -2.631  -15.788 0.0000000000
78909  -29.034  -3.187  -15.790 0.0000000000
77833  -29.336  -4.683  -14.690 0.0000000000
77816  -30.012  -4.637  -14.163 0.0000000000
77798  -30.449  -4.470  -13.428 0.0000000000
96825  -28.584  15.455  -12.265 0.0000000000
86814  -21.305  4.640  -12.981 0.0000000000
92428  -20.581  10.567  -12.287 0.0000000000
93351  -21.721  11.494  -12.968 0.0000000000
93352  -22.583  11.521  -13.426 0.0000000000
92462  -25.099  10.460  -14.708 0.0000000000
93371  -24.535  11.233  -14.388 0.0000000000
93373  -26.024  11.382  -13.841 0.0000000000
92446  -26.407  10.430  -13.806 0.0000000000
90526  -25.891  7.913  -15.123 0.0000000000
90511  -25.521  8.866  -14.884 0.0000000000
90512  -26.225  8.457  -14.635 0.0000000000
91447  -28.466  9.694  -12.740 0.0000000000
91446  -27.680  9.540  -13.354 0.0000000000
92448  -27.775  10.554  -12.752 0.0000000000
92430  -30.170  10.920  -11.898 0.0000000000
84019  -27.684  1.732  -15.286 0.0000000000
84988  -27.888  2.305  -14.944 0.0000000000
74597  -23.755  -7.580  -12.982 0.0000000000
75633  -23.357  -6.612  -12.552 0.0000000000
75651  -23.832  -6.528  -13.254 0.0000000000
76708  -23.445  -5.698  -13.086 0.0000000000
75652  -24.420  -6.518  -13.539 0.0000000000
75653  -25.082  -6.606  -13.835 0.0000000000
74631  -26.966  -7.309  -14.466 0.0000000000
74633  -28.055  -7.246  -14.390 0.0000000000
78876  -23.248  -3.747  -13.524 0.0000000000
77813  -23.640  -4.835  -13.707 0.0000000000
95155  -23.510  13.266  -13.140 0.0000000000
95176  -24.425  12.899  -13.581 0.0000000000
85921  -24.451  3.783  -14.789 0.0000000000
86829  -24.751  4.385  -15.109 0.0000000000
86843  -24.661  4.977  -15.357 0.0000000000
87747  -25.689  5.577  -15.393 0.0000000000
86830  -26.744  5.020  -15.005 0.0000000000
87738  -28.419  5.298  -14.103 0.0000000000
82966  -22.292  0.504  -13.398 0.0000000000
82981  -23.541  0.637  -14.282 0.0000000000
78892  -26.199  -3.602  -14.852 0.0000000000
79941  -26.401  -2.829  -15.162 0.0000000000
78906  -26.813  -3.545  -15.160 0.0000000000
77832  -28.611  -4.740  -15.267 0.0000000000
96822  -24.471  15.613  -12.244 0.0000000000
98499  -26.669  17.551  -12.451 0.0000000000
98493  -29.266  17.445  -11.627 0.0000000000
95134  -27.737  13.779  -12.666 0.0000000000
95973  -29.218  14.547  -12.171 0.0000000000
89556  -20.326  7.288  -11.822 0.0000000000
90493  -20.785  8.271  -12.353 0.0000000000
91442  -21.060  9.235  -12.801 0.0000000000
91444  -22.499  9.803  -13.686 0.0000000000
92445  -22.964  10.719  -13.768 0.0000000000
92459  -22.820  10.097  -13.875 0.0000000000
92461  -24.398  10.180  -14.926 0.0000000000
91462  -25.060  9.804  -15.187 0.0000000000
89585  -27.203  7.530  -14.086 0.0000000000
90497  -27.184  8.466  -13.837 0.0000000000
84038  -28.322  0.634  -15.573 0.0000000000
84039  -28.936  0.581  -15.196 0.0000000000
82984  -30.477  0.561  -15.205 0.0000000000
74598  -24.277  -8.120  -13.082 0.0000000000
74619  -24.610  -7.554  -13.467 0.0000000000
73538  -26.095  -8.167  -13.646 0.0000000000
73548  -26.734  -7.981  -13.972 0.0000000000
80947  -22.720  -1.633  -13.441 0.0000000000
80949  -24.489  -1.808  -14.190 0.0000000000
79939  -24.778  -2.773  -14.403 0.0000000000
78889  -23.733  -3.484  -14.101 0.0000000000
78891  -25.384  -3.742  -14.596 0.0000000000
77830  -26.106  -4.600  -14.774 0.0000000000
96841  -25.416  15.560  -12.559 0.0000000000
96842  -26.366  15.591  -12.588 0.0000000000
96843  -26.931  15.792  -12.556 0.0000000000
96823  -26.919  15.346  -12.571 0.0000000000
95971  -27.041  14.548  -12.684 0.0000000000
95159  -27.860  12.942  -12.657 0.0000000000
94257  -27.504  12.309  -13.013 0.0000000000
86815  -21.841  4.661  -13.567 0.0000000000
86827  -23.221  4.607  -14.443 0.0000000000
87724  -22.323  5.487  -13.671 0.0000000000
89583  -23.570  7.472  -14.790 0.0000000000
90523  -23.780  8.309  -15.170 0.0000000000
89591  -24.193  7.499  -15.223 0.0000000000
89594  -26.181  7.363  -14.919 0.0000000000
88669  -25.939  6.490  -15.131 0.0000000000
89584  -26.773  7.405  -14.530 0.0000000000
86816  -28.970  4.784  -13.812 0.0000000000
80976  -29.707  -1.541  -15.688 0.0000000000
71443  -26.578  -10.245  -13.560 0.0000000000
72484  -26.898  -9.332  -13.546 0.0000000000
84984  -22.615  2.616  -13.611 0.0000000000
84985  -23.398  2.838  -14.158 0.0000000000
84018  -23.911  2.237  -14.313 0.0000000000
84986  -24.202  2.930  -14.599 0.0000000000
84987  -24.768  3.195  -14.821 0.0000000000
84037  -27.522  1.096  -15.608 0.0000000000
80972  -26.453  -1.578  -15.516 0.0000000000
80962  -26.593  -2.353  -15.381 0.0000000000
80973  -26.956  -1.878  -15.535 0.0000000000
79958  -29.994  -2.026  -15.415 0.0000000000
78894  -29.324  -3.605  -15.082 0.0000000000
78895  -29.923  -3.586  -14.591 0.0000000000
96814  -29.029  15.985  -11.705 0.0000000000
94253  -22.177  12.549  -12.815 0.0000000000
94254  -23.051  12.342  -13.342 0.0000000000
94255  -24.032  12.038  -13.668 0.0000000000
93354  -24.026  11.378  -14.129 0.0000000000
94274  -25.566  12.038  -13.875 0.0000000000
94275  -26.033  12.042  -13.764 0.0000000000
93357  -28.089  11.675  -12.641 0.0000000000
91475  -24.737  9.234  -15.246 0.0000000000
91476  -25.224  9.175  -15.105 0.0000000000
91464  -26.217  9.581  -14.216 0.0000000000
91445  -26.830  9.564  -13.743 0.0000000000
93338  -29.113  11.802  -12.340 0.0000000000
76710  -24.846  -5.708  -13.630 0.0000000000
72494  -27.100  -8.486  -13.643 0.0000000000
73549  -27.255  -7.896  -14.161 0.0000000000
72495  -27.466  -8.229  -13.726 0.0000000000
74632  -27.643  -7.320  -14.438 0.0000000000
75664  -27.373  -6.414  -14.560 0.0000000000
75666  -28.617  -6.352  -14.348 0.0000000000
73550  -27.630  -7.823  -14.058 0.0000000000
76721  -25.447  -5.828  -13.930 0.0000000000
77815  -29.647  -4.921  -14.327 0.0000000000
84983  -22.012  2.905  -13.343 0.0000000000
85002  -24.699  2.722  -14.798 0.0000000000
85006  -30.500  2.649  -14.966 0.0000000000
89571  -22.365  7.251  -13.713 0.0000000000
90495  -21.999  7.903  -13.588 0.0000000000
90524  -24.499  8.340  -15.488 0.0000000000
91443  -21.976  9.359  -13.452 0.0000000000
91463  -25.525  9.535  -14.679 0.0000000000
91474  -24.178  9.039  -15.100 0.0000000000
92443  -21.306  10.375  -12.830 0.0000000000
92460  -23.486  10.188  -14.397 0.0000000000
92475  -23.982  9.653  -14.929 0.0000000000
93339  -29.702  11.982  -11.684 0.0000000000
93355  -26.633  11.155  -13.470 0.0000000000
94237  -21.741  12.988  -12.032 0.0000000000
94258  -27.986  12.345  -12.715 0.0000000000
94273  -24.865  12.064  -13.903 0.0000000000
95153  -22.361  12.965  -12.617 0.0000000000
