#!ascii label  , from subject sub-01 vox2ras=TkReg
491
22245  -52.280  -57.070  -18.102 0.0000000000
24503  -41.724  -55.890  -21.181 0.0000000000
26432  -47.908  -53.042  -15.453 0.0000000000
24509  -47.599  -55.559  -21.254 0.0000000000
28392  -45.192  -50.950  -15.569 0.0000000000
22201  -46.587  -57.880  -14.083 0.0000000000
28363  -42.179  -52.109  -11.853 0.0000000000
30223  -39.158  -49.317  -5.895 0.0000000000
29374  -44.984  -50.411  -13.896 0.0000000000
28409  -47.780  -51.159  -16.258 0.0000000000
31333  -45.223  -49.036  -14.557 0.0000000000
25444  -45.223  -55.063  -12.514 0.0000000000
26384  -42.874  -54.182  -10.283 0.0000000000
34176  -41.868  -45.870  -5.566 0.0000000000
32177  -41.269  -47.140  -7.581 0.0000000000
22347  -50.107  -57.500  -22.884 0.0000000000
24506  -44.522  -55.775  -21.412 0.0000000000
21204  -45.686  -58.764  -24.065 0.0000000000
21224  -42.819  -59.429  -23.200 0.0000000000
24427  -50.576  -55.113  -16.298 0.0000000000
127291  -50.972  -55.994  -20.958 0.0000000000
25501  -46.477  -53.963  -17.776 0.0000000000
25518  -43.287  -53.981  -18.256 0.0000000000
24401  -48.070  -55.702  -13.942 0.0000000000
26425  -44.453  -53.359  -14.230 0.0000000000
30321  -42.789  -49.931  -12.699 0.0000000000
26340  -39.982  -53.480  -7.769 0.0000000000
29331  -39.925  -51.076  -8.968 0.0000000000
31257  -41.814  -48.626  -10.364 0.0000000000
33251  -44.129  -47.899  -10.005 0.0000000000
22397  -48.525  -57.733  -24.471 0.0000000000
29486  -40.431  -51.153  -20.926 0.0000000000
24522  -39.848  -55.088  -22.354 0.0000000000
23521  -42.131  -56.293  -26.228 0.0000000000
31309  -44.030  -48.573  -13.518 0.0000000000
31311  -45.433  -49.308  -13.999 0.0000000000
127286  -51.503  -57.251  -20.638 0.0000000000
24505  -43.643  -55.835  -21.267 0.0000000000
23432  -43.690  -56.857  -22.190 0.0000000000
22342  -42.318  -57.488  -22.401 0.0000000000
21200  -41.499  -58.414  -23.406 0.0000000000
22341  -41.399  -57.396  -22.554 0.0000000000
25482  -48.448  -53.877  -15.682 0.0000000000
26433  -48.546  -52.900  -16.149 0.0000000000
27433  -46.807  -51.208  -15.987 0.0000000000
26443  -47.704  -52.612  -16.607 0.0000000000
26461  -45.920  -53.438  -17.121 0.0000000000
25500  -45.265  -54.111  -17.764 0.0000000000
26460  -44.702  -53.648  -17.008 0.0000000000
22204  -48.686  -56.672  -14.606 0.0000000000
23296  -47.440  -56.782  -14.105 0.0000000000
26402  -43.565  -53.887  -11.950 0.0000000000
25460  -44.826  -54.255  -13.525 0.0000000000
27421  -42.822  -52.607  -12.815 0.0000000000
28378  -43.713  -51.517  -13.768 0.0000000000
29366  -42.210  -51.131  -12.180 0.0000000000
27344  -38.870  -52.047  -7.331 0.0000000000
28326  -40.016  -52.222  -8.655 0.0000000000
29313  -39.588  -50.869  -8.194 0.0000000000
33207  -42.509  -46.795  -8.154 0.0000000000
31223  -40.936  -48.371  -9.004 0.0000000000
32213  -42.439  -47.829  -9.502 0.0000000000
32237  -42.880  -47.832  -10.212 0.0000000000
127267  -49.475  -55.687  -21.501 0.0000000000
24547  -49.850  -56.168  -22.618 0.0000000000
23437  -48.657  -55.980  -22.853 0.0000000000
20048  -46.453  -59.563  -25.047 0.0000000000
28489  -41.243  -51.213  -22.664 0.0000000000
26525  -39.576  -53.393  -21.623 0.0000000000
25612  -41.574  -54.643  -24.960 0.0000000000
28384  -46.136  -51.228  -14.407 0.0000000000
27435  -48.303  -51.732  -15.601 0.0000000000
29382  -46.099  -50.340  -14.515 0.0000000000
30346  -46.145  -49.932  -15.151 0.0000000000
30360  -45.303  -49.524  -15.140 0.0000000000
23282  -46.450  -56.695  -13.443 0.0000000000
25426  -44.375  -54.756  -11.536 0.0000000000
26393  -42.521  -53.398  -10.710 0.0000000000
32135  -39.873  -47.755  -5.719 0.0000000000
31198  -39.594  -48.683  -7.432 0.0000000000
32153  -40.951  -46.810  -6.584 0.0000000000
33187  -42.413  -46.410  -7.609 0.0000000000
33189  -43.716  -45.787  -7.710 0.0000000000
24508  -46.363  -55.713  -21.669 0.0000000000
23435  -46.545  -56.370  -22.608 0.0000000000
23434  -45.450  -56.567  -22.664 0.0000000000
21203  -44.417  -58.477  -23.192 0.0000000000
18905  -43.702  -60.547  -24.308 0.0000000000
20044  -41.489  -59.873  -24.323 0.0000000000
20066  -40.845  -59.478  -25.813 0.0000000000
22430  -41.000  -58.397  -26.425 0.0000000000
24435  -51.500  -55.296  -17.136 0.0000000000
24457  -52.393  -55.698  -19.117 0.0000000000
25522  -50.818  -55.291  -19.447 0.0000000000
25521  -48.815  -54.533  -18.411 0.0000000000
26444  -48.522  -52.830  -16.572 0.0000000000
127275  -48.077  -53.944  -17.964 0.0000000000
25541  -47.073  -55.234  -19.818 0.0000000000
24469  -45.909  -55.334  -20.363 0.0000000000
25556  -43.937  -55.045  -20.212 0.0000000000
25555  -42.875  -54.837  -20.006 0.0000000000
23313  -51.051  -56.447  -16.341 0.0000000000
24415  -49.187  -55.547  -15.230 0.0000000000
25475  -47.529  -54.072  -14.980 0.0000000000
24399  -46.634  -55.777  -13.360 0.0000000000
25474  -46.704  -54.419  -14.316 0.0000000000
26427  -46.187  -53.184  -14.689 0.0000000000
28383  -45.199  -51.361  -14.193 0.0000000000
30333  -43.610  -50.044  -13.252 0.0000000000
31298  -43.093  -48.723  -12.345 0.0000000000
26369  -41.054  -53.420  -8.928 0.0000000000
27396  -41.540  -52.795  -9.927 0.0000000000
28356  -41.385  -51.947  -10.610 0.0000000000
30261  -40.146  -49.254  -8.532 0.0000000000
30285  -40.899  -50.169  -10.266 0.0000000000
29352  -41.325  -50.638  -11.027 0.0000000000
31283  -42.280  -49.055  -11.299 0.0000000000
31284  -43.158  -48.388  -11.062 0.0000000000
22349  -51.309  -56.704  -22.258 0.0000000000
22372  -50.159  -57.243  -23.497 0.0000000000
22370  -47.306  -57.507  -23.927 0.0000000000
21247  -47.798  -59.108  -25.280 0.0000000000
26439  -43.196  -52.658  -16.722 0.0000000000
25517  -42.114  -53.861  -18.476 0.0000000000
25554  -41.725  -54.810  -19.800 0.0000000000
25552  -40.145  -54.275  -20.854 0.0000000000
24502  -40.765  -55.845  -21.483 0.0000000000
23486  -40.521  -56.455  -23.705 0.0000000000
22416  -41.049  -57.652  -25.212 0.0000000000
32277  -43.419  -47.629  -12.782 0.0000000000
127281  -51.195  -58.017  -20.235 0.0000000000
23367  -52.019  -57.085  -19.583 0.0000000000
24504  -42.694  -55.888  -21.164 0.0000000000
23410  -43.190  -56.420  -21.638 0.0000000000
23409  -42.247  -56.452  -21.609 0.0000000000
23430  -41.803  -56.957  -22.068 0.0000000000
27432  -45.958  -51.425  -15.630 0.0000000000
27445  -46.276  -52.093  -15.850 0.0000000000
26441  -45.454  -52.831  -16.424 0.0000000000
27444  -45.031  -52.127  -15.632 0.0000000000
21073  -47.789  -59.154  -14.685 0.0000000000
22222  -47.903  -58.447  -14.801 0.0000000000
22203  -48.213  -57.116  -14.569 0.0000000000
23295  -46.953  -57.227  -14.082 0.0000000000
26414  -43.134  -53.136  -12.234 0.0000000000
27416  -42.623  -52.589  -12.039 0.0000000000
28374  -42.419  -51.808  -12.415 0.0000000000
28373  -42.047  -51.551  -11.899 0.0000000000
30216  -39.291  -49.223  -5.141 0.0000000000
29260  -39.020  -50.085  -4.733 0.0000000000
29278  -38.529  -50.695  -6.014 0.0000000000
28297  -38.615  -51.474  -6.257 0.0000000000
29293  -38.714  -50.715  -6.705 0.0000000000
29294  -39.131  -50.676  -7.459 0.0000000000
30238  -38.971  -49.707  -6.868 0.0000000000
33208  -43.017  -46.621  -8.288 0.0000000000
32193  -42.502  -47.277  -8.596 0.0000000000
32214  -43.436  -47.544  -9.580 0.0000000000
32194  -43.663  -47.221  -8.786 0.0000000000
127279  -48.801  -55.570  -20.744 0.0000000000
23415  -49.014  -55.768  -22.420 0.0000000000
24526  -47.929  -55.884  -22.210 0.0000000000
27536  -40.210  -52.898  -23.183 0.0000000000
25611  -41.053  -54.698  -24.413 0.0000000000
26569  -41.783  -54.124  -25.134 0.0000000000
29381  -45.633  -50.641  -14.233 0.0000000000
28385  -46.927  -51.091  -14.726 0.0000000000
29375  -45.569  -50.084  -14.157 0.0000000000
31321  -44.873  -48.607  -14.176 0.0000000000
30345  -45.781  -49.731  -14.670 0.0000000000
26394  -43.385  -54.071  -10.983 0.0000000000
33126  -40.747  -47.243  -4.943 0.0000000000
33142  -40.701  -46.908  -5.383 0.0000000000
32152  -40.316  -47.176  -6.273 0.0000000000
33188  -43.249  -46.031  -7.724 0.0000000000
21207  -49.552  -57.666  -23.645 0.0000000000
24507  -45.368  -55.724  -21.553 0.0000000000
23413  -45.824  -56.064  -22.110 0.0000000000
23412  -44.951  -56.122  -22.030 0.0000000000
21186  -43.748  -58.071  -22.665 0.0000000000
21187  -44.260  -57.958  -22.861 0.0000000000
21202  -43.333  -58.801  -22.825 0.0000000000
20045  -42.875  -60.070  -24.105 0.0000000000
20069  -42.665  -60.582  -24.516 0.0000000000
21222  -41.150  -58.897  -24.441 0.0000000000
21246  -41.004  -58.722  -25.368 0.0000000000
21245  -40.764  -59.014  -25.925 0.0000000000
22415  -40.889  -58.180  -25.935 0.0000000000
28395  -47.872  -51.009  -15.863 0.0000000000
27436  -48.552  -51.853  -16.111 0.0000000000
27447  -48.124  -51.745  -16.463 0.0000000000
25502  -47.419  -53.823  -17.700 0.0000000000
127273  -47.294  -54.392  -18.356 0.0000000000
25519  -44.548  -54.430  -18.576 0.0000000000
25539  -43.687  -54.632  -19.325 0.0000000000
23298  -49.046  -56.247  -14.723 0.0000000000
24414  -48.474  -55.499  -14.654 0.0000000000
24424  -48.028  -54.671  -15.251 0.0000000000
24413  -47.595  -55.147  -14.443 0.0000000000
23261  -46.132  -56.206  -12.897 0.0000000000
24382  -46.326  -56.116  -13.007 0.0000000000
25445  -45.723  -55.489  -12.953 0.0000000000
25472  -45.053  -53.774  -14.199 0.0000000000
25473  -45.709  -53.982  -14.087 0.0000000000
26426  -45.311  -53.182  -14.474 0.0000000000
27427  -45.755  -52.212  -14.505 0.0000000000
27426  -44.831  -52.373  -14.378 0.0000000000
29372  -43.270  -50.769  -13.202 0.0000000000
30322  -43.551  -49.379  -13.153 0.0000000000
26357  -40.576  -53.488  -8.398 0.0000000000
28345  -39.943  -51.805  -8.830 0.0000000000
27379  -40.796  -52.844  -8.949 0.0000000000
28346  -40.345  -52.053  -9.218 0.0000000000
28355  -40.880  -51.934  -9.983 0.0000000000
29332  -40.531  -50.980  -9.744 0.0000000000
31199  -40.387  -48.212  -7.897 0.0000000000
31221  -40.018  -48.893  -8.153 0.0000000000
31238  -41.237  -48.592  -9.593 0.0000000000
30275  -40.771  -49.033  -9.634 0.0000000000
30286  -41.142  -49.289  -10.145 0.0000000000
30305  -41.125  -50.376  -10.754 0.0000000000
30306  -41.356  -49.846  -11.108 0.0000000000
31282  -41.622  -49.190  -10.748 0.0000000000
33250  -43.875  -47.651  -9.958 0.0000000000
31259  -43.115  -48.154  -10.569 0.0000000000
32238  -43.641  -47.873  -10.372 0.0000000000
127283  -51.458  -55.569  -19.816 0.0000000000
23440  -51.417  -56.345  -21.479 0.0000000000
23462  -49.552  -56.405  -23.310 0.0000000000
23463  -50.354  -56.436  -22.834 0.0000000000
22371  -49.355  -57.189  -24.074 0.0000000000
21206  -49.097  -58.099  -24.092 0.0000000000
23459  -46.055  -56.954  -23.300 0.0000000000
23460  -47.271  -56.956  -23.666 0.0000000000
22369  -46.657  -57.867  -23.716 0.0000000000
20070  -46.312  -60.125  -25.435 0.0000000000
27443  -43.874  -52.067  -16.255 0.0000000000
27442  -42.837  -51.961  -16.662 0.0000000000
25516  -41.645  -53.710  -18.577 0.0000000000
25536  -40.796  -53.898  -19.506 0.0000000000
25583  -39.719  -54.346  -22.594 0.0000000000
26513  -39.828  -53.524  -20.736 0.0000000000
25571  -39.868  -54.323  -21.637 0.0000000000
25572  -40.406  -54.903  -21.039 0.0000000000
24523  -40.152  -55.956  -22.248 0.0000000000
23457  -40.416  -56.542  -22.939 0.0000000000
24545  -40.047  -55.503  -23.218 0.0000000000
23507  -41.548  -56.356  -25.554 0.0000000000
23487  -40.897  -56.512  -24.588 0.0000000000
30334  -44.397  -49.637  -13.588 0.0000000000
30335  -45.255  -49.631  -13.918 0.0000000000
31310  -45.046  -49.069  -13.835 0.0000000000
34177  -42.642  -45.306  -5.631 0.0000000000
34178  -43.175  -45.089  -6.106 0.0000000000
22330  -50.882  -57.474  -22.160 0.0000000000
23411  -44.113  -56.336  -21.757 0.0000000000
22343  -43.272  -57.471  -22.408 0.0000000000
22366  -42.815  -58.134  -22.560 0.0000000000
21201  -42.318  -58.780  -22.892 0.0000000000
22365  -41.956  -57.967  -22.862 0.0000000000
22364  -41.273  -57.748  -23.103 0.0000000000
22394  -40.963  -57.484  -23.850 0.0000000000
25484  -50.047  -54.414  -16.448 0.0000000000
25483  -49.199  -54.054  -16.235 0.0000000000
26434  -49.109  -53.390  -16.711 0.0000000000
26445  -49.445  -53.478  -17.115 0.0000000000
28394  -47.223  -50.821  -16.023 0.0000000000
27446  -47.326  -51.602  -16.322 0.0000000000
26442  -46.652  -52.695  -16.531 0.0000000000
25520  -45.946  -54.478  -18.705 0.0000000000
25499  -44.088  -54.080  -17.718 0.0000000000
23297  -48.295  -56.228  -14.036 0.0000000000
25443  -44.237  -54.350  -12.582 0.0000000000
26416  -44.046  -53.750  -13.636 0.0000000000
26424  -43.730  -53.190  -13.862 0.0000000000
27425  -43.939  -52.446  -14.239 0.0000000000
27422  -43.324  -52.513  -13.566 0.0000000000
29367  -42.671  -50.971  -12.623 0.0000000000
27324  -38.774  -52.412  -6.669 0.0000000000
27345  -39.329  -52.574  -7.530 0.0000000000
26356  -40.240  -53.075  -8.215 0.0000000000
28313  -39.180  -51.585  -7.694 0.0000000000
28325  -39.567  -51.859  -8.393 0.0000000000
32178  -42.172  -46.922  -7.987 0.0000000000
31200  -40.920  -48.064  -8.416 0.0000000000
32192  -41.668  -48.055  -8.835 0.0000000000
32212  -41.854  -48.191  -9.714 0.0000000000
32236  -42.267  -48.075  -10.139 0.0000000000
33229  -44.088  -47.673  -9.733 0.0000000000
24528  -50.232  -55.758  -21.756 0.0000000000
23438  -49.281  -55.935  -22.762 0.0000000000
23461  -48.473  -56.675  -23.856 0.0000000000
28488  -40.361  -51.758  -22.293 0.0000000000
28477  -39.542  -52.096  -20.995 0.0000000000
27527  -40.010  -52.440  -22.582 0.0000000000
26541  -39.826  -53.657  -23.050 0.0000000000
25595  -39.956  -54.454  -23.283 0.0000000000
24567  -41.222  -55.508  -24.865 0.0000000000
24591  -42.086  -55.709  -25.870 0.0000000000
27429  -47.492  -51.942  -15.081 0.0000000000
28386  -47.493  -51.129  -15.365 0.0000000000
29384  -47.343  -50.809  -15.568 0.0000000000
30336  -45.607  -49.643  -14.247 0.0000000000
29383  -46.747  -50.445  -15.155 0.0000000000
29399  -47.176  -50.675  -15.657 0.0000000000
29398  -46.518  -50.358  -15.497 0.0000000000
28393  -46.312  -50.750  -15.673 0.0000000000
29397  -45.730  -50.176  -15.473 0.0000000000
24380  -45.124  -55.755  -12.338 0.0000000000
24363  -44.554  -55.697  -11.778 0.0000000000
26401  -42.974  -53.250  -11.508 0.0000000000
27405  -42.273  -52.674  -11.399 0.0000000000
31166  -40.003  -48.064  -5.279 0.0000000000
31165  -39.587  -48.493  -5.530 0.0000000000
31177  -39.365  -48.698  -6.509 0.0000000000
32151  -39.668  -47.932  -6.352 0.0000000000
32176  -40.118  -47.868  -7.083 0.0000000000
34198  -42.070  -45.732  -6.408 0.0000000000
33186  -41.828  -46.195  -7.066 0.0000000000
33209  -44.004  -46.401  -8.260 0.0000000000
24525  -47.113  -55.902  -22.156 0.0000000000
24524  -46.573  -55.949  -22.162 0.0000000000
23458  -45.389  -56.962  -23.118 0.0000000000
22368  -45.244  -57.632  -23.259 0.0000000000
20067  -41.099  -59.884  -25.389 0.0000000000
20090  -41.149  -60.068  -26.597 0.0000000000
20103  -40.964  -59.471  -26.818 0.0000000000
21281  -41.024  -59.070  -27.150 0.0000000000
23329  -52.389  -56.630  -17.749 0.0000000000
24445  -52.566  -56.137  -18.642 0.0000000000
24444  -52.397  -55.584  -18.364 0.0000000000
24456  -51.950  -55.219  -18.874 0.0000000000
25505  -51.387  -54.375  -17.906 0.0000000000
25542  -47.817  -55.477  -20.588 0.0000000000
26463  -48.133  -53.421  -17.325 0.0000000000
24489  -46.515  -55.480  -20.814 0.0000000000
24468  -45.232  -55.365  -20.505 0.0000000000
25540  -45.095  -55.131  -19.684 0.0000000000
25557  -44.642  -55.302  -20.457 0.0000000000
24486  -44.141  -55.406  -20.865 0.0000000000
24485  -43.242  -55.434  -20.640 0.0000000000
24484  -42.220  -55.430  -20.508 0.0000000000
23328  -52.049  -56.626  -17.015 0.0000000000
23312  -49.921  -56.161  -15.558 0.0000000000
24426  -49.781  -54.869  -15.640 0.0000000000
24425  -48.832  -54.793  -15.491 0.0000000000
25481  -47.972  -53.919  -15.350 0.0000000000
23283  -47.455  -56.150  -13.658 0.0000000000
24400  -47.526  -55.727  -13.786 0.0000000000
25461  -45.953  -55.008  -13.427 0.0000000000
25462  -46.585  -55.189  -13.756 0.0000000000
24412  -46.985  -55.369  -13.994 0.0000000000
26428  -47.070  -53.111  -14.970 0.0000000000
27428  -46.708  -52.060  -14.630 0.0000000000
28382  -44.406  -51.729  -14.156 0.0000000000
29373  -44.073  -50.565  -13.599 0.0000000000
26370  -41.448  -53.603  -9.370 0.0000000000
26383  -42.066  -53.760  -9.975 0.0000000000
26392  -41.929  -53.210  -10.382 0.0000000000
27404  -41.806  -52.710  -10.785 0.0000000000
28362  -41.678  -51.919  -11.416 0.0000000000
30260  -39.654  -49.734  -8.101 0.0000000000
30273  -39.840  -50.324  -8.653 0.0000000000
31222  -40.468  -48.725  -8.665 0.0000000000
30274  -40.353  -49.704  -9.237 0.0000000000
29339  -41.171  -51.018  -10.435 0.0000000000
29340  -41.453  -51.263  -11.021 0.0000000000
29353  -41.752  -50.839  -11.640 0.0000000000
30307  -42.191  -49.936  -11.825 0.0000000000
31297  -42.592  -49.413  -12.055 0.0000000000
31258  -42.607  -48.383  -10.616 0.0000000000
32259  -43.785  -47.682  -11.380 0.0000000000
127288  -51.813  -56.372  -20.298 0.0000000000
127292  -51.505  -56.895  -21.215 0.0000000000
22348  -50.976  -57.048  -22.738 0.0000000000
23439  -51.077  -56.309  -22.442 0.0000000000
22373  -50.764  -56.781  -22.961 0.0000000000
23436  -47.699  -56.339  -22.867 0.0000000000
23489  -47.881  -57.203  -24.248 0.0000000000
21226  -47.025  -58.912  -24.598 0.0000000000
22396  -47.563  -57.907  -24.282 0.0000000000
21227  -48.057  -58.495  -25.021 0.0000000000
33329  -43.123  -46.766  -14.133 0.0000000000
29396  -44.676  -50.142  -15.467 0.0000000000
28407  -44.350  -51.450  -15.781 0.0000000000
26440  -44.218  -52.973  -16.348 0.0000000000
26459  -43.411  -53.537  -17.362 0.0000000000
26458  -42.390  -52.609  -17.318 0.0000000000
26481  -42.623  -53.499  -17.908 0.0000000000
25538  -42.472  -54.399  -19.118 0.0000000000
27500  -39.660  -52.510  -20.573 0.0000000000
26499  -39.965  -52.950  -20.061 0.0000000000
26500  -40.558  -53.378  -19.482 0.0000000000
25553  -40.592  -54.258  -20.056 0.0000000000
24483  -41.202  -55.226  -20.653 0.0000000000
23408  -41.434  -56.440  -21.671 0.0000000000
23429  -40.889  -56.782  -22.235 0.0000000000
22363  -40.903  -57.181  -22.938 0.0000000000
20043  -41.168  -59.567  -24.693 0.0000000000
20046  -44.332  -59.957  -24.067 0.0000000000
20068  -42.081  -60.462  -24.710 0.0000000000
20089  -40.863  -59.497  -26.187 0.0000000000
21087  -48.231  -58.755  -14.931 0.0000000000
21191  -49.736  -57.574  -23.389 0.0000000000
21205  -46.600  -58.443  -24.141 0.0000000000
21223  -41.899  -59.356  -23.600 0.0000000000
21225  -46.178  -59.289  -24.618 0.0000000000
21267  -40.791  -58.973  -26.604 0.0000000000
21268  -41.168  -58.515  -26.915 0.0000000000
22202  -47.468  -57.937  -14.484 0.0000000000
22264  -52.181  -57.322  -18.661 0.0000000000
22331  -51.408  -57.061  -21.997 0.0000000000
22340  -41.016  -57.160  -22.567 0.0000000000
22344  -44.285  -57.417  -22.711 0.0000000000
22367  -44.540  -57.851  -23.024 0.0000000000
22393  -40.685  -56.925  -23.361 0.0000000000
22395  -47.006  -58.308  -24.133 0.0000000000
23284  -47.941  -55.929  -13.697 0.0000000000
23330  -52.453  -56.632  -18.307 0.0000000000
23346  -52.433  -56.701  -18.877 0.0000000000
23385  -52.226  -56.430  -19.674 0.0000000000
23414  -46.314  -55.980  -22.154 0.0000000000
23416  -49.279  -55.830  -22.420 0.0000000000
23431  -42.745  -56.916  -22.096 0.0000000000
23488  -47.542  -57.337  -24.095 0.0000000000
24381  -45.943  -55.809  -12.732 0.0000000000
24398  -46.055  -55.625  -13.112 0.0000000000
24436  -52.320  -55.804  -17.639 0.0000000000
24437  -52.597  -56.106  -18.068 0.0000000000
24443  -52.017  -54.999  -18.051 0.0000000000
24458  -52.407  -56.345  -19.293 0.0000000000
24470  -52.268  -56.601  -19.501 0.0000000000
24487  -44.918  -55.405  -21.016 0.0000000000
24488  -45.700  -55.514  -20.989 0.0000000000
24501  -40.105  -55.284  -21.700 0.0000000000
24510  -48.518  -55.726  -21.835 0.0000000000
24527  -49.573  -55.923  -22.399 0.0000000000
24529  -51.105  -55.884  -21.790 0.0000000000
24544  -39.773  -54.874  -22.875 0.0000000000
24546  -49.554  -56.117  -22.787 0.0000000000
24580  -41.806  -55.316  -25.410 0.0000000000
25427  -44.832  -55.303  -12.004 0.0000000000
25459  -44.023  -54.137  -13.263 0.0000000000
25498  -43.587  -53.861  -17.795 0.0000000000
25537  -41.317  -53.965  -19.047 0.0000000000
26415  -43.441  -53.573  -13.053 0.0000000000
26438  -42.779  -52.438  -16.870 0.0000000000
26482  -43.107  -53.653  -17.869 0.0000000000
26514  -40.203  -53.549  -20.067 0.0000000000
26531  -39.596  -53.618  -22.302 0.0000000000
26556  -40.818  -54.151  -24.211 0.0000000000
27359  -39.909  -52.666  -8.205 0.0000000000
27360  -40.354  -52.706  -8.577 0.0000000000
27380  -41.244  -52.994  -9.267 0.0000000000
27395  -40.987  -52.518  -9.451 0.0000000000
27434  -47.273  -51.091  -16.233 0.0000000000
27448  -48.396  -51.845  -16.305 0.0000000000
27516  -39.536  -52.589  -21.341 0.0000000000
27517  -39.852  -52.210  -21.962 0.0000000000
27526  -39.551  -52.850  -22.124 0.0000000000
27535  -39.730  -53.061  -22.707 0.0000000000
28312  -38.816  -51.490  -7.051 0.0000000000
28377  -42.906  -51.681  -13.177 0.0000000000
28379  -44.494  -51.111  -13.872 0.0000000000
28396  -48.384  -51.382  -15.947 0.0000000000
28408  -47.524  -51.071  -16.254 0.0000000000
28410  -48.276  -51.401  -16.164 0.0000000000
28478  -40.076  -51.642  -21.354 0.0000000000
29269  -38.672  -50.456  -5.299 0.0000000000
29354  -42.307  -50.550  -12.206 0.0000000000
30203  -39.153  -49.609  -4.884 0.0000000000
30215  -38.921  -49.754  -5.297 0.0000000000
30222  -38.709  -50.001  -5.969 0.0000000000
30237  -38.673  -50.272  -6.405 0.0000000000
30361  -45.969  -49.939  -15.327 0.0000000000
31237  -40.686  -48.820  -9.278 0.0000000000
31322  -45.423  -49.165  -14.185 0.0000000000
32124  -40.751  -47.649  -4.646 0.0000000000
32136  -40.352  -47.580  -5.257 0.0000000000
32175  -39.585  -48.223  -6.885 0.0000000000
32215  -44.300  -47.836  -9.327 0.0000000000
32306  -42.970  -47.224  -14.013 0.0000000000
33143  -41.261  -46.428  -5.430 0.0000000000
33164  -40.843  -46.634  -6.020 0.0000000000
33165  -41.434  -46.388  -6.390 0.0000000000
33230  -44.268  -47.959  -9.759 0.0000000000
127274  -48.304  -55.590  -21.292 0.0000000000
127284  -49.286  -55.756  -21.902 0.0000000000
127287  -52.309  -55.985  -19.689 0.0000000000
127289  -51.893  -55.553  -19.734 0.0000000000
127290  -51.450  -55.846  -20.303 0.0000000000
