#!ascii label  , from subject sub-01 vox2ras=TkReg
1929
15699  -43.151  -64.409  -29.908 0.1000000015
15714  -41.558  -64.375  -29.626 0.1000000015
16718  -40.829  -63.753  -28.502 0.1000000015
16735  -40.692  -63.386  -29.513 0.1000000015
16734  -39.908  -62.638  -28.999 0.1000000015
16748  -40.734  -63.111  -30.419 0.1000000015
17832  -39.259  -62.167  -29.347 0.1000000015
17851  -39.670  -62.051  -30.397 0.1000000015
17864  -39.265  -61.464  -31.196 0.1000000015
17850  -38.709  -61.609  -30.090 0.1000000015
17863  -38.253  -61.310  -31.002 0.1000000015
17878  -39.833  -61.408  -32.262 0.1000000015
17877  -38.650  -61.038  -32.277 0.1000000015
18981  -37.581  -61.165  -30.897 0.1000000015
19036  -38.782  -59.941  -33.597 0.1000000015
18996  -37.860  -60.977  -31.552 0.1000000015
19023  -38.104  -60.428  -33.226 0.1000000015
19010  -37.710  -60.691  -32.260 0.1000000015
16737  -42.901  -62.809  -29.551 0.1000000015
15715  -42.447  -64.438  -30.332 0.1000000015
15716  -43.042  -63.840  -30.203 0.1000000015
15727  -41.562  -63.742  -30.692 0.1000000015
16750  -42.454  -62.774  -30.403 0.1000000015
15738  -42.022  -63.462  -31.367 0.1000000015
15749  -42.343  -63.210  -31.707 0.1000000015
16758  -40.400  -62.521  -30.654 0.1000000015
16785  -41.676  -62.620  -32.555 0.1000000015
17879  -40.708  -61.990  -32.574 0.1000000015
17895  -39.580  -60.836  -33.067 0.1000000015
127166  -40.614  -57.522  -30.182 0.1000000015
127164  -40.079  -58.808  -30.626 0.1000000015
127165  -41.058  -58.000  -31.691 0.1000000015
127173  -40.375  -58.687  -32.083 0.1000000015
20195  -39.498  -59.418  -33.283 0.1000000015
19037  -39.978  -59.780  -33.878 0.1000000015
19024  -39.261  -60.355  -33.555 0.1000000015
17894  -38.863  -60.736  -33.169 0.1000000015
17793  -42.679  -61.773  -26.777 0.1000000015
18954  -41.603  -60.847  -27.471 0.2000000030
17813  -42.130  -61.617  -27.256 0.2000000030
17814  -42.816  -62.672  -28.043 0.1000000015
18970  -41.375  -60.774  -28.638 0.1000000015
17852  -41.633  -61.644  -29.688 0.1000000015
17834  -42.614  -62.538  -28.753 0.1000000015
16760  -42.031  -62.226  -30.389 0.1000000015
27588  -44.650  -52.466  -28.278 0.1000000015
26590  -43.871  -53.568  -28.034 0.1000000015
17867  -41.727  -61.570  -30.943 0.1000000015
17868  -42.361  -62.220  -31.709 0.1000000015
15761  -42.355  -63.073  -32.132 0.1000000015
26586  -43.073  -53.139  -27.362 0.1000000015
26589  -42.837  -53.725  -27.703 0.1000000015
25646  -42.798  -54.477  -28.261 0.1000000015
24603  -43.091  -55.091  -29.225 0.1000000015
24609  -43.670  -55.476  -30.156 0.1000000015
24613  -42.388  -55.832  -31.068 0.1000000015
17881  -42.228  -61.689  -32.097 0.1000000015
17898  -42.169  -61.999  -32.531 0.1000000015
17896  -40.608  -61.008  -32.833 0.1000000015
24602  -42.139  -55.033  -28.954 0.1000000015
24608  -42.377  -55.453  -29.844 0.1000000015
24617  -42.560  -56.446  -32.241 0.1000000015
127186  -42.865  -57.190  -32.756 0.1000000015
127185  -43.094  -57.634  -32.999 0.1000000015
17897  -41.569  -61.804  -32.883 0.1000000015
24607  -41.468  -55.401  -29.481 0.1000000015
127182  -41.203  -56.509  -30.811 0.1000000015
127183  -41.827  -56.600  -32.047 0.1000000015
127176  -41.876  -57.271  -32.850 0.1000000015
20196  -40.858  -58.976  -33.604 0.1000000015
127178  -41.320  -58.109  -32.653 0.1000000015
19038  -41.204  -59.570  -33.679 0.1000000015
18935  -41.718  -60.757  -26.271 0.2000000030
18937  -43.052  -61.760  -26.017 0.1000000015
18919  -43.143  -60.960  -25.047 0.2000000030
18906  -44.442  -60.678  -24.639 0.2000000030
20104  -41.287  -59.781  -27.559 0.1000000015
28534  -44.022  -51.175  -28.300 0.1000000015
27581  -43.530  -52.298  -27.731 0.1000000015
18984  -41.362  -60.478  -29.868 0.1000000015
18997  -41.537  -60.638  -30.748 0.1000000015
19011  -41.691  -60.645  -31.514 0.1000000015
25647  -44.330  -54.556  -29.228 0.1000000015
25650  -44.672  -55.197  -29.935 0.1000000015
24610  -44.790  -55.536  -30.653 0.1000000015
24618  -43.623  -56.523  -32.133 0.1000000015
23554  -43.974  -57.372  -32.197 0.1000000015
20198  -43.102  -58.504  -32.684 0.1000000015
19039  -42.246  -59.475  -33.267 0.1000000015
19027  -42.072  -60.426  -32.536 0.1000000015
19025  -40.346  -60.398  -33.703 0.1000000015
21246  -41.004  -58.722  -25.368 0.1000000015
21222  -41.150  -58.897  -24.441 0.1000000015
21245  -40.764  -59.014  -25.925 0.1000000015
20066  -40.845  -59.478  -25.813 0.1000000015
20067  -41.099  -59.884  -25.389 0.1000000015
20044  -41.489  -59.873  -24.323 0.2000000030
20069  -42.665  -60.582  -24.516 0.2000000030
18917  -41.400  -60.553  -25.632 0.2000000030
18905  -43.702  -60.547  -24.308 0.2000000030
21281  -41.024  -59.070  -27.150 0.1000000015
20121  -41.398  -59.590  -28.699 0.1000000015
20139  -41.622  -59.239  -29.662 0.1000000015
27589  -45.809  -52.448  -28.721 0.1000000015
26591  -45.270  -53.657  -28.725 0.1000000015
26594  -45.908  -54.342  -29.087 0.1000000015
127168  -41.725  -59.847  -30.619 0.1000000015
29521  -42.884  -50.448  -28.738 0.1000000015
29522  -43.886  -50.402  -29.295 0.1000000015
25651  -45.564  -54.967  -29.759 0.1000000015
24611  -45.750  -55.955  -30.580 0.1000000015
23547  -44.521  -56.978  -30.169 0.1000000015
127180  -43.567  -58.016  -31.397 0.1000000015
127169  -43.122  -58.173  -30.988 0.1000000015
20185  -42.198  -59.666  -31.448 0.1000000015
24615  -44.599  -56.174  -31.428 0.1000000015
24620  -44.403  -57.052  -31.805 0.1000000015
22465  -43.787  -57.887  -32.319 0.1000000015
127171  -43.363  -58.518  -32.185 0.1000000015
19040  -42.637  -59.321  -32.674 0.1000000015
29527  -41.981  -49.710  -28.603 0.1000000015
30480  -40.664  -49.281  -28.566 0.1000000015
22416  -41.049  -57.652  -25.212 0.1000000015
22415  -40.889  -58.180  -25.935 0.1000000015
23507  -41.548  -56.356  -25.554 0.1000000015
22431  -41.705  -57.476  -26.702 0.1000000015
21224  -42.819  -59.429  -23.200 0.2000000030
22432  -42.442  -56.831  -27.178 0.1000000015
22430  -41.000  -58.397  -26.425 0.1000000015
20045  -42.875  -60.070  -24.105 0.2000000030
23522  -42.489  -56.364  -26.816 0.1000000015
29533  -43.988  -49.503  -29.468 0.1000000015
29529  -44.208  -49.923  -29.734 0.1000000015
29523  -44.694  -50.440  -29.459 0.1000000015
28540  -45.761  -51.097  -29.130 0.1000000015
28539  -45.053  -51.557  -28.587 0.1000000015
24596  -42.943  -55.723  -27.037 0.1000000015
23537  -43.243  -56.787  -28.239 0.1000000015
22440  -42.061  -57.899  -28.143 0.1000000015
21292  -41.798  -58.616  -28.822 0.1000000015
28535  -44.656  -50.945  -29.055 0.1000000015
26595  -46.228  -54.627  -29.231 0.1000000015
25649  -46.499  -54.787  -29.026 0.1000000015
25652  -46.208  -55.222  -29.595 0.1000000015
22459  -43.672  -57.296  -29.729 0.1000000015
22450  -42.944  -57.595  -29.007 0.1000000015
21302  -42.004  -58.665  -29.509 0.1000000015
30482  -43.710  -49.150  -28.662 0.1000000015
24605  -46.112  -55.732  -29.186 0.1000000015
23540  -45.456  -56.409  -30.042 0.1000000015
23546  -44.222  -56.949  -29.413 0.1000000015
22458  -42.993  -57.619  -30.072 0.1000000015
21303  -42.443  -58.550  -30.318 0.1000000015
29528  -43.182  -49.683  -29.360 0.1000000015
30481  -42.205  -48.951  -28.928 0.1000000015
31452  -41.383  -48.278  -28.440 0.1000000015
31451  -40.216  -48.523  -28.154 0.1000000015
31450  -39.438  -48.600  -28.104 0.1000000015
22394  -40.963  -57.484  -23.850 0.1000000015
23521  -42.131  -56.293  -26.228 0.1000000015
23487  -40.897  -56.512  -24.588 0.1000000015
21200  -41.499  -58.414  -23.406 0.1000000015
24592  -42.620  -55.455  -26.407 0.1000000015
24581  -42.303  -55.105  -25.809 0.1000000015
21201  -42.318  -58.780  -22.892 0.1000000015
24593  -43.247  -55.205  -26.834 0.1000000015
27590  -46.956  -52.009  -28.707 0.1000000015
24598  -44.588  -55.590  -28.005 0.1000000015
23530  -43.824  -56.174  -28.090 0.1000000015
22366  -42.815  -58.134  -22.560 0.1000000015
21186  -43.748  -58.071  -22.665 0.2000000030
29530  -45.198  -50.146  -29.545 0.1000000015
26592  -46.493  -53.550  -28.521 0.1000000015
25644  -46.035  -54.503  -28.207 0.1000000015
24604  -45.296  -55.959  -28.598 0.1000000015
23539  -45.031  -56.486  -29.226 0.1000000015
31453  -42.396  -48.643  -28.291 0.1000000015
31446  -41.805  -47.892  -27.894 0.1000000015
31442  -41.354  -47.869  -27.224 0.1000000015
31445  -40.728  -47.726  -27.588 0.1000000015
32442  -40.069  -47.528  -27.270 0.1000000015
25622  -42.110  -54.567  -25.424 0.1000000015
25612  -41.574  -54.643  -24.960 0.1000000015
24567  -41.222  -55.508  -24.865 0.1000000015
25623  -42.801  -54.434  -26.087 0.1000000015
24591  -42.086  -55.709  -25.870 0.1000000015
24566  -40.678  -55.561  -24.117 0.1000000015
25635  -43.114  -54.878  -26.569 0.1000000015
23486  -40.521  -56.455  -23.705 0.1000000015
22364  -41.273  -57.748  -23.103 0.1000000015
25637  -45.321  -54.180  -27.256 0.1000000015
25636  -43.947  -54.522  -26.805 0.1000000015
22363  -40.903  -57.181  -22.938 0.1000000015
30484  -44.309  -49.330  -29.209 0.1000000015
29535  -45.938  -49.596  -28.990 0.1000000015
28545  -46.209  -50.406  -29.184 0.1000000015
26593  -47.668  -52.498  -28.395 0.1000000015
26587  -46.497  -53.328  -27.774 0.1000000015
25638  -46.006  -53.923  -27.548 0.1000000015
25642  -44.303  -55.130  -27.437 0.1000000015
22341  -41.399  -57.396  -22.554 0.1000000015
22365  -41.956  -57.967  -22.862 0.1000000015
24599  -45.453  -55.346  -28.320 0.1000000015
22343  -43.272  -57.471  -22.408 0.1000000015
31454  -43.240  -49.150  -27.496 0.1000000015
30476  -42.567  -48.976  -26.964 0.1000000015
31443  -41.865  -48.206  -27.320 0.1000000015
30473  -41.632  -48.306  -26.827 0.1000000015
32424  -40.327  -47.974  -24.212 0.1000000015
31441  -40.817  -47.546  -26.784 0.1000000015
33460  -40.351  -46.823  -24.493 0.1000000015
26570  -42.249  -53.728  -25.320 0.1000000015
26569  -41.783  -54.124  -25.134 0.1000000015
25611  -41.053  -54.698  -24.413 0.1000000015
26571  -43.103  -53.523  -25.719 0.1000000015
25596  -40.492  -54.675  -23.847 0.1000000015
25624  -43.402  -53.968  -26.209 0.1000000015
26581  -43.850  -53.497  -26.160 0.1000000015
24545  -40.047  -55.503  -23.218 0.1000000015
26582  -44.706  -53.479  -26.686 0.1000000015
30485  -45.033  -49.324  -28.537 0.1000000015
23457  -40.416  -56.542  -22.939 0.1000000015
22342  -42.318  -57.488  -22.401 0.1000000015
30486  -46.203  -48.851  -28.167 0.1000000015
28541  -47.192  -50.967  -29.226 0.1000000015
27591  -47.969  -51.340  -28.627 0.1000000015
26588  -47.420  -52.902  -27.971 0.1000000015
23430  -41.803  -56.957  -22.068 0.1000000015
30477  -42.934  -49.312  -26.341 0.1000000015
30461  -41.758  -49.299  -24.156 0.1000000015
127393  -42.218  -49.324  -25.171 0.1000000015
31433  -40.808  -49.013  -24.381 0.1000000015
30469  -41.029  -48.647  -25.504 0.1000000015
31422  -40.200  -48.390  -22.614 0.1000000015
28518  -43.908  -51.754  -26.037 0.1000000015
27560  -43.525  -52.684  -25.707 0.1000000015
27559  -42.643  -52.739  -25.203 0.1000000015
26557  -41.432  -53.638  -24.576 0.1000000015
28526  -44.660  -52.012  -26.274 0.1000000015
26542  -40.567  -53.657  -23.737 0.1000000015
27583  -47.847  -51.718  -27.712 0.1000000015
27575  -46.978  -51.759  -27.332 0.1000000015
27574  -46.244  -52.360  -27.023 0.1000000015
27572  -44.292  -52.681  -26.225 0.1000000015
25595  -39.956  -54.454  -23.283 0.1000000015
127400  -43.668  -48.633  -24.195 0.1000000015
30483  -45.567  -48.421  -26.757 0.1000000015
28547  -48.047  -49.311  -28.613 0.1000000015
27582  -47.043  -52.454  -27.601 0.1000000015
24523  -40.152  -55.956  -22.248 0.1000000015
23429  -40.889  -56.782  -22.235 0.1000000015
23409  -42.247  -56.452  -21.609 0.1000000015
31408  -40.763  -48.955  -22.086 0.1000000015
31423  -40.742  -48.907  -23.336 0.1000000015
31392  -40.468  -48.500  -20.826 0.1000000015
32417  -40.111  -47.858  -23.249 0.1000000015
26558  -42.115  -53.195  -24.878 0.1000000015
27537  -40.862  -52.680  -23.637 0.1000000015
27536  -40.210  -52.898  -23.183 0.1000000015
127374  -48.406  -49.024  -27.963 0.1000000015
127369  -47.179  -49.547  -27.219 0.1000000015
28527  -45.390  -51.556  -26.400 0.1000000015
127389  -47.599  -48.150  -28.399 0.1000000015
27592  -48.290  -50.453  -28.542 0.1000000015
24522  -39.848  -55.088  -22.354 0.1000000015
127403  -42.081  -49.297  -22.747 0.1000000015
30432  -42.529  -48.535  -20.501 0.1000000015
30431  -41.807  -48.932  -21.306 0.1000000015
30416  -42.149  -48.462  -19.807 0.1000000015
30415  -41.422  -48.738  -20.180 0.1000000015
31377  -41.815  -48.487  -19.111 0.1000000015
30402  -41.149  -48.748  -19.763 0.1000000015
31376  -40.768  -48.603  -19.469 0.1000000015
28506  -42.487  -51.706  -24.736 0.1000000015
27547  -42.012  -52.622  -24.600 0.1000000015
27546  -41.410  -52.596  -24.138 0.1000000015
28505  -41.860  -51.818  -24.255 0.1000000015
127372  -44.889  -50.927  -26.087 0.1000000015
28528  -46.482  -51.116  -26.857 0.1000000015
127404  -43.656  -48.543  -21.644 0.1000000015
31394  -42.690  -48.319  -19.526 0.1000000015
31362  -41.266  -48.252  -18.310 0.1000000015
32361  -40.657  -47.795  -17.993 0.1000000015
28517  -43.139  -51.756  -25.429 0.1000000015
127379  -45.465  -50.270  -26.391 0.1000000015
127405  -44.676  -48.384  -23.597 0.1000000015
127398  -45.900  -48.060  -26.642 0.1000000015
127383  -46.508  -48.576  -26.724 0.1000000015
31424  -43.356  -48.214  -20.228 0.1000000015
31378  -42.604  -48.264  -18.950 0.1000000015
31363  -42.219  -48.208  -18.272 0.1000000015
32349  -41.632  -47.874  -17.195 0.1000000015
32338  -41.305  -47.315  -16.780 0.1000000015
127378  -44.260  -50.906  -25.846 0.1000000015
127401  -45.458  -48.962  -25.438 0.1000000015
127394  -44.935  -49.905  -25.656 0.1000000015
127387  -44.719  -50.415  -25.803 0.1000000015
127414  -44.564  -48.122  -23.054 0.1000000015
127390  -45.839  -48.332  -26.726 0.1000000015
127391  -46.300  -48.801  -26.447 0.1000000015
32350  -42.592  -47.410  -17.491 0.1000000015
32340  -42.345  -46.886  -17.044 0.1000000015
33363  -42.334  -46.449  -16.578 0.1000000015
32339  -42.044  -47.249  -16.754 0.1000000015
127413  -45.685  -48.184  -24.820 0.1000000015
127386  -45.892  -48.345  -25.321 0.1000000015
33425  -44.351  -47.434  -20.188 0.1000000015
32378  -43.534  -47.638  -18.931 0.1000000015
32377  -43.000  -47.919  -18.890 0.1000000015
33375  -42.609  -46.641  -17.093 0.1000000015
34368  -43.366  -45.715  -16.530 0.1000000015
127406  -44.682  -47.663  -21.058 0.1000000015
32390  -43.808  -47.765  -19.609 0.1000000015
32379  -43.936  -47.428  -19.298 0.1000000015
33407  -43.766  -46.948  -18.496 0.1000000015
32351  -43.184  -46.915  -17.706 0.1000000015
33376  -43.172  -46.461  -17.267 0.1000000015
35347  -43.992  -45.117  -16.740 0.1000000015
34384  -43.881  -45.703  -17.378 0.1000000015
33391  -44.024  -46.416  -18.421 0.1000000015
33390  -43.653  -46.537  -17.907 0.1000000015
34385  -44.413  -45.389  -17.905 0.1000000015
16717  -40.246  -62.879  -28.383 0.1000000015
16747  -40.241  -62.495  -29.805 0.1000000015
15737  -41.718  -63.321  -31.673 0.1000000015
17865  -40.284  -62.086  -31.475 0.1000000015
15729  -42.675  -63.309  -30.431 0.1000000015
16736  -42.450  -62.425  -29.315 0.1000000015
15728  -42.282  -63.712  -30.639 0.1000000015
16761  -42.233  -62.617  -31.190 0.1000000015
15747  -41.825  -63.252  -32.142 0.1000000015
17899  -42.324  -62.239  -32.300 0.1000000015
21325  -39.985  -58.852  -31.937 0.1000000015
21338  -40.581  -58.754  -32.753 0.1000000015
21333  -39.870  -58.898  -32.343 0.1000000015
17833  -42.087  -62.068  -28.668 0.1000000015
17792  -42.211  -61.336  -26.545 0.2000000030
24614  -43.672  -55.802  -31.444 0.1000000015
24612  -41.602  -55.701  -30.279 0.1000000015
127179  -42.088  -56.671  -32.478 0.1000000015
24619  -44.206  -56.838  -31.901 0.1000000015
22470  -43.343  -57.877  -32.870 0.1000000015
127177  -41.489  -58.327  -33.108 0.1000000015
20197  -42.368  -58.285  -33.298 0.1000000015
19026  -41.335  -60.407  -33.220 0.1000000015
20090  -41.149  -60.068  -26.597 0.1000000015
18918  -41.887  -60.720  -25.437 0.2000000030
20103  -40.964  -59.471  -26.818 0.1000000015
25648  -45.349  -54.392  -29.221 0.1000000015
23551  -44.219  -57.492  -31.151 0.1000000015
21282  -41.495  -58.708  -27.691 0.1000000015
23548  -45.148  -56.918  -30.928 0.1000000015
22460  -43.587  -57.603  -30.591 0.1000000015
19028  -43.046  -58.887  -31.868 0.1000000015
29526  -40.999  -49.945  -28.326 0.1000000015
22441  -42.534  -57.130  -27.795 0.1000000015
21202  -43.333  -58.801  -22.825 0.2000000030
24597  -43.647  -55.478  -27.427 0.1000000015
23538  -43.939  -56.735  -28.830 0.1000000015
22449  -42.277  -58.122  -28.787 0.1000000015
23531  -44.586  -56.216  -28.522 0.1000000015
31438  -40.685  -48.102  -25.973 0.1000000015
32439  -40.379  -47.272  -27.013 0.1000000015
30470  -41.631  -48.739  -26.036 0.1000000015
32429  -40.499  -47.414  -25.184 0.1000000015
26583  -45.628  -53.303  -27.229 0.1000000015
27573  -45.155  -52.580  -26.609 0.1000000015
32389  -40.145  -48.109  -19.949 0.1000000015
25426  -44.375  -54.756  -11.536 0.5000000000
19932  -50.311  -59.984  -15.950 0.5000000000
18808  -49.857  -60.708  -15.703 0.5000000000
26401  -42.974  -53.250  -11.508 0.5000000000
25444  -45.223  -55.063  -12.514 0.5000000000
28362  -41.678  -51.919  -11.416 0.5000000000
27405  -42.273  -52.674  -11.399 0.5000000000
26402  -43.565  -53.887  -11.950 0.5000000000
21089  -49.812  -58.767  -15.734 0.5000000000
26414  -43.134  -53.136  -12.234 0.5000000000
28363  -42.179  -52.109  -11.853 0.5000000000
27416  -42.623  -52.589  -12.039 0.4000000060
26416  -44.046  -53.750  -13.636 0.4000000060
23328  -52.049  -56.626  -17.015 0.5000000000
23329  -52.389  -56.630  -17.749 0.5000000000
24435  -51.500  -55.296  -17.136 0.5000000000
25504  -49.956  -54.146  -17.588 0.5000000000
25490  -50.930  -53.940  -16.814 0.5000000000
26464  -49.114  -53.685  -17.538 0.4000000060
26463  -48.133  -53.421  -17.325 0.4000000060
16525  -46.327  -62.704  -14.240 0.1000000015
17638  -49.075  -61.295  -15.576 0.5000000000
26393  -42.521  -53.398  -10.710 0.5000000000
26394  -43.385  -54.071  -10.983 0.5000000000
23261  -46.132  -56.206  -12.897 0.4000000060
19931  -49.509  -59.836  -15.536 0.5000000000
28356  -41.385  -51.947  -10.610 0.5000000000
27404  -41.806  -52.710  -10.785 0.5000000000
29339  -41.171  -51.018  -10.435 0.5000000000
30274  -40.353  -49.704  -9.237 0.5000000000
30285  -40.899  -50.169  -10.266 0.5000000000
29340  -41.453  -51.263  -11.021 0.5000000000
30275  -40.771  -49.033  -9.634 0.4000000060
30305  -41.125  -50.376  -10.754 0.3000000119
28373  -42.047  -51.551  -11.899 0.5000000000
27421  -42.822  -52.607  -12.815 0.4000000060
29352  -41.325  -50.638  -11.027 0.3000000119
25460  -44.826  -54.255  -13.525 0.6999999881
25462  -46.585  -55.189  -13.756 0.5000000000
30286  -41.142  -49.289  -10.145 0.3000000119
30306  -41.356  -49.846  -11.108 0.3000000119
29353  -41.752  -50.839  -11.640 0.3000000119
28374  -42.419  -51.808  -12.415 0.4000000060
25472  -45.053  -53.774  -14.199 0.5000000000
25474  -46.704  -54.419  -14.316 0.6000000238
24401  -48.070  -55.702  -13.942 0.6000000238
22204  -48.686  -56.672  -14.606 0.6000000238
22243  -51.442  -57.953  -16.663 0.3000000119
29366  -42.210  -51.131  -12.180 0.3000000119
27425  -43.939  -52.446  -14.239 0.4000000060
26427  -46.187  -53.184  -14.689 0.5000000000
24413  -47.595  -55.147  -14.443 0.6000000238
24415  -49.187  -55.547  -15.230 0.6000000238
23313  -51.051  -56.447  -16.341 0.5000000000
29367  -42.671  -50.971  -12.623 0.4000000060
28378  -43.713  -51.517  -13.768 0.4000000060
26426  -45.311  -53.182  -14.474 0.5000000000
25475  -47.529  -54.072  -14.980 0.5000000000
24425  -48.832  -54.793  -15.491 0.5000000000
24426  -49.781  -54.869  -15.640 0.5000000000
24427  -50.576  -55.113  -16.298 0.5000000000
30321  -42.789  -49.931  -12.699 0.4000000060
29372  -43.270  -50.769  -13.202 0.4000000060
28383  -45.199  -51.361  -14.193 0.5000000000
26428  -47.070  -53.111  -14.970 0.5000000000
26432  -47.908  -53.042  -15.453 0.4000000060
25484  -50.047  -54.414  -16.448 0.5000000000
29373  -44.073  -50.565  -13.599 0.4000000060
26433  -48.546  -52.900  -16.149 0.4000000060
26434  -49.109  -53.390  -16.711 0.4000000060
25489  -49.758  -53.968  -16.894 0.5000000000
28385  -46.927  -51.091  -14.726 0.5000000000
27435  -48.303  -51.732  -15.601 0.4000000060
26444  -48.522  -52.830  -16.572 0.4000000060
28386  -47.493  -51.129  -15.365 0.3000000119
28395  -47.872  -51.009  -15.863 0.4000000060
27447  -48.124  -51.745  -16.463 0.3000000119
28409  -47.780  -51.159  -16.258 0.3000000119
26443  -47.704  -52.612  -16.607 0.3000000119
17610  -45.342  -62.596  -12.850 0.1000000015
16523  -45.412  -62.532  -14.321 0.1000000015
17611  -46.088  -63.039  -13.053 0.1000000015
18793  -46.541  -61.753  -13.904 0.4000000060
18794  -47.173  -61.310  -14.555 0.4000000060
17623  -47.714  -61.729  -14.865 0.4000000060
17624  -48.386  -61.594  -14.955 0.5000000000
18795  -48.023  -61.057  -14.650 0.4000000060
19919  -48.230  -60.129  -14.767 0.5000000000
19930  -48.801  -59.951  -15.182 0.5000000000
26384  -42.874  -54.182  -10.283 0.5000000000
26385  -43.214  -54.477  -10.646 0.5000000000
24380  -45.124  -55.755  -12.338 0.4000000060
21073  -47.789  -59.154  -14.685 0.5000000000
21074  -48.386  -59.368  -14.939 0.5000000000
29332  -40.531  -50.980  -9.744 0.5000000000
28355  -40.880  -51.934  -9.983 0.5000000000
26392  -41.929  -53.210  -10.382 0.5000000000
30273  -39.840  -50.324  -8.653 0.5000000000
23295  -46.953  -57.227  -14.082 0.6000000238
31222  -40.468  -48.725  -8.665 0.4000000060
31223  -40.936  -48.371  -9.004 0.2000000030
32192  -41.668  -48.055  -8.835 0.2000000030
31238  -41.237  -48.592  -9.593 0.3000000119
31282  -41.622  -49.190  -10.748 0.3000000119
31283  -42.280  -49.055  -11.299 0.4000000060
32236  -42.267  -48.075  -10.139 0.3000000119
32213  -42.439  -47.829  -9.502 0.3000000119
32237  -42.880  -47.832  -10.212 0.4000000060
31259  -43.115  -48.154  -10.569 0.3000000119
31297  -42.592  -49.413  -12.055 0.4000000060
30333  -43.610  -50.044  -13.252 0.4000000060
30334  -44.397  -49.637  -13.588 0.4000000060
31284  -43.158  -48.388  -11.062 0.3000000119
31298  -43.093  -48.723  -12.345 0.3000000119
29381  -45.633  -50.641  -14.233 0.4000000060
31309  -44.030  -48.573  -13.518 0.3000000119
30336  -45.607  -49.643  -14.247 0.3000000119
29384  -47.343  -50.809  -15.568 0.4000000060
31310  -45.046  -49.069  -13.835 0.2000000030
31321  -44.873  -48.607  -14.176 0.2000000030
30346  -46.145  -49.932  -15.151 0.3000000119
28394  -47.223  -50.821  -16.023 0.3000000119
31320  -44.214  -47.903  -14.305 0.1000000015
31333  -45.223  -49.036  -14.557 0.2000000030
29398  -46.518  -50.358  -15.497 0.4000000060
35283  -45.549  -44.823  -14.202 0.1000000015
18781  -45.762  -62.112  -12.927 0.1000000015
18782  -46.222  -62.428  -13.313 0.1000000015
19907  -45.738  -61.036  -13.386 0.2000000030
19916  -46.196  -60.778  -13.841 0.5000000000
19917  -46.699  -60.606  -14.340 0.4000000060
19918  -47.462  -60.269  -14.582 0.4000000060
25410  -43.558  -54.875  -10.894 0.4000000060
23247  -44.153  -56.152  -11.734 0.4000000060
23281  -45.250  -57.111  -13.298 0.4000000060
22201  -46.587  -57.880  -14.083 0.5000000000
21072  -46.690  -59.236  -14.466 0.5000000000
28346  -40.345  -52.053  -9.218 0.5000000000
27396  -41.540  -52.795  -9.927 0.5000000000
26383  -42.066  -53.760  -9.975 0.4000000060
31221  -40.018  -48.893  -8.153 0.4000000060
30260  -39.654  -49.734  -8.101 0.4000000060
29331  -39.925  -51.076  -8.968 0.5000000000
31199  -40.387  -48.212  -7.897 0.4000000060
30261  -40.146  -49.254  -8.532 0.5000000000
32153  -40.951  -46.810  -6.584 0.3000000119
32177  -41.269  -47.140  -7.581 0.3000000119
32178  -42.172  -46.922  -7.987 0.3000000119
33187  -42.413  -46.410  -7.609 0.2000000030
32193  -42.502  -47.277  -8.596 0.2000000030
33188  -43.249  -46.031  -7.724 0.1000000015
33208  -43.017  -46.621  -8.288 0.3000000119
33209  -44.004  -46.401  -8.260 0.1000000015
32194  -43.663  -47.221  -8.786 0.3000000119
32214  -43.436  -47.544  -9.580 0.3000000119
33229  -44.088  -47.673  -9.733 0.2000000030
32259  -43.785  -47.682  -11.380 0.2000000030
32239  -44.526  -48.097  -10.047 0.2000000030
32277  -43.419  -47.629  -12.782 0.2000000030
33268  -44.329  -46.830  -11.682 0.1000000015
32295  -43.575  -47.661  -13.758 0.2000000030
33270  -46.028  -46.755  -11.111 0.1000000015
33291  -44.427  -46.210  -12.360 0.1000000015
33330  -43.787  -46.465  -14.297 0.1000000015
32308  -44.176  -46.965  -14.587 0.1000000015
34276  -45.374  -45.691  -11.916 0.1000000015
34307  -45.218  -45.246  -13.062 0.1000000015
34325  -44.269  -45.769  -14.241 0.1000000015
35248  -45.724  -44.869  -13.058 0.1000000015
35284  -46.296  -44.408  -14.378 0.1000000015
36302  -47.949  -44.126  -13.904 0.1000000015
19906  -45.068  -60.886  -12.722 0.3000000119
21013  -42.803  -58.798  -11.248 0.3000000119
21039  -43.273  -59.125  -12.090 0.3000000119
21056  -44.646  -59.382  -13.230 0.3000000119
21057  -45.563  -59.583  -13.946 0.3000000119
21071  -46.200  -60.065  -14.317 0.4000000060
23229  -42.516  -56.543  -10.817 0.3000000119
22160  -43.531  -57.683  -12.313 0.3000000119
22180  -44.929  -58.257  -13.570 0.5000000000
21058  -46.134  -58.604  -14.148 0.5000000000
25398  -41.555  -54.515  -9.477 0.4000000060
24348  -42.390  -55.680  -10.458 0.5000000000
23246  -43.555  -56.629  -11.730 0.4000000060
23259  -44.362  -56.637  -12.471 0.4000000060
22181  -45.800  -57.944  -13.825 0.5000000000
30238  -38.971  -49.707  -6.868 0.4000000060
28325  -39.567  -51.859  -8.393 0.4000000060
27379  -40.796  -52.844  -8.949 0.5000000000
26370  -41.448  -53.603  -9.370 0.5000000000
32135  -39.873  -47.755  -5.719 0.4000000060
32151  -39.668  -47.932  -6.352 0.4000000060
31198  -39.594  -48.683  -7.432 0.4000000060
29313  -39.588  -50.869  -8.194 0.5000000000
32152  -40.316  -47.176  -6.273 0.4000000060
32176  -40.118  -47.868  -7.083 0.4000000060
33142  -40.701  -46.908  -5.383 0.4000000060
34176  -41.868  -45.870  -5.566 0.3000000119
34198  -42.070  -45.732  -6.408 0.3000000119
33186  -41.828  -46.195  -7.066 0.3000000119
34199  -42.719  -45.433  -6.522 0.3000000119
34217  -42.308  -45.766  -7.033 0.2000000030
34219  -43.506  -45.301  -7.281 0.1000000015
34220  -44.110  -45.373  -7.651 0.1000000015
32195  -44.751  -47.880  -8.596 0.2000000030
33210  -45.133  -46.892  -8.381 0.1000000015
32215  -44.300  -47.836  -9.327 0.2000000030
31239  -44.921  -48.602  -9.035 0.2000000030
31260  -45.372  -48.555  -9.469 0.1000000015
31261  -46.146  -48.775  -9.524 0.1000000015
32240  -45.672  -47.817  -10.330 0.1000000015
32241  -46.698  -48.155  -10.077 0.1000000015
34291  -45.718  -45.283  -12.392 0.1000000015
34279  -47.375  -46.182  -11.111 0.1000000015
34292  -46.603  -45.269  -12.027 0.1000000015
35251  -48.009  -44.943  -12.503 0.1000000015
34294  -48.783  -45.395  -12.566 0.1000000015
34308  -48.958  -44.991  -13.398 0.1000000015
34309  -49.866  -45.622  -13.846 0.1000000015
34327  -50.308  -45.321  -15.226 0.1000000015
34355  -51.368  -45.701  -16.000 0.1000000015
21001  -42.191  -58.675  -10.143 0.3000000119
19867  -43.269  -59.555  -10.945 0.2000000030
22103  -41.368  -57.274  -9.759 0.3000000119
23217  -41.374  -56.277  -9.831 0.4000000060
23216  -40.863  -56.105  -9.435 0.3000000119
29293  -38.714  -50.715  -6.705 0.3000000119
29294  -39.131  -50.676  -7.459 0.3000000119
28313  -39.180  -51.585  -7.694 0.4000000060
26357  -40.576  -53.488  -8.398 0.4000000060
24323  -40.479  -55.139  -8.467 0.3000000119
31166  -40.003  -48.064  -5.279 0.3000000119
30223  -39.158  -49.317  -5.895 0.3000000119
26340  -39.982  -53.480  -7.769 0.4000000060
25385  -40.499  -54.339  -8.198 0.4000000060
24306  -40.199  -54.900  -7.977 0.3000000119
33129  -42.622  -46.070  -4.093 0.3000000119
33126  -40.747  -47.243  -4.943 0.3000000119
34159  -41.698  -46.153  -4.835 0.3000000119
35122  -43.510  -45.087  -4.293 0.3000000119
34160  -42.431  -45.675  -4.708 0.3000000119
35140  -42.886  -45.029  -4.830 0.3000000119
34177  -42.642  -45.306  -5.631 0.3000000119
34178  -43.175  -45.089  -6.106 0.3000000119
35165  -43.631  -44.744  -6.353 0.2000000030
35182  -44.042  -44.414  -7.019 0.1000000015
36221  -44.795  -43.472  -7.376 0.1000000015
37225  -45.486  -42.523  -7.412 0.1000000015
35197  -44.574  -44.542  -7.797 0.1000000015
36240  -45.512  -43.700  -8.539 0.1000000015
35198  -45.119  -44.693  -8.428 0.1000000015
35212  -45.741  -44.675  -8.927 0.1000000015
32196  -45.696  -48.036  -8.362 0.2000000030
33212  -46.988  -47.718  -8.444 0.2000000030
32197  -46.628  -48.249  -8.414 0.2000000030
31241  -46.569  -49.279  -9.075 0.1000000015
32198  -47.523  -48.321  -8.582 0.1000000015
31242  -47.534  -49.209  -9.117 0.1000000015
33253  -47.254  -47.557  -10.592 0.1000000015
31263  -48.033  -48.828  -9.669 0.1000000015
32243  -48.294  -48.605  -10.310 0.1000000015
33272  -48.098  -46.929  -11.102 0.1000000015
32263  -48.837  -48.159  -10.773 0.1000000015
33293  -49.106  -46.413  -11.900 0.1000000015
34310  -50.701  -46.299  -14.305 0.1000000015
33316  -50.904  -46.637  -13.524 0.1000000015
34328  -50.789  -46.136  -15.021 0.1000000015
33332  -51.423  -46.721  -14.673 0.1000000015
33353  -51.683  -46.475  -15.469 0.1000000015
34356  -52.605  -46.099  -16.113 0.1000000015
33354  -52.122  -46.543  -15.966 0.1000000015
34375  -52.536  -45.490  -16.319 0.1000000015
19854  -42.558  -59.715  -9.019 0.2000000030
19862  -43.076  -60.047  -10.259 0.2000000030
19843  -41.793  -59.001  -8.701 0.2000000030
22097  -41.258  -57.722  -9.205 0.3000000119
22087  -40.325  -57.876  -7.256 0.2000000030
22096  -40.739  -57.087  -8.928 0.3000000119
27344  -38.870  -52.047  -7.331 0.3000000119
27345  -39.329  -52.574  -7.530 0.3000000119
23205  -40.193  -55.848  -8.309 0.3000000119
31152  -39.580  -48.846  -4.891 0.3000000119
30216  -39.291  -49.223  -5.141 0.3000000119
29278  -38.529  -50.695  -6.014 0.3000000119
27324  -38.774  -52.412  -6.669 0.3000000119
26322  -39.282  -53.493  -7.137 0.3000000119
25366  -39.585  -54.332  -7.227 0.3000000119
33114  -41.690  -46.872  -3.529 0.3000000119
32112  -41.512  -47.688  -3.632 0.3000000119
26321  -38.850  -53.357  -6.546 0.3000000119
25348  -39.037  -54.176  -6.600 0.3000000119
24305  -39.802  -55.234  -7.478 0.2000000030
34147  -44.547  -45.622  -3.357 0.2000000030
34146  -43.699  -45.648  -3.696 0.2000000030
35112  -44.099  -45.069  -3.773 0.3000000119
35123  -44.369  -44.527  -4.408 0.3000000119
35142  -44.432  -44.314  -5.238 0.3000000119
35141  -43.526  -44.651  -5.327 0.3000000119
36189  -44.860  -43.797  -5.462 0.2000000030
36208  -44.747  -43.374  -6.380 0.1000000015
36190  -45.312  -43.061  -5.653 0.2000000030
37207  -45.211  -42.836  -6.421 0.1000000015
38156  -46.329  -41.023  -7.649 0.1000000015
39834  -46.934  -40.132  -7.700 0.1000000015
40750  -47.723  -39.005  -7.811 0.1000000015
37242  -45.801  -42.616  -8.396 0.1000000015
38171  -46.463  -41.517  -8.364 0.1000000015
38997  -46.966  -40.640  -8.401 0.1000000015
39862  -47.970  -39.409  -9.182 0.1000000015
41685  -48.603  -37.421  -8.964 0.1000000015
43705  -49.808  -35.696  -9.063 0.1000000015
37255  -45.811  -43.195  -8.843 0.1000000015
37256  -46.203  -42.849  -9.127 0.1000000015
38180  -47.364  -41.521  -9.453 0.1000000015
40773  -48.582  -38.330  -9.458 0.1000000015
41686  -49.368  -37.375  -9.643 0.1000000015
34252  -46.145  -45.431  -9.068 0.1000000015
35213  -46.394  -44.647  -9.313 0.1000000015
34237  -46.280  -46.170  -8.923 0.1000000015
33232  -47.379  -47.060  -8.924 0.2000000030
32216  -48.243  -47.938  -8.784 0.1000000015
31243  -48.600  -48.976  -9.349 0.1000000015
30276  -49.523  -49.325  -9.956 0.1000000015
31264  -49.048  -49.151  -10.273 0.1000000015
31285  -49.363  -48.729  -10.749 0.1000000015
33274  -49.783  -47.692  -11.641 0.1000000015
33294  -50.194  -47.095  -12.243 0.1000000015
32279  -50.753  -48.407  -12.154 0.1000000015
33295  -51.353  -47.637  -12.939 0.1000000015
33317  -51.905  -47.598  -14.101 0.1000000015
33333  -52.507  -47.024  -15.169 0.1000000015
23167  -39.189  -56.279  -3.428 0.2000000030
22086  -39.834  -57.504  -6.652 0.2000000030
23199  -40.310  -56.476  -8.328 0.3000000119
24256  -39.080  -55.279  -3.631 0.2000000030
23178  -39.062  -56.076  -4.608 0.2000000030
23188  -39.325  -56.271  -5.924 0.2000000030
22090  -39.850  -56.820  -7.313 0.3000000119
23198  -39.903  -56.212  -7.785 0.3000000119
30185  -39.688  -49.918  -4.054 0.3000000119
28280  -38.969  -51.010  -4.564 0.3000000119
27296  -38.883  -51.838  -4.858 0.3000000119
26307  -38.572  -53.080  -5.806 0.3000000119
31140  -41.797  -48.444  -3.389 0.3000000119
30186  -40.071  -49.629  -3.862 0.3000000119
28256  -39.274  -51.247  -4.137 0.3000000119
26292  -38.661  -52.808  -4.743 0.3000000119
25347  -38.538  -53.952  -5.968 0.3000000119
33117  -45.033  -46.397  -3.074 0.2000000030
33103  -43.165  -47.174  -2.956 0.3000000119
24290  -38.820  -54.647  -6.020 0.2000000030
24291  -39.335  -55.168  -6.528 0.2000000030
34148  -45.474  -45.616  -3.196 0.2000000030
35113  -44.916  -44.858  -3.562 0.2000000030
35114  -45.844  -44.981  -3.673 0.2000000030
35124  -45.316  -44.385  -4.172 0.3000000119
35125  -46.169  -44.304  -4.013 0.3000000119
36177  -45.001  -44.228  -4.869 0.3000000119
37179  -46.041  -43.052  -4.556 0.3000000119
37180  -46.599  -42.859  -4.684 0.2000000030
37192  -46.589  -42.190  -5.397 0.2000000030
37209  -46.320  -41.983  -5.848 0.2000000030
38955  -46.509  -41.078  -6.568 0.1000000015
37266  -47.598  -42.564  -9.907 0.1000000015
38181  -48.007  -41.047  -9.706 0.1000000015
39019  -48.329  -40.677  -9.877 0.1000000015
39020  -49.092  -40.405  -10.208 0.1000000015
35214  -47.203  -44.577  -9.546 0.1000000015
36267  -47.936  -43.246  -10.125 0.1000000015
38194  -49.498  -41.400  -10.635 0.1000000015
34254  -47.833  -45.700  -9.661 0.1000000015
35223  -47.963  -44.289  -10.116 0.1000000015
34265  -48.364  -45.166  -10.230 0.1000000015
36269  -49.295  -43.604  -10.817 0.1000000015
37278  -49.527  -43.047  -11.220 0.1000000015
34255  -48.552  -45.918  -9.970 0.1000000015
34267  -49.439  -45.861  -10.521 0.1000000015
33256  -49.626  -46.953  -10.125 0.1000000015
33233  -48.647  -47.019  -9.440 0.1000000015
32217  -49.037  -48.313  -9.040 0.1000000015
32218  -49.863  -48.154  -9.543 0.1000000015
32219  -50.366  -48.303  -9.984 0.1000000015
31244  -49.611  -48.961  -9.502 0.1000000015
30287  -49.578  -49.314  -10.290 0.1000000015
30288  -50.080  -49.343  -10.568 0.1000000015
33296  -51.817  -48.121  -13.439 0.1000000015
24220  -40.497  -55.565  -1.542 0.3000000119
25282  -39.572  -54.156  -2.287 0.3000000119
25300  -39.126  -54.545  -2.861 0.3000000119
24282  -38.896  -55.283  -5.502 0.2000000030
26253  -39.305  -53.411  -2.645 0.3000000119
25315  -38.712  -54.528  -3.598 0.3000000119
24271  -38.701  -54.792  -4.481 0.3000000119
23194  -39.493  -56.233  -7.005 0.2000000030
30188  -41.452  -48.990  -3.545 0.3000000119
29239  -40.964  -50.482  -3.212 0.3000000119
26273  -39.299  -52.505  -3.229 0.3000000119
25329  -38.509  -53.868  -4.366 0.3000000119
33106  -45.403  -47.127  -2.837 0.2000000030
31116  -42.603  -48.455  -2.917 0.3000000119
30160  -42.898  -49.550  -2.900 0.3000000119
34149  -46.407  -45.730  -3.351 0.2000000030
34162  -47.322  -45.262  -3.890 0.2000000030
35126  -47.184  -44.571  -4.126 0.2000000030
36180  -47.375  -43.601  -4.433 0.2000000030
37181  -47.483  -42.561  -4.804 0.2000000030
37193  -47.162  -42.059  -5.248 0.2000000030
33257  -50.683  -46.799  -10.758 0.1000000015
31267  -51.165  -48.645  -10.697 0.1000000015
30289  -50.807  -49.181  -10.639 0.1000000015
31287  -50.590  -49.243  -11.599 0.1000000015
25267  -41.610  -55.148  -0.829 0.1000000015
26236  -42.668  -53.930  -1.760 0.2000000030
25284  -41.175  -54.685  -1.325 0.3000000119
25283  -40.192  -54.583  -1.870 0.3000000119
27220  -41.541  -53.067  -2.015 0.3000000119
26255  -41.070  -52.831  -2.235 0.3000000119
28233  -41.421  -51.245  -3.036 0.3000000119
27244  -40.829  -52.132  -2.528 0.3000000119
32102  -45.071  -47.900  -2.761 0.3000000119
31118  -44.502  -48.778  -2.508 0.3000000119
29208  -42.257  -50.434  -3.124 0.3000000119
32116  -47.176  -47.286  -2.976 0.2000000030
34150  -47.294  -45.843  -3.648 0.2000000030
34163  -47.997  -45.575  -4.042 0.1000000015
36181  -48.327  -43.551  -4.495 0.2000000030
35129  -49.881  -44.410  -4.883 0.1000000015
36182  -49.262  -43.517  -4.714 0.2000000030
36191  -49.693  -43.127  -4.953 0.2000000030
37183  -49.150  -42.660  -4.812 0.3000000119
26256  -42.531  -53.311  -2.102 0.3000000119
28235  -43.456  -51.558  -3.187 0.3000000119
28234  -42.474  -51.452  -3.002 0.3000000119
31119  -45.524  -48.797  -2.528 0.3000000119
30161  -43.855  -49.689  -2.591 0.3000000119
29209  -43.197  -50.557  -2.970 0.3000000119
32104  -47.220  -48.197  -2.745 0.2000000030
33132  -49.759  -46.318  -4.514 0.1000000015
34165  -49.790  -45.307  -4.657 0.1000000015
35143  -50.618  -44.205  -5.241 0.1000000015
36192  -50.222  -43.230  -5.236 0.1000000015
27247  -43.787  -52.556  -3.005 0.3000000119
28237  -45.609  -51.823  -3.239 0.2000000030
29210  -44.180  -50.658  -2.920 0.3000000119
31120  -46.498  -48.885  -2.650 0.3000000119
32118  -49.355  -47.520  -3.676 0.2000000030
32105  -47.772  -48.624  -2.901 0.2000000030
32128  -51.273  -47.301  -4.782 0.1000000015
32127  -50.201  -47.404  -4.326 0.1000000015
32138  -52.112  -47.235  -5.353 0.1000000015
33145  -51.004  -46.197  -5.133 0.1000000015
34179  -50.530  -45.212  -4.945 0.1000000015
33146  -51.727  -46.154  -5.464 0.1000000015
34180  -51.267  -45.218  -5.299 0.1000000015
35144  -51.517  -44.269  -5.493 0.1000000015
29212  -46.331  -50.813  -2.962 0.2000000030
29211  -45.225  -50.740  -2.991 0.2000000030
31141  -48.261  -48.930  -3.095 0.2000000030
30164  -46.813  -49.775  -2.614 0.2000000030
31143  -49.830  -48.474  -3.678 0.1000000015
31142  -49.017  -48.639  -3.367 0.2000000030
32129  -51.851  -47.773  -4.940 0.1000000015
32137  -51.542  -46.725  -5.207 0.1000000015
33147  -52.537  -46.184  -5.596 0.1000000015
34181  -52.013  -45.238  -5.689 0.1000000015
35146  -53.198  -44.242  -5.936 0.1000000015
35145  -52.349  -44.270  -5.727 0.1000000015
33166  -53.399  -46.124  -5.783 0.1000000015
34201  -53.614  -45.193  -6.231 0.1000000015
35167  -53.991  -44.224  -6.298 0.1000000015
33167  -54.169  -46.089  -6.227 0.1000000015
34203  -55.118  -44.994  -6.548 0.1000000015
34202  -54.434  -45.130  -6.442 0.1000000015
24399  -46.634  -55.777  -13.360 0.4000000060
25443  -44.237  -54.350  -12.582 0.5000000000
25445  -45.723  -55.489  -12.953 0.4000000060
25461  -45.953  -55.008  -13.427 0.6000000238
23296  -47.440  -56.782  -14.105 0.5000000000
23260  -45.609  -56.300  -12.797 0.4000000060
21090  -50.700  -58.922  -16.287 0.5000000000
23282  -46.450  -56.695  -13.443 0.4000000060
24400  -47.526  -55.727  -13.786 0.5000000000
21088  -48.854  -58.857  -15.257 0.5000000000
23283  -47.455  -56.150  -13.658 0.6000000238
22224  -49.153  -57.398  -15.168 0.5000000000
22244  -51.968  -57.774  -17.848 0.5000000000
22203  -48.213  -57.116  -14.569 0.5000000000
18826  -50.412  -60.523  -17.007 0.5000000000
26424  -43.730  -53.190  -13.862 0.4000000060
26465  -49.564  -53.707  -17.331 0.4000000060
25503  -49.346  -54.035  -17.843 0.4000000060
26445  -49.445  -53.478  -17.115 0.4000000060
17612  -46.417  -62.751  -13.633 0.2000000030
24363  -44.554  -55.697  -11.778 0.5000000000
24382  -46.326  -56.116  -13.007 0.4000000060
27422  -43.324  -52.513  -13.566 0.3000000119
25473  -45.709  -53.982  -14.087 0.4000000060
24412  -46.985  -55.369  -13.994 0.6000000238
31257  -41.814  -48.626  -10.364 0.3000000119
30307  -42.191  -49.936  -11.825 0.4000000060
26425  -44.453  -53.359  -14.230 0.5000000000
24414  -48.474  -55.499  -14.654 0.6000000238
23298  -49.046  -56.247  -14.723 0.6000000238
23297  -48.295  -56.228  -14.036 0.6000000238
22225  -50.478  -57.618  -15.781 0.5000000000
28382  -44.406  -51.729  -14.156 0.4000000060
27426  -44.831  -52.373  -14.378 0.4000000060
24424  -48.028  -54.671  -15.251 0.6000000238
23312  -49.921  -56.161  -15.558 0.5000000000
27427  -45.755  -52.212  -14.505 0.5000000000
25481  -47.972  -53.919  -15.350 0.5000000000
25482  -48.448  -53.877  -15.682 0.4000000060
29374  -44.984  -50.411  -13.896 0.5000000000
27428  -46.708  -52.060  -14.630 0.5000000000
27429  -47.492  -51.942  -15.081 0.5000000000
25483  -49.199  -54.054  -16.235 0.5000000000
28384  -46.136  -51.228  -14.407 0.5000000000
29382  -46.099  -50.340  -14.515 0.4000000060
29375  -45.569  -50.084  -14.157 0.4000000060
27436  -48.552  -51.853  -16.111 0.4000000060
25409  -42.870  -54.916  -10.572 0.5000000000
22222  -47.903  -58.447  -14.801 0.5000000000
31200  -40.920  -48.064  -8.416 0.3000000119
33207  -42.509  -46.795  -8.154 0.2000000030
32212  -41.854  -48.191  -9.714 0.3000000119
31258  -42.607  -48.383  -10.616 0.4000000060
33250  -43.875  -47.651  -9.958 0.3000000119
32238  -43.641  -47.873  -10.372 0.3000000119
30322  -43.551  -49.379  -13.153 0.3000000119
30335  -45.255  -49.631  -13.918 0.3000000119
31311  -45.433  -49.308  -13.999 0.3000000119
30345  -45.781  -49.731  -14.670 0.3000000119
29383  -46.747  -50.445  -15.155 0.4000000060
29399  -47.176  -50.675  -15.657 0.4000000060
33329  -43.123  -46.766  -14.133 0.2000000030
31331  -44.278  -47.720  -14.753 0.2000000030
34352  -44.650  -45.938  -15.118 0.1000000015
35262  -46.024  -44.552  -13.581 0.1000000015
25408  -42.123  -54.864  -10.126 0.4000000060
24349  -43.071  -55.621  -10.892 0.5000000000
23280  -44.523  -57.520  -13.128 0.4000000060
28345  -39.943  -51.805  -8.830 0.5000000000
33189  -43.716  -45.787  -7.710 0.1000000015
34218  -42.887  -45.664  -7.167 0.1000000015
33251  -44.129  -47.899  -10.005 0.2000000030
32260  -44.786  -47.395  -10.992 0.1000000015
32261  -45.411  -47.162  -11.084 0.1000000015
33290  -43.792  -46.750  -12.459 0.2000000030
33289  -43.149  -46.834  -12.954 0.2000000030
33269  -45.105  -46.370  -11.570 0.1000000015
33252  -46.508  -47.413  -10.618 0.1000000015
34290  -44.997  -45.664  -12.366 0.1000000015
33314  -44.043  -46.209  -13.037 0.1000000015
34306  -44.480  -45.658  -13.194 0.1000000015
33331  -44.374  -46.498  -14.757 0.1000000015
34278  -46.725  -45.883  -11.205 0.1000000015
34326  -45.001  -45.271  -13.836 0.1000000015
35249  -46.364  -44.717  -12.827 0.1000000015
35250  -47.310  -44.743  -12.601 0.1000000015
36301  -47.647  -44.173  -13.779 0.1000000015
35265  -48.916  -44.783  -13.964 0.1000000015
19888  -44.246  -60.390  -12.091 0.3000000119
19905  -44.484  -59.955  -12.714 0.3000000119
21000  -41.751  -57.956  -9.955 0.3000000119
21014  -43.249  -59.399  -11.335 0.3000000119
22112  -42.392  -57.644  -11.039 0.3000000119
22133  -42.920  -57.537  -11.703 0.3000000119
21055  -43.981  -59.291  -12.770 0.3000000119
22179  -44.244  -58.378  -13.117 0.3000000119
22134  -43.378  -57.266  -11.966 0.3000000119
23230  -43.182  -56.236  -11.213 0.3000000119
23228  -41.852  -56.477  -10.288 0.3000000119
23258  -43.668  -56.985  -12.162 0.3000000119
26369  -41.054  -53.420  -8.928 0.4000000060
25397  -41.014  -54.250  -8.791 0.4000000060
24338  -40.983  -55.238  -9.102 0.4000000060
24347  -41.816  -55.727  -10.115 0.4000000060
31177  -39.365  -48.698  -6.509 0.4000000060
28326  -40.016  -52.222  -8.655 0.4000000060
31165  -39.587  -48.493  -5.530 0.4000000060
34200  -43.250  -45.196  -6.725 0.2000000030
34235  -44.662  -45.614  -8.279 0.1000000015
31224  -45.015  -48.460  -8.735 0.2000000030
34236  -45.564  -45.841  -8.734 0.1000000015
33211  -46.292  -47.123  -8.524 0.2000000030
31226  -46.134  -48.859  -8.680 0.1000000015
31240  -45.644  -49.123  -9.041 0.1000000015
31262  -47.081  -48.889  -9.532 0.1000000015
32242  -47.573  -48.366  -10.243 0.1000000015
33271  -46.976  -46.800  -11.027 0.1000000015
33254  -47.740  -47.724  -10.634 0.1000000015
34293  -47.709  -45.488  -11.670 0.1000000015
33292  -48.492  -45.930  -11.670 0.1000000015
34295  -49.605  -46.139  -12.721 0.1000000015
33315  -50.140  -46.330  -13.069 0.1000000015
19868  -43.710  -60.220  -11.014 0.2000000030
22102  -41.007  -56.694  -9.552 0.3000000119
28297  -38.615  -51.474  -6.257 0.3000000119
26356  -40.240  -53.075  -8.215 0.4000000060
31154  -40.826  -48.080  -4.367 0.3000000119
33113  -41.289  -47.221  -3.866 0.3000000119
35166  -44.261  -44.274  -5.995 0.1000000015
36222  -45.298  -43.216  -7.956 0.1000000015
37224  -45.087  -42.816  -6.791 0.1000000015
38170  -45.940  -42.026  -7.845 0.1000000015
36239  -45.002  -43.884  -8.041 0.1000000015
31227  -47.050  -48.978  -8.742 0.1000000015
31228  -47.838  -49.019  -8.804 0.1000000015
32199  -48.290  -48.652  -8.793 0.1000000015
32264  -49.592  -48.315  -11.261 0.1000000015
19853  -42.057  -59.039  -9.126 0.2000000030
20968  -41.254  -58.781  -7.865 0.2000000030
20978  -40.786  -57.909  -8.202 0.2000000030
20979  -41.234  -58.161  -8.727 0.3000000119
22091  -40.290  -57.258  -7.763 0.2000000030
31138  -40.452  -49.026  -3.979 0.3000000119
29260  -39.020  -50.085  -4.733 0.3000000119
28288  -38.608  -51.286  -5.409 0.3000000119
27310  -38.750  -52.160  -5.627 0.3000000119
33115  -42.876  -46.539  -3.349 0.3000000119
32113  -42.281  -47.576  -3.198 0.3000000119
33116  -44.061  -46.325  -3.046 0.3000000119
37191  -45.879  -42.702  -5.096 0.2000000030
37208  -45.726  -42.234  -6.209 0.1000000015
38133  -46.211  -41.428  -6.590 0.1000000015
38155  -45.986  -41.470  -7.243 0.1000000015
38996  -46.632  -40.663  -7.894 0.1000000015
39851  -47.349  -39.760  -8.415 0.1000000015
40767  -48.085  -38.496  -8.568 0.1000000015
40766  -47.705  -39.098  -8.378 0.1000000015
37243  -46.278  -42.275  -8.741 0.1000000015
38172  -47.075  -41.080  -8.752 0.1000000015
39861  -47.520  -40.010  -9.061 0.1000000015
39006  -47.360  -40.586  -8.905 0.1000000015
42680  -49.332  -36.597  -8.916 0.1000000015
36257  -46.641  -43.647  -9.488 0.1000000015
38179  -46.564  -42.113  -9.131 0.1000000015
37257  -46.903  -42.663  -9.570 0.1000000015
39007  -47.798  -40.447  -9.451 0.1000000015
39008  -48.446  -40.056  -9.652 0.1000000015
39863  -49.004  -39.360  -9.650 0.1000000015
42681  -49.927  -36.410  -9.594 0.1000000015
34253  -46.779  -45.789  -9.364 0.1000000015
36258  -47.381  -43.486  -9.782 0.1000000015
32265  -50.146  -48.709  -11.533 0.1000000015
24239  -39.367  -55.505  -2.807 0.2000000030
25301  -39.665  -54.887  -2.407 0.3000000119
29237  -39.826  -50.257  -3.857 0.3000000119
25338  -38.636  -53.735  -5.164 0.3000000119
32099  -42.741  -47.768  -2.916 0.3000000119
29238  -40.304  -50.322  -3.544 0.3000000119
27274  -39.531  -51.801  -3.313 0.3000000119
28257  -39.707  -51.058  -3.768 0.3000000119
26272  -38.702  -53.191  -3.537 0.3000000119
24281  -38.670  -54.459  -5.325 0.3000000119
33105  -44.581  -47.080  -2.731 0.3000000119
35115  -46.716  -45.111  -3.793 0.2000000030
32100  -43.243  -47.759  -2.778 0.3000000119
36179  -46.474  -43.607  -4.322 0.3000000119
38135  -47.278  -41.370  -5.881 0.2000000030
38982  -46.176  -41.055  -6.851 0.1000000015
37267  -48.237  -42.523  -10.275 0.1000000015
38193  -48.386  -41.477  -10.228 0.1000000015
40774  -49.438  -38.395  -10.107 0.1000000015
36268  -48.547  -43.419  -10.465 0.1000000015
34266  -48.964  -45.396  -10.402 0.1000000015
33255  -49.019  -46.248  -10.107 0.1000000015
33234  -49.353  -47.656  -9.398 0.1000000015
32244  -50.275  -47.644  -10.140 0.1000000015
30278  -50.419  -49.077  -10.137 0.1000000015
24240  -40.014  -55.561  -2.272 0.3000000119
26234  -40.804  -53.559  -1.705 0.3000000119
26232  -39.576  -53.760  -2.306 0.3000000119
26252  -38.811  -53.473  -3.032 0.3000000119
30158  -41.318  -49.928  -3.202 0.3000000119
28231  -39.985  -51.473  -3.142 0.3000000119
27243  -39.906  -52.189  -2.723 0.3000000119
32101  -44.116  -47.880  -2.695 0.3000000119
33119  -46.892  -46.507  -3.229 0.2000000030
31117  -43.535  -48.686  -2.677 0.3000000119
35127  -48.168  -44.545  -4.329 0.2000000030
37182  -48.447  -42.758  -4.729 0.2000000030
38111  -47.967  -42.191  -4.749 0.2000000030
38938  -48.061  -41.135  -5.542 0.2000000030
24205  -41.615  -55.655  -0.548 0.1000000015
26235  -41.882  -53.680  -1.606 0.3000000119
26254  -40.314  -52.983  -2.326 0.3000000119
27245  -41.755  -52.274  -2.424 0.3000000119
32103  -46.193  -47.724  -2.879 0.3000000119
33120  -47.776  -46.647  -3.375 0.2000000030
34151  -47.846  -46.086  -3.708 0.2000000030
35128  -49.104  -44.462  -4.509 0.1000000015
34164  -48.952  -45.465  -4.425 0.1000000015
36183  -49.915  -43.717  -5.100 0.2000000030
27246  -42.778  -52.488  -2.569 0.3000000119
30162  -44.870  -49.762  -2.566 0.3000000119
32117  -48.182  -47.820  -3.157 0.2000000030
33121  -48.579  -46.884  -3.462 0.2000000030
33131  -48.960  -46.410  -3.996 0.2000000030
33144  -50.326  -45.949  -4.837 0.1000000015
33133  -50.529  -46.633  -4.730 0.1000000015
32126  -49.601  -46.905  -4.129 0.1000000015
28236  -44.481  -51.638  -3.339 0.3000000119
30163  -45.887  -49.811  -2.608 0.3000000119
31121  -47.278  -49.047  -2.749 0.2000000030
32119  -49.968  -47.890  -3.888 0.1000000015
31155  -50.335  -48.224  -3.969 0.1000000015
29213  -47.270  -50.364  -2.840 0.2000000030
30165  -47.513  -49.683  -2.705 0.2000000030
31156  -50.913  -48.273  -4.298 0.1000000015
34182  -52.865  -45.214  -5.791 0.1000000015
22263  -51.828  -58.270  -18.930 0.3000000119
22262  -50.605  -58.588  -19.308 0.3000000119
21175  -45.824  -58.627  -21.754 0.2000000030
18863  -44.744  -59.998  -21.547 0.2000000030
127268  -50.004  -57.941  -19.905 0.4000000060
127278  -49.054  -57.526  -21.055 0.3000000119
22282  -51.940  -57.707  -19.160 0.4000000060
127270  -47.647  -57.517  -20.835 0.3000000119
22245  -52.280  -57.070  -18.102 0.4000000060
127280  -51.060  -57.644  -20.926 0.4000000060
22327  -47.394  -57.699  -21.729 0.3000000119
20009  -46.540  -58.841  -22.325 0.2000000030
23367  -52.019  -57.085  -19.583 0.4000000060
127281  -51.195  -58.017  -20.235 0.4000000060
22328  -48.564  -57.488  -21.928 0.4000000060
24445  -52.566  -56.137  -18.642 0.4000000060
24444  -52.397  -55.584  -18.364 0.4000000060
22329  -49.942  -57.628  -21.879 0.4000000060
21177  -47.927  -57.823  -22.469 0.3000000119
20019  -46.860  -59.326  -22.712 0.3000000119
127288  -51.813  -56.372  -20.298 0.4000000060
127282  -50.755  -57.611  -21.462 0.4000000060
22346  -49.325  -57.611  -22.598 0.3000000119
21189  -47.511  -58.505  -22.797 0.4000000060
24456  -51.950  -55.219  -18.874 0.4000000060
22330  -50.882  -57.474  -22.160 0.4000000060
21190  -48.916  -57.999  -23.348 0.3000000119
25505  -51.387  -54.375  -17.906 0.4000000060
23440  -51.417  -56.345  -21.479 0.4000000060
127292  -51.505  -56.895  -21.215 0.4000000060
22347  -50.107  -57.500  -22.884 0.4000000060
25522  -50.818  -55.291  -19.447 0.4000000060
22348  -50.976  -57.048  -22.738 0.4000000060
21207  -49.552  -57.666  -23.645 0.3000000119
127291  -50.972  -55.994  -20.958 0.4000000060
22349  -51.309  -56.704  -22.258 0.4000000060
22372  -50.159  -57.243  -23.497 0.4000000060
24528  -50.232  -55.758  -21.756 0.4000000060
23439  -51.077  -56.309  -22.442 0.4000000060
22373  -50.764  -56.781  -22.961 0.4000000060
21206  -49.097  -58.099  -24.092 0.3000000119
24547  -49.850  -56.168  -22.618 0.4000000060
23463  -50.354  -56.436  -22.834 0.4000000060
20031  -48.772  -59.202  -24.417 0.2000000030
127267  -49.475  -55.687  -21.501 0.4000000060
23438  -49.281  -55.935  -22.762 0.4000000060
23462  -49.552  -56.405  -23.310 0.4000000060
22397  -48.525  -57.733  -24.471 0.2000000030
18924  -48.268  -59.821  -25.153 0.3000000119
25521  -48.815  -54.533  -18.411 0.3000000119
127279  -48.801  -55.570  -20.744 0.3000000119
23461  -48.473  -56.675  -23.856 0.3000000119
21227  -48.057  -58.495  -25.021 0.2000000030
21248  -48.319  -59.030  -25.311 0.2000000030
18940  -46.916  -61.286  -25.981 0.2000000030
26483  -48.647  -53.842  -17.857 0.3000000119
23415  -49.014  -55.768  -22.420 0.4000000060
23489  -47.881  -57.203  -24.248 0.1000000015
127275  -48.077  -53.944  -17.964 0.3000000119
25541  -47.073  -55.234  -19.818 0.3000000119
24509  -47.599  -55.559  -21.254 0.2000000030
23436  -47.699  -56.339  -22.867 0.2000000030
21247  -47.798  -59.108  -25.280 0.1000000015
18939  -46.600  -61.218  -26.271 0.2000000030
24489  -46.515  -55.480  -20.814 0.2000000030
23435  -46.545  -56.370  -22.608 0.1000000015
22370  -47.306  -57.507  -23.927 0.1000000015
20048  -46.453  -59.563  -25.047 0.1000000015
18922  -46.607  -60.564  -25.960 0.1000000015
25502  -47.419  -53.823  -17.700 0.2000000030
127273  -47.294  -54.392  -18.356 0.3000000119
27446  -47.326  -51.602  -16.322 0.2000000030
26462  -47.069  -53.362  -17.129 0.1000000015
24524  -46.573  -55.949  -22.162 0.1000000015
22369  -46.657  -57.867  -23.716 0.1000000015
20070  -46.312  -60.125  -25.435 0.1000000015
26442  -46.652  -52.695  -16.531 0.2000000030
25501  -46.477  -53.963  -17.776 0.2000000030
25520  -45.946  -54.478  -18.705 0.2000000030
24469  -45.909  -55.334  -20.363 0.1000000015
24508  -46.363  -55.713  -21.669 0.1000000015
23458  -45.389  -56.962  -23.118 0.1000000015
21204  -45.686  -58.764  -24.065 0.1000000015
18921  -45.609  -60.740  -25.812 0.1000000015
17795  -44.563  -62.110  -26.893 0.1000000015
24468  -45.232  -55.365  -20.505 0.1000000015
23412  -44.951  -56.122  -22.030 0.1000000015
22368  -45.244  -57.632  -23.259 0.1000000015
20030  -45.109  -59.534  -24.053 0.1000000015
17772  -45.015  -61.462  -26.261 0.1000000015
17815  -44.236  -62.591  -28.051 0.1000000015
24506  -44.522  -55.775  -21.412 0.1000000015
21187  -44.260  -57.958  -22.861 0.1000000015
21203  -44.417  -58.477  -23.192 0.1000000015
17794  -43.525  -62.153  -26.941 0.1000000015
20028  -43.778  -59.426  -23.385 0.1000000015
38124  -49.583  -41.605  -5.230 0.2000000030
27433  -46.807  -51.208  -15.987 0.2000000030
27445  -46.276  -52.093  -15.850 0.1000000015
26461  -45.920  -53.438  -17.121 0.1000000015
25500  -45.265  -54.111  -17.764 0.1000000015
25540  -45.095  -55.131  -19.684 0.1000000015
25557  -44.642  -55.302  -20.457 0.1000000015
23411  -44.113  -56.336  -21.757 0.1000000015
17771  -43.961  -61.660  -26.042 0.1000000015
18907  -45.089  -60.697  -25.095 0.1000000015
20029  -44.689  -59.264  -23.684 0.1000000015
23432  -43.690  -56.857  -22.190 0.1000000015
127276  -50.553  -58.117  -20.060 0.3000000119
22326  -46.945  -57.894  -21.683 0.3000000119
127277  -50.205  -57.680  -20.682 0.3000000119
21188  -46.837  -58.693  -22.493 0.3000000119
127286  -51.503  -57.251  -20.638 0.4000000060
21178  -48.717  -57.688  -22.627 0.3000000119
24457  -52.393  -55.698  -19.117 0.4000000060
127283  -51.458  -55.569  -19.816 0.4000000060
22371  -49.355  -57.189  -24.074 0.2000000030
21228  -48.636  -58.838  -24.920 0.2000000030
23437  -48.657  -55.980  -22.853 0.2000000030
20072  -47.997  -59.567  -25.328 0.2000000030
25542  -47.817  -55.477  -20.588 0.3000000119
22396  -47.563  -57.907  -24.282 0.1000000015
24526  -47.929  -55.884  -22.210 0.4000000060
24525  -47.113  -55.902  -22.156 0.2000000030
23460  -47.271  -56.956  -23.666 0.1000000015
18938  -46.051  -61.029  -26.467 0.1000000015
23459  -46.055  -56.954  -23.300 0.1000000015
21226  -47.025  -58.912  -24.598 0.1000000015
23413  -45.824  -56.064  -22.110 0.1000000015
20047  -45.501  -59.939  -24.745 0.1000000015
17773  -45.611  -61.226  -26.418 0.1000000015
24507  -45.368  -55.724  -21.553 0.1000000015
23434  -45.450  -56.567  -22.664 0.1000000015
23433  -44.547  -56.657  -22.433 0.1000000015
25519  -44.548  -54.430  -18.576 0.1000000015
19942  -47.632  -60.070  -16.528 0.3000000119
21102  -47.981  -59.254  -16.853 0.2000000030
21112  -47.579  -58.584  -17.091 0.3000000119
21113  -48.249  -58.673  -17.319 0.2000000030
16535  -48.840  -62.008  -15.528 0.4000000060
18818  -48.161  -61.088  -16.514 0.2000000030
17651  -49.095  -61.476  -16.036 0.4000000060
19943  -48.707  -60.108  -16.695 0.3000000119
22259  -47.519  -57.888  -17.621 0.2000000030
18820  -50.052  -60.900  -16.350 0.4000000060
21103  -48.664  -59.348  -17.125 0.2000000030
22260  -48.631  -58.376  -17.912 0.2000000030
23345  -46.841  -57.141  -18.730 0.1000000015
19962  -49.918  -59.783  -17.730 0.3000000119
22258  -46.161  -57.305  -17.601 0.1000000015
22281  -48.748  -57.786  -18.766 0.2000000030
23365  -45.386  -56.794  -18.991 0.1000000015
22301  -46.040  -56.992  -19.791 0.1000000015
21164  -44.272  -58.237  -20.465 0.1000000015
22300  -44.785  -57.360  -19.750 0.1000000015
22313  -45.360  -57.509  -20.484 0.1000000015
19954  -50.807  -60.065  -17.502 0.3000000119
127264  -47.916  -57.388  -19.344 0.2000000030
127266  -47.315  -57.084  -19.968 0.2000000030
19998  -44.310  -58.937  -21.437 0.1000000015
19997  -43.192  -58.941  -20.939 0.1000000015
19955  -51.310  -59.696  -17.901 0.2000000030
19964  -50.978  -59.923  -18.187 0.3000000119
127265  -49.613  -57.806  -19.418 0.2000000030
127271  -47.164  -57.320  -20.460 0.2000000030
21165  -45.464  -58.084  -21.407 0.1000000015
18862  -43.613  -60.105  -21.394 0.1000000015
21115  -50.980  -59.322  -18.970 0.3000000119
127269  -48.840  -57.497  -19.963 0.3000000119
21104  -51.266  -59.154  -16.819 0.2000000030
21166  -46.341  -57.842  -21.403 0.2000000030
19999  -45.204  -58.986  -21.802 0.1000000015
17720  -43.788  -61.391  -21.699 0.1000000015
21116  -51.420  -59.232  -18.537 0.2000000030
18877  -44.925  -60.545  -21.843 0.1000000015
20008  -46.037  -59.222  -22.026 0.1000000015
17697  -44.493  -60.735  -21.754 0.1000000015
21105  -51.577  -58.975  -17.477 0.2000000030
20018  -46.195  -59.753  -22.398 0.1000000015
18878  -45.543  -60.205  -22.164 0.1000000015
18885  -46.509  -60.290  -22.616 0.1000000015
16638  -42.939  -63.516  -22.551 0.1000000015
16613  -44.578  -62.409  -22.290 0.1000000015
17721  -44.943  -61.190  -22.224 0.1000000015
17722  -46.034  -61.095  -22.506 0.1000000015
20020  -48.012  -59.149  -23.475 0.3000000119
15574  -45.530  -63.389  -22.527 0.1000000015
19945  -50.752  -59.943  -16.726 0.3000000119
18819  -49.199  -61.084  -16.624 0.3000000119
19944  -49.486  -60.553  -17.091 0.2000000030
17696  -44.152  -60.567  -21.572 0.1000000015
21114  -48.997  -59.077  -17.655 0.2000000030
22261  -49.605  -58.898  -18.337 0.3000000119
22314  -46.565  -57.479  -20.708 0.1000000015
16612  -43.309  -62.813  -22.140 0.1000000015
15572  -43.588  -63.784  -22.626 0.1000000015
16614  -45.740  -62.142  -22.561 0.1000000015
16637  -42.308  -63.050  -22.340 0.1000000015
15602  -46.047  -63.967  -22.996 0.1000000015
14677  -45.700  -64.633  -23.308 0.1000000015
15619  -46.379  -63.266  -23.626 0.2000000030
13774  -45.138  -65.412  -24.010 0.1000000015
17742  -47.283  -61.295  -23.210 0.2000000030
16652  -46.922  -62.441  -23.730 0.2000000030
14686  -45.358  -64.722  -24.279 0.2000000030
13773  -44.810  -65.587  -24.648 0.1000000015
15634  -46.163  -63.380  -24.190 0.2000000030
16663  -46.393  -62.677  -24.589 0.1000000015
18886  -47.542  -60.323  -23.298 0.2000000030
17751  -47.491  -61.445  -23.995 0.1000000015
14685  -45.045  -64.946  -25.012 0.1000000015
15633  -45.563  -63.416  -24.829 0.1000000015
18896  -47.630  -60.918  -23.683 0.2000000030
17760  -47.220  -61.928  -24.626 0.1000000015
16682  -46.224  -62.428  -25.573 0.1000000015
18897  -48.168  -60.595  -24.183 0.1000000015
17775  -47.398  -61.513  -25.256 0.1000000015
20021  -48.809  -59.027  -23.961 0.2000000030
18887  -48.566  -59.824  -23.855 0.2000000030
18898  -48.754  -59.870  -24.407 0.2000000030
17798  -47.015  -61.425  -25.686 0.1000000015
18908  -48.153  -60.845  -24.830 0.1000000015
16705  -46.016  -62.449  -26.159 0.1000000015
17741  -46.849  -60.972  -22.813 0.1000000015
16640  -47.092  -62.148  -23.081 0.1000000015
16544  -48.317  -62.071  -16.086 0.2000000030
21101  -47.070  -58.949  -16.625 0.1000000015
18765  -45.077  -61.702  -11.611 0.1000000015
19844  -42.026  -59.713  -8.031 0.1000000015
22057  -39.479  -57.140  -3.118 0.2000000030
22067  -39.309  -57.186  -4.078 0.1000000015
19824  -41.684  -59.889  -6.798 0.1000000015
23155  -39.596  -56.372  -2.609 0.2000000030
20949  -39.848  -58.358  -5.710 0.1000000015
127159  -40.596  -58.577  -6.969 0.1000000015
17636  -47.528  -61.919  -15.324 0.2000000030
19889  -44.849  -61.053  -12.023 0.1000000015
22077  -39.381  -57.309  -5.283 0.1000000015
18764  -44.741  -61.100  -11.710 0.1000000015
20938  -39.615  -58.197  -4.604 0.1000000015
17648  -46.904  -61.689  -16.018 0.1000000015
18817  -47.196  -61.089  -16.364 0.1000000015
28238  -46.241  -51.496  -3.190 0.1000000015
27248  -44.708  -52.650  -3.214 0.1000000015
26258  -44.143  -53.436  -2.704 0.1000000015
25302  -43.780  -53.977  -2.321 0.1000000015
24222  -42.973  -55.421  -1.010 0.1000000015
26257  -43.293  -53.462  -2.334 0.1000000015
27275  -46.125  -52.964  -3.583 0.1000000015
26274  -45.585  -53.772  -3.544 0.1000000015
24224  -44.589  -55.469  -1.694 0.1000000015
28260  -45.913  -52.422  -3.380 0.1000000015
27249  -45.436  -52.873  -3.409 0.1000000015
25303  -44.353  -54.456  -2.364 0.1000000015
25287  -43.982  -54.993  -1.845 0.1000000015
23142  -43.845  -56.408  -1.027 0.1000000015
29241  -47.047  -51.137  -3.263 0.1000000015
25316  -45.898  -54.649  -3.465 0.1000000015
27276  -47.010  -52.871  -3.735 0.1000000015
25304  -45.242  -54.600  -2.910 0.1000000015
28262  -47.614  -51.901  -3.408 0.1000000015
24242  -45.457  -55.615  -2.361 0.1000000015
29242  -48.098  -50.653  -3.036 0.1000000015
26276  -47.230  -53.544  -4.303 0.1000000015
26275  -46.415  -53.866  -3.939 0.1000000015
27277  -48.103  -52.789  -4.250 0.1000000015
29243  -49.265  -50.536  -3.326 0.1000000015
30190  -48.769  -49.645  -3.064 0.1000000015
38113  -49.138  -42.019  -4.883 0.1000000015
38123  -48.576  -41.452  -5.086 0.1000000015
39795  -49.219  -39.864  -5.700 0.1000000015
29244  -50.172  -50.296  -3.610 0.1000000015
30191  -49.644  -49.457  -3.390 0.1000000015
37195  -50.389  -42.438  -5.367 0.1000000015
38121  -47.019  -41.879  -5.496 0.1000000015
38125  -50.537  -41.532  -5.532 0.1000000015
40727  -49.460  -38.489  -6.376 0.1000000015
38957  -48.303  -39.877  -5.961 0.1000000015
39809  -48.821  -39.174  -6.271 0.1000000015
25317  -46.432  -54.950  -3.989 0.1000000015
38956  -47.448  -40.752  -6.209 0.1000000015
25285  -42.242  -54.692  -1.040 0.1000000015
24206  -42.251  -55.544  -0.421 0.1000000015
29240  -46.532  -51.351  -3.220 0.1000000015
38939  -48.666  -40.698  -5.471 0.1000000015
26259  -44.830  -53.652  -3.172 0.1000000015
25286  -43.411  -54.501  -1.692 0.1000000015
23141  -43.344  -55.927  -1.003 0.1000000015
24223  -43.697  -55.441  -1.363 0.1000000015
28263  -48.761  -51.663  -3.555 0.1000000015
38940  -49.823  -40.670  -5.436 0.1000000015
28393  -46.312  -50.750  -15.673 0.1000000015
29397  -45.730  -50.176  -15.473 0.1000000015
30360  -45.303  -49.524  -15.140 0.1000000015
19928  -44.248  -60.094  -15.290 0.1000000015
21085  -44.478  -59.182  -15.733 0.1000000015
21086  -45.167  -59.319  -16.087 0.1000000015
19927  -43.262  -60.136  -15.056 0.1000000015
21084  -43.423  -59.020  -15.608 0.1000000015
21098  -44.030  -58.421  -15.960 0.1000000015
19929  -45.034  -60.094  -15.704 0.1000000015
21083  -42.379  -59.103  -15.237 0.1000000015
18804  -44.922  -61.223  -15.440 0.1000000015
21070  -42.158  -59.337  -14.576 0.1000000015
21069  -41.628  -58.887  -14.040 0.1000000015
19926  -42.604  -59.846  -14.703 0.1000000015
16379  -36.708  -62.901  -3.626 0.1000000015
16380  -37.362  -62.586  -3.210 0.1000000015
18695  -35.557  -60.781  -7.433 0.1000000015
18713  -35.710  -60.193  -8.737 0.1000000015
19840  -36.039  -59.565  -8.142 0.1000000015
19850  -36.636  -59.082  -9.887 0.1000000015
19940  -45.712  -60.073  -16.181 0.1000000015
18728  -36.272  -59.531  -10.239 0.1000000015
20995  -37.093  -58.653  -10.537 0.1000000015
21082  -41.763  -58.800  -14.858 0.1000000015
21068  -41.149  -58.556  -14.025 0.1000000015
21007  -36.856  -58.577  -11.364 0.1000000015
22156  -37.962  -57.800  -12.340 0.1000000015
22157  -39.065  -57.821  -12.511 0.1000000015
22199  -40.841  -58.315  -14.385 0.1000000015
21053  -40.982  -58.529  -13.561 0.1000000015
19913  -41.947  -59.410  -13.436 0.1000000015
22242  -47.146  -58.343  -17.094 0.1000000015
19885  -36.158  -59.455  -12.564 0.1000000015
22175  -38.433  -57.684  -13.339 0.1000000015
22177  -40.260  -58.068  -13.495 0.1000000015
21036  -40.514  -58.356  -12.374 0.1000000015
16403  -37.119  -62.000  -3.757 0.1000000015
17506  -36.159  -61.577  -5.299 0.1000000015
19800  -36.370  -59.835  -6.332 0.1000000015
18803  -44.227  -61.130  -14.734 0.1000000015
18815  -45.509  -60.851  -15.859 0.1000000015
19820  -35.880  -59.960  -7.729 0.1000000015
19841  -36.417  -59.048  -8.743 0.1000000015
19821  -36.469  -59.355  -7.440 0.1000000015
19941  -46.605  -60.047  -16.439 0.1000000015
22131  -38.138  -57.825  -11.758 0.1000000015
22158  -39.799  -57.997  -12.841 0.1000000015
21054  -41.495  -59.120  -12.898 0.1000000015
22132  -38.588  -57.837  -11.849 0.1000000015
21010  -39.463  -58.104  -11.444 0.1000000015
16381  -38.397  -62.180  -3.171 0.1000000015
17479  -37.071  -61.595  -4.086 0.1000000015
16363  -38.926  -62.735  -2.917 0.1000000015
15389  -39.697  -63.269  -3.235 0.1000000015
17633  -44.881  -62.078  -14.863 0.1000000015
17478  -36.641  -61.214  -4.535 0.1000000015
18648  -37.045  -60.333  -4.822 0.1000000015
18802  -43.643  -60.731  -14.384 0.1000000015
16532  -45.815  -62.458  -14.703 0.1000000015
19785  -36.902  -59.824  -5.493 0.1000000015
19915  -43.067  -60.357  -14.361 0.1000000015
18805  -45.709  -61.555  -15.633 0.1000000015
20965  -36.996  -58.778  -8.037 0.1000000015
20984  -37.278  -58.587  -9.561 0.1000000015
21009  -38.282  -58.044  -11.241 0.1000000015
20996  -37.818  -58.365  -10.465 0.1000000015
20985  -38.188  -58.425  -9.724 0.1000000015
21011  -40.630  -58.765  -10.904 0.1000000015
20997  -38.724  -58.393  -10.498 0.1000000015
15410  -39.862  -62.999  -3.642 0.1000000015
18791  -44.036  -61.346  -14.075 0.1000000015
16382  -39.630  -62.402  -3.811 0.1000000015
15411  -40.372  -63.267  -3.886 0.1000000015
14504  -41.851  -64.471  -5.461 0.1000000015
18789  -43.028  -60.593  -13.482 0.1000000015
18790  -43.475  -61.013  -13.633 0.1000000015
17621  -44.747  -62.155  -13.857 0.1000000015
18629  -38.475  -60.812  -4.408 0.1000000015
17462  -38.704  -61.564  -3.759 0.1000000015
19914  -42.551  -60.011  -13.726 0.1000000015
18816  -46.270  -61.154  -16.095 0.1000000015
19801  -37.166  -59.285  -6.437 0.1000000015
18649  -37.905  -60.107  -4.978 0.1000000015
21037  -41.158  -59.242  -11.722 0.1000000015
19903  -42.184  -59.663  -12.952 0.1000000015
20998  -39.682  -58.811  -10.331 0.1000000015
20974  -37.199  -58.557  -8.674 0.1000000015
20975  -37.870  -58.428  -8.939 0.1000000015
20986  -38.965  -58.746  -9.789 0.1000000015
17463  -39.282  -61.694  -4.132 0.1000000015
19904  -42.523  -60.300  -12.665 0.1000000015
17635  -46.472  -62.067  -15.225 0.1000000015
19842  -38.858  -58.903  -8.578 0.1000000015
19822  -37.536  -59.017  -7.395 0.1000000015
20967  -38.350  -58.603  -8.488 0.1000000015
19887  -42.403  -60.490  -12.167 0.1000000015
17608  -43.549  -61.686  -12.335 0.1000000015
19886  -41.911  -60.079  -12.085 0.1000000015
17480  -38.974  -61.315  -4.294 0.1000000015
20999  -40.243  -59.123  -10.410 0.1000000015
19865  -40.848  -59.446  -10.798 0.1000000015
19866  -41.165  -60.104  -11.008 0.1000000015
20977  -39.328  -59.083  -9.198 0.1000000015
19851  -39.861  -59.294  -9.785 0.1000000015
19786  -37.759  -59.571  -5.801 0.1000000015
19823  -38.624  -58.967  -7.783 0.1000000015
127163  -39.425  -59.259  -8.317 0.1000000015
18763  -42.801  -61.075  -12.003 0.1000000015
17597  -43.395  -61.998  -11.461 0.1000000015
18740  -40.981  -60.429  -10.039 0.1000000015
18741  -41.458  -60.987  -10.105 0.1000000015
17481  -39.817  -61.577  -4.795 0.1000000015
19852  -40.127  -59.846  -8.983 0.1000000015
18729  -40.873  -60.604  -9.460 0.1000000015
19802  -38.350  -59.336  -6.635 0.1000000015
17588  -43.155  -62.024  -10.577 0.1000000015
17587  -42.417  -61.615  -10.122 0.1000000015
16383  -40.593  -62.826  -4.530 0.1000000015
127160  -39.362  -59.293  -7.722 0.1000000015
18672  -38.518  -59.920  -5.806 0.1000000015
17583  -43.169  -61.767  -9.625 0.1000000015
18650  -39.135  -60.564  -5.210 0.1000000015
14483  -41.199  -64.225  -4.493 0.1000000015
14462  -42.229  -64.824  -3.409 0.1000000015
14485  -42.293  -64.523  -4.523 0.1000000015
15436  -42.143  -64.091  -5.383 0.1000000015
14505  -42.237  -64.649  -5.330 0.1000000015
18671  -35.977  -60.821  -6.194 0.1000000015
19858  -36.560  -59.111  -10.747 0.1000000015
21033  -37.292  -58.145  -11.889 0.1000000015
21008  -37.502  -58.270  -11.188 0.1000000015
22176  -39.435  -57.708  -13.446 0.1000000015
22218  -40.447  -57.671  -15.063 0.1000000015
18647  -36.445  -60.608  -5.172 0.1000000015
18628  -37.451  -60.865  -4.283 0.1000000015
18778  -43.074  -60.845  -12.995 0.1000000015
18747  -42.233  -61.075  -11.143 0.1000000015
19860  -40.572  -59.726  -10.202 0.1000000015
127162  -40.008  -59.794  -7.648 0.1000000015
18748  -42.854  -61.642  -11.302 0.1000000015
13532  -42.233  -65.469  -4.670 0.1000000015
11792  -33.145  -68.590  -27.361 0.1000000015
10784  -32.917  -69.402  -27.760 0.1000000015
13843  -32.083  -65.612  -30.116 0.1000000015
12863  -32.078  -66.052  -29.656 0.1000000015
13822  -31.883  -65.989  -27.642 0.1000000015
12845  -31.711  -66.377  -28.285 0.1000000015
11805  -30.924  -67.668  -28.696 0.1000000015
13850  -30.844  -65.415  -31.242 0.1000000015
14773  -30.097  -65.043  -31.320 0.1000000015
10785  -33.930  -69.458  -28.057 0.1000000015
12840  -31.786  -66.873  -27.579 0.1000000015
11806  -31.335  -67.242  -28.005 0.1000000015
11791  -32.102  -68.037  -27.444 0.1000000015
13829  -31.635  -65.526  -28.429 0.1000000015
11817  -31.567  -66.767  -29.054 0.1000000015
13837  -31.655  -65.235  -29.389 0.1000000015
14761  -30.826  -64.669  -29.655 0.1000000015
14768  -30.278  -64.641  -30.767 0.1000000015
15736  -30.329  -63.739  -30.183 0.1000000015
11721  -38.553  -67.092  -23.436 0.1000000015
10731  -37.313  -68.795  -23.756 0.1000000015
10786  -34.892  -69.378  -28.140 0.1000000015
9808  -35.820  -70.060  -28.213 0.1000000015
9807  -34.740  -69.788  -27.986 0.1000000015
9777  -37.376  -69.726  -26.312 0.1000000015
9765  -37.124  -69.427  -25.551 0.1000000015
10743  -37.783  -69.175  -24.351 0.1000000015
11793  -34.054  -68.539  -27.624 0.1000000015
9790  -35.560  -69.736  -27.318 0.1000000015
11794  -35.028  -68.378  -27.705 0.1000000015
12818  -32.365  -66.831  -26.910 0.1000000015
11771  -33.268  -67.734  -26.887 0.1000000015
14762  -31.193  -64.754  -29.126 0.1000000015
12751  -38.956  -66.436  -23.577 0.1000000015
11734  -38.000  -67.795  -23.577 0.1000000015
13738  -39.545  -65.448  -23.572 0.1000000015
9791  -36.629  -69.981  -27.323 0.1000000015
9766  -37.920  -69.424  -25.236 0.1000000015
9809  -36.858  -70.213  -28.130 0.1000000015
9827  -36.443  -69.848  -28.487 0.1000000015
13805  -31.994  -65.613  -26.954 0.1000000015
14734  -31.447  -64.831  -27.609 0.1000000015
15696  -31.356  -63.951  -27.682 0.1000000015
11772  -34.168  -67.493  -26.974 0.1000000015
10732  -38.229  -68.892  -23.887 0.1000000015
10788  -36.516  -68.917  -28.426 0.1000000015
11795  -35.964  -68.199  -27.910 0.1000000015
12768  -37.163  -66.915  -23.451 0.1000000015
11774  -36.276  -67.324  -27.405 0.1000000015
12824  -37.433  -66.982  -26.744 0.1000000015
12799  -37.875  -66.303  -26.295 0.1000000015
9757  -38.587  -69.487  -24.433 0.1000000015
9792  -37.628  -69.996  -27.224 0.1000000015
9810  -37.362  -69.845  -28.108 0.1000000015
11797  -37.371  -68.432  -27.704 0.1000000015
9793  -38.504  -69.636  -26.509 0.1000000015
11775  -37.077  -67.567  -27.368 0.1000000015
11776  -37.759  -68.095  -26.796 0.1000000015
9767  -38.918  -70.025  -25.027 0.1000000015
9778  -38.348  -69.804  -26.067 0.1000000015
9794  -39.133  -69.452  -26.221 0.1000000015
10789  -37.184  -69.149  -28.279 0.1000000015
13811  -37.157  -66.203  -26.514 0.1000000015
10768  -38.762  -68.903  -26.475 0.1000000015
9828  -36.953  -69.846  -28.410 0.1000000015
9829  -37.170  -69.645  -28.332 0.1000000015
10767  -37.831  -69.250  -27.374 0.1000000015
10783  -31.931  -69.161  -27.695 0.1000000015
10787  -35.834  -69.261  -28.423 0.1000000015
10801  -36.386  -69.417  -28.514 0.1000000015
10802  -36.757  -69.466  -28.490 0.1000000015
10803  -36.996  -69.504  -28.444 0.1000000015
11770  -32.691  -67.831  -27.055 0.1000000015
11796  -36.825  -68.137  -28.119 0.1000000015
12823  -36.711  -66.661  -26.940 0.1000000015
12855  -31.785  -65.977  -28.967 0.1000000015
13552  -42.082  -64.960  -5.528 0.1000000015
13836  -31.339  -64.996  -29.756 0.1000000015
13849  -29.987  -65.375  -31.719 0.1000000015
14749  -30.772  -64.405  -28.876 0.1000000015
14750  -31.292  -64.803  -28.609 0.1000000015
15390  -40.151  -63.434  -3.451 0.1000000015
15601  -43.071  -64.114  -22.879 0.1000000015
15618  -45.942  -63.941  -23.815 0.2000000030
15739  -42.206  -63.213  -30.947 0.1000000015
15748  -42.113  -63.323  -32.157 0.1000000015
15760  -42.196  -63.002  -32.329 0.1000000015
16516  -45.645  -63.029  -13.561 0.1000000015
16517  -46.230  -63.111  -13.679 0.1000000015
16518  -46.456  -62.845  -13.935 0.1000000015
16524  -45.961  -62.946  -14.155 0.1000000015
16526  -48.278  -62.023  -15.202 0.4000000060
16527  -48.625  -61.882  -15.165 0.4000000060
16531  -45.356  -62.330  -14.817 0.1000000015
16533  -46.167  -62.584  -14.520 0.1000000015
16534  -48.257  -62.104  -15.745 0.4000000060
16536  -49.015  -61.713  -15.763 0.5000000000
16545  -48.724  -62.020  -15.972 0.4000000060
16546  -48.989  -61.943  -15.876 0.4000000060
16662  -45.947  -62.809  -25.168 0.1000000015
16681  -45.660  -62.795  -25.748 0.1000000015
16749  -42.264  -62.351  -29.682 0.1000000015
16759  -40.966  -63.007  -31.344 0.1000000015
16770  -41.491  -62.909  -32.124 0.1000000015
16771  -41.856  -63.045  -32.359 0.1000000015
16772  -42.472  -62.749  -31.919 0.1000000015
16786  -42.039  -62.721  -32.528 0.1000000015
16787  -42.289  -62.653  -32.275 0.1000000015
17461  -37.720  -61.614  -3.613 0.1000000015
17634  -45.468  -62.079  -15.214 0.1000000015
17637  -48.752  -61.576  -15.219 0.5000000000
17639  -49.470  -60.979  -15.613 0.5000000000
17649  -47.665  -61.968  -16.101 0.2000000030
17650  -48.550  -61.727  -16.285 0.4000000060
17652  -49.525  -61.101  -15.874 0.4000000060
17752  -47.970  -61.065  -24.497 0.1000000015
17761  -47.861  -61.371  -24.852 0.1000000015
17774  -46.778  -61.938  -25.331 0.1000000015
17866  -40.942  -62.513  -32.061 0.1000000015
17880  -41.274  -62.445  -32.601 0.1000000015
17882  -42.428  -62.359  -32.108 0.1000000015
18609  -38.170  -61.143  -3.947 0.1000000015
18610  -38.547  -61.231  -4.117 0.1000000015
18627  -36.821  -60.686  -4.615 0.1000000015
18630  -39.098  -61.048  -4.650 0.1000000015
18696  -35.942  -60.090  -6.984 0.1000000015
18749  -44.548  -61.144  -11.150 0.1000000015
18762  -42.352  -60.644  -11.853 0.1000000015
18792  -46.102  -61.685  -13.460 0.2000000030
18806  -48.668  -60.898  -15.068 0.5000000000
18807  -49.227  -60.612  -15.453 0.5000000000
18825  -49.934  -60.840  -16.950 0.5000000000
18864  -45.349  -59.600  -21.884 0.1000000015
18888  -48.849  -59.527  -24.165 0.2000000030
18920  -44.585  -61.158  -25.395 0.1000000015
18923  -47.552  -60.689  -25.479 0.2000000030
18936  -42.389  -61.277  -25.956 0.2000000030
19784  -36.362  -60.240  -5.762 0.1000000015
19859  -40.090  -59.230  -10.171 0.1000000015
19861  -41.038  -60.326  -10.350 0.1000000015
19863  -43.739  -60.650  -10.240 0.2000000030
19946  -51.226  -59.631  -17.264 0.2000000030
19952  -49.388  -59.772  -17.310 0.2000000030
19953  -50.084  -60.300  -17.424 0.3000000119
19963  -50.441  -59.868  -17.927 0.3000000119
19965  -51.246  -59.667  -18.227 0.2000000030
20043  -41.168  -59.567  -24.693 0.1000000015
20046  -44.332  -59.957  -24.067 0.2000000030
20068  -42.081  -60.462  -24.710 0.2000000030
20071  -47.174  -59.734  -25.503 0.1000000015
20073  -48.473  -59.304  -25.197 0.2000000030
20089  -40.863  -59.497  -26.187 0.1000000015
20171  -39.603  -59.244  -31.665 0.1000000015
20957  -40.205  -58.406  -6.359 0.1000000015
20966  -37.747  -58.565  -8.161 0.1000000015
20976  -38.611  -58.602  -9.107 0.1000000015
20987  -39.420  -59.031  -9.794 0.1000000015
20988  -41.692  -58.372  -9.396 0.3000000119
20989  -42.117  -58.981  -9.423 0.2000000030
21012  -41.031  -59.298  -11.062 0.1000000015
21034  -37.800  -57.955  -11.664 0.1000000015
21035  -39.722  -58.030  -12.301 0.1000000015
21038  -43.028  -58.156  -11.945 0.3000000119
21087  -48.231  -58.755  -14.931 0.5000000000
21127  -49.587  -59.412  -17.840 0.3000000119
21128  -50.038  -59.529  -18.119 0.3000000119
21129  -50.693  -59.462  -18.531 0.3000000119
21130  -51.105  -59.650  -18.432 0.3000000119
21149  -44.101  -57.840  -19.882 0.1000000015
21176  -46.672  -58.257  -21.949 0.3000000119
21191  -49.736  -57.574  -23.389 0.3000000119
21205  -46.600  -58.443  -24.141 0.1000000015
21223  -41.899  -59.356  -23.600 0.1000000015
21225  -46.178  -59.289  -24.618 0.1000000015
21249  -48.540  -59.073  -25.212 0.2000000030
21267  -40.791  -58.973  -26.604 0.1000000015
21268  -41.168  -58.515  -26.915 0.1000000015
21293  -42.286  -58.310  -29.267 0.1000000015
21337  -39.745  -58.996  -32.820 0.1000000015
22111  -41.928  -57.438  -10.402 0.3000000119
22159  -43.225  -57.641  -11.967 0.3000000119
22161  -44.046  -57.658  -12.776 0.3000000119
22178  -43.704  -58.400  -12.708 0.3000000119
22202  -47.468  -57.937  -14.484 0.5000000000
22223  -48.215  -58.023  -15.037 0.5000000000
22241  -46.492  -58.086  -17.023 0.1000000015
22264  -52.181  -57.322  -18.661 0.4000000060
22315  -46.895  -57.768  -21.381 0.2000000030
22331  -51.408  -57.061  -21.997 0.4000000060
22340  -41.016  -57.160  -22.567 0.1000000015
22344  -44.285  -57.417  -22.711 0.1000000015
22345  -44.933  -56.966  -22.937 0.1000000015
22367  -44.540  -57.851  -23.024 0.1000000015
22393  -40.685  -56.925  -23.361 0.1000000015
22395  -47.006  -58.308  -24.133 0.1000000015
22451  -43.710  -57.142  -29.229 0.1000000015
23206  -40.359  -55.971  -8.900 0.3000000119
23245  -42.858  -56.869  -11.356 0.3000000119
23284  -47.941  -55.929  -13.697 0.6000000238
23330  -52.453  -56.632  -18.307 0.4000000060
23346  -52.433  -56.701  -18.877 0.4000000060
23366  -51.613  -58.066  -19.507 0.4000000060
23385  -52.226  -56.430  -19.674 0.4000000060
23408  -41.434  -56.440  -21.671 0.1000000015
23414  -46.314  -55.980  -22.154 0.1000000015
23416  -49.279  -55.830  -22.420 0.4000000060
23488  -47.542  -57.337  -24.095 0.1000000015
23529  -43.008  -56.347  -27.503 0.1000000015
23552  -44.307  -57.325  -31.667 0.1000000015
23553  -43.543  -57.242  -32.491 0.1000000015
24225  -45.162  -55.911  -1.679 0.1000000015
24241  -44.909  -55.026  -2.350 0.1000000015
24257  -45.698  -55.109  -2.981 0.1000000015
24270  -38.631  -54.224  -4.836 0.3000000119
24322  -40.108  -55.463  -8.003 0.3000000119
24339  -41.433  -55.436  -9.708 0.4000000060
24362  -43.881  -55.691  -11.280 0.4000000060
24381  -45.943  -55.809  -12.732 0.4000000060
24398  -46.055  -55.625  -13.112 0.4000000060
24436  -52.320  -55.804  -17.639 0.4000000060
24437  -52.597  -56.106  -18.068 0.4000000060
24443  -52.017  -54.999  -18.051 0.5000000000
24458  -52.407  -56.345  -19.293 0.4000000060
24470  -52.268  -56.601  -19.501 0.4000000060
24487  -44.918  -55.405  -21.016 0.1000000015
24488  -45.700  -55.514  -20.989 0.1000000015
24501  -40.105  -55.284  -21.700 0.1000000015
24510  -48.518  -55.726  -21.835 0.4000000060
24527  -49.573  -55.923  -22.399 0.4000000060
24529  -51.105  -55.884  -21.790 0.4000000060
24544  -39.773  -54.874  -22.875 0.1000000015
24546  -49.554  -56.117  -22.787 0.4000000060
24580  -41.806  -55.316  -25.410 0.1000000015
24616  -44.872  -56.714  -31.423 0.1000000015
25268  -41.898  -55.143  -0.480 0.1000000015
25299  -38.596  -53.890  -3.067 0.3000000119
25314  -38.419  -53.983  -3.680 0.3000000119
25330  -38.525  -54.338  -4.034 0.3000000119
25367  -40.157  -54.361  -7.710 0.4000000060
25427  -44.832  -55.303  -12.004 0.4000000060
25459  -44.023  -54.137  -13.263 0.4000000060
25523  -51.632  -54.862  -18.511 0.4000000060
25643  -45.005  -54.922  -27.612 0.1000000015
26233  -39.889  -53.708  -2.059 0.3000000119
26341  -40.383  -53.905  -7.960 0.4000000060
26415  -43.441  -53.573  -13.053 0.4000000060
26484  -48.898  -53.934  -17.961 0.3000000119
26543  -41.056  -53.133  -24.034 0.1000000015
26556  -40.818  -54.151  -24.211 0.1000000015
27221  -42.113  -52.922  -2.065 0.3000000119
27273  -38.922  -51.861  -3.904 0.3000000119
27325  -39.081  -52.959  -6.963 0.3000000119
27359  -39.909  -52.666  -8.205 0.4000000060
27360  -40.354  -52.706  -8.577 0.4000000060
27380  -41.244  -52.994  -9.267 0.5000000000
27395  -40.987  -52.518  -9.451 0.5000000000
27434  -47.273  -51.091  -16.233 0.3000000119
27448  -48.396  -51.845  -16.305 0.3000000119
27584  -48.201  -50.686  -28.062 0.1000000015
28232  -40.549  -51.474  -2.895 0.3000000119
28258  -40.444  -51.034  -3.374 0.3000000119
28259  -40.867  -51.088  -3.178 0.3000000119
28261  -46.519  -52.017  -3.298 0.1000000015
28281  -39.398  -50.955  -4.212 0.3000000119
28312  -38.816  -51.490  -7.051 0.3000000119
28377  -42.906  -51.681  -13.177 0.4000000060
28379  -44.494  -51.111  -13.872 0.4000000060
28396  -48.384  -51.382  -15.947 0.4000000060
28408  -47.524  -51.071  -16.254 0.3000000119
28410  -48.276  -51.401  -16.164 0.3000000119
28519  -44.596  -51.428  -26.164 0.1000000015
28542  -48.087  -50.363  -28.969 0.1000000015
28546  -47.104  -50.010  -28.642 0.1000000015
29207  -41.567  -50.310  -3.178 0.3000000119
29214  -47.764  -50.106  -2.745 0.2000000030
29261  -39.449  -50.396  -4.230 0.3000000119
29269  -38.672  -50.456  -5.299 0.3000000119
29354  -42.307  -50.550  -12.206 0.4000000060
29534  -44.717  -49.584  -29.487 0.1000000015
29536  -47.274  -48.751  -28.490 0.1000000015
30159  -41.863  -49.451  -3.196 0.3000000119
30187  -40.911  -49.515  -3.472 0.3000000119
30189  -48.062  -49.688  -2.850 0.1000000015
30203  -39.153  -49.609  -4.884 0.3000000119
30204  -39.582  -49.460  -4.486 0.3000000119
30205  -40.060  -49.126  -4.208 0.3000000119
30215  -38.921  -49.754  -5.297 0.3000000119
30222  -38.709  -50.001  -5.969 0.3000000119
30237  -38.673  -50.272  -6.405 0.3000000119
30277  -50.129  -49.246  -10.021 0.1000000015
30308  -50.330  -49.391  -11.104 0.1000000015
30309  -50.904  -49.423  -11.342 0.1000000015
30361  -45.969  -49.939  -15.327 0.2000000030
30403  -41.432  -48.650  -19.662 0.1000000015
30417  -42.568  -48.387  -19.856 0.1000000015
30433  -42.581  -48.413  -20.107 0.1000000015
30467  -41.225  -49.238  -25.094 0.1000000015
30474  -42.159  -48.679  -26.852 0.1000000015
31122  -47.786  -49.180  -2.878 0.2000000030
31139  -41.045  -48.481  -3.895 0.3000000119
31153  -40.207  -48.455  -4.628 0.3000000119
31225  -45.337  -48.609  -8.695 0.2000000030
31237  -40.686  -48.820  -9.278 0.4000000060
31245  -50.219  -48.845  -9.790 0.1000000015
31265  -49.639  -49.249  -10.503 0.1000000015
31266  -50.613  -48.734  -10.260 0.1000000015
31286  -49.805  -49.167  -10.969 0.1000000015
31322  -45.423  -49.165  -14.185 0.2000000030
31352  -41.470  -47.987  -17.770 0.1000000015
31353  -41.853  -48.044  -17.759 0.1000000015
31379  -42.991  -48.012  -19.192 0.1000000015
31393  -42.312  -48.404  -19.362 0.1000000015
31395  -43.237  -48.085  -19.562 0.1000000015
31409  -42.827  -48.374  -20.203 0.1000000015
31410  -42.879  -48.318  -19.923 0.1000000015
31436  -40.603  -48.528  -25.099 0.1000000015
31439  -41.172  -48.115  -26.605 0.1000000015
31444  -39.782  -48.132  -27.689 0.1000000015
31447  -42.352  -48.653  -27.514 0.1000000015
31448  -42.741  -49.219  -27.105 0.1000000015
32114  -42.863  -47.346  -3.004 0.3000000119
32115  -46.597  -47.003  -2.958 0.2000000030
32124  -40.751  -47.649  -4.646 0.3000000119
32125  -41.112  -47.665  -4.160 0.3000000119
32136  -40.352  -47.580  -5.257 0.4000000060
32175  -39.585  -48.223  -6.885 0.4000000060
32262  -48.086  -48.001  -10.636 0.1000000015
32275  -42.549  -47.063  -12.793 0.2000000030
32276  -42.948  -47.054  -12.770 0.2000000030
32278  -50.142  -48.016  -11.670 0.1000000015
32293  -42.795  -47.239  -13.007 0.2000000030
32294  -42.933  -47.259  -13.341 0.2000000030
32306  -42.970  -47.224  -14.013 0.2000000030
32307  -43.666  -47.205  -14.330 0.1000000015
32324  -44.196  -47.408  -14.600 0.1000000015
32325  -44.430  -47.262  -14.958 0.1000000015
32348  -40.787  -47.619  -17.218 0.1000000015
32362  -41.159  -47.912  -17.705 0.1000000015
32363  -42.937  -47.861  -18.401 0.1000000015
32364  -43.392  -47.317  -18.068 0.1000000015
32376  -40.212  -48.160  -19.475 0.1000000015
32443  -40.431  -47.498  -27.258 0.1000000015
33104  -43.659  -47.078  -2.767 0.3000000119
33118  -46.037  -46.520  -2.828 0.2000000030
33127  -41.158  -46.856  -4.472 0.3000000119
33128  -42.071  -46.333  -4.152 0.3000000119
33130  -48.256  -46.306  -3.708 0.2000000030
33143  -41.261  -46.428  -5.430 0.4000000060
33164  -40.843  -46.634  -6.020 0.4000000060
33165  -41.434  -46.388  -6.390 0.3000000119
33230  -44.268  -47.959  -9.759 0.2000000030
33231  -46.658  -46.579  -8.967 0.1000000015
33273  -49.278  -47.401  -11.448 0.1000000015
33288  -42.754  -46.738  -12.988 0.2000000030
33311  -42.535  -47.108  -13.200 0.2000000030
33312  -42.769  -46.801  -13.521 0.2000000030
33313  -43.472  -46.380  -13.487 0.1000000015
33362  -41.537  -46.714  -16.446 0.1000000015
33364  -42.869  -46.272  -16.775 0.1000000015
33408  -44.195  -46.827  -19.124 0.1000000015
33424  -44.115  -47.403  -19.543 0.1000000015
34161  -43.028  -45.729  -4.117 0.3000000119
34277  -45.860  -45.736  -11.557 0.1000000015
34305  -43.973  -45.979  -13.610 0.1000000015
34324  -43.789  -46.058  -13.944 0.1000000015
34353  -45.035  -45.321  -14.723 0.1000000015
34357  -52.776  -45.655  -16.308 0.1000000015
34367  -42.814  -46.031  -16.446 0.1000000015
34399  -43.990  -45.908  -18.093 0.1000000015
35111  -43.757  -45.246  -3.909 0.3000000119
35121  -42.970  -45.365  -4.500 0.3000000119
35181  -43.562  -44.869  -6.881 0.2000000030
35224  -48.813  -44.421  -10.488 0.1000000015
35261  -45.507  -44.954  -13.555 0.1000000015
35263  -47.027  -44.247  -13.578 0.1000000015
35264  -48.153  -44.448  -13.342 0.1000000015
35327  -43.700  -44.745  -16.199 0.1000000015
36178  -45.539  -43.546  -4.656 0.3000000119
36209  -45.262  -42.886  -6.183 0.2000000030
36256  -46.004  -43.764  -9.092 0.1000000015
36320  -47.389  -44.124  -13.989 0.1000000015
36321  -47.686  -44.126  -14.119 0.1000000015
37194  -49.712  -42.519  -5.103 0.3000000119
38112  -48.477  -42.053  -4.749 0.2000000030
38122  -47.599  -41.668  -5.326 0.2000000030
38134  -46.733  -41.610  -5.955 0.2000000030
38192  -47.838  -41.995  -10.069 0.1000000015
38954  -46.288  -41.190  -6.673 0.1000000015
39850  -46.929  -40.271  -8.117 0.1000000015
39852  -47.743  -39.173  -8.657 0.1000000015
127161  -40.615  -58.111  -7.627 0.2000000030
127167  -40.260  -58.779  -31.603 0.1000000015
127172  -43.024  -58.212  -33.137 0.1000000015
127174  -42.989  -57.928  -30.519 0.1000000015
127175  -40.631  -56.500  -29.999 0.1000000015
127181  -42.176  -56.548  -32.281 0.1000000015
127184  -43.828  -58.225  -31.945 0.1000000015
127272  -47.100  -57.445  -20.664 0.2000000030
127274  -48.304  -55.590  -21.292 0.3000000119
127284  -49.286  -55.756  -21.902 0.4000000060
127285  -51.266  -57.383  -21.452 0.4000000060
127287  -52.309  -55.985  -19.689 0.4000000060
127289  -51.893  -55.553  -19.734 0.4000000060
127290  -51.450  -55.846  -20.303 0.4000000060
127368  -47.193  -51.060  -27.286 0.1000000015
127370  -48.206  -49.902  -28.129 0.1000000015
127371  -48.276  -49.689  -28.492 0.1000000015
127373  -47.331  -48.598  -27.284 0.1000000015
127375  -48.356  -49.027  -28.421 0.1000000015
127376  -47.802  -48.381  -27.503 0.1000000015
127377  -47.563  -48.749  -27.324 0.1000000015
127380  -46.596  -48.263  -27.343 0.1000000015
127381  -46.668  -48.442  -26.982 0.1000000015
127382  -46.912  -48.281  -27.344 0.1000000015
127384  -48.134  -48.301  -28.365 0.1000000015
127388  -47.105  -48.084  -27.891 0.1000000015
127396  -46.176  -48.148  -26.627 0.1000000015
