#!ascii label  , from subject sub-01 vox2ras=TkReg
826
64663  -27.869  -15.971  -11.006 0.4285714328
67031  -28.645  -14.314  -10.858 0.2857142985
67030  -27.744  -14.208  -11.194 0.4285714328
67016  -29.341  -14.139  -10.624 0.4285714328
68225  -29.736  -13.627  -10.509 0.4285714328
69314  -27.987  -12.658  -11.944 0.2857142985
68239  -29.223  -13.315  -11.063 0.4285714328
69302  -29.945  -12.833  -10.691 0.4285714328
70413  -28.859  -11.381  -12.180 0.4285714328
70395  -29.505  -11.241  -11.784 0.4285714328
71423  -28.887  -10.546  -12.297 0.4285714328
72465  -29.320  -9.454  -11.926 0.4285714328
73520  -28.975  -8.756  -12.843 0.5714285970
72466  -29.904  -8.716  -11.696 0.2857142985
73541  -29.240  -7.944  -13.150 0.7142857313
73521  -29.538  -8.132  -12.342 0.7142857313
75636  -30.427  -6.551  -12.194 0.7142857313
75616  -30.863  -6.344  -11.742 0.4285714328
74600  -30.087  -7.204  -12.347 0.7142857313
74601  -30.549  -7.161  -11.776 0.5714285970
76673  -31.137  -5.286  -11.768 0.5714285970
75635  -29.982  -6.265  -12.706 0.5714285970
76693  -30.541  -5.726  -12.374 0.5714285970
77799  -30.850  -4.700  -12.745 0.5714285970
76692  -30.233  -5.339  -13.346 0.5714285970
77784  -31.611  -4.514  -11.569 0.4285714328
78867  -31.177  -3.473  -12.801 0.5714285970
78868  -31.530  -2.825  -12.326 0.5714285970
78878  -30.353  -3.525  -13.693 0.7142857313
79920  -31.703  -2.179  -12.016 0.7142857313
78866  -30.628  -4.034  -13.097 0.5714285970
77834  -29.627  -4.124  -14.596 0.5714285970
79930  -31.096  -2.446  -13.838 0.8571428657
80939  -31.814  -1.313  -12.731 0.7142857313
80940  -32.213  -1.328  -11.830 0.5714285970
79929  -30.518  -2.799  -13.863 0.7142857313
79942  -29.886  -3.139  -15.192 0.5714285970
81915  -31.916  -0.642  -12.960 0.7142857313
81901  -32.554  -0.536  -11.518 0.5714285970
82955  -32.254  0.497  -12.790 0.5714285970
80950  -31.424  -1.517  -13.586 0.7142857313
82938  -32.632  0.465  -11.791 0.5714285970
80964  -31.226  -1.641  -14.270 0.5714285970
81942  -31.334  -0.659  -14.290 0.7142857313
81927  -32.014  -0.131  -13.283 0.7142857313
83992  -32.576  1.251  -13.153 0.7142857313
83975  -32.554  0.995  -12.451 0.7142857313
81961  -31.583  0.120  -14.622 0.7142857313
81943  -32.114  -0.185  -14.219 0.7142857313
82968  -32.252  0.594  -13.781 0.7142857313
83993  -33.048  2.062  -13.403 0.7142857313
82987  -31.780  0.714  -14.587 0.7142857313
81959  -30.311  -0.200  -14.856 0.5714285970
84974  -33.245  3.039  -13.782 0.5714285970
85893  -33.928  3.779  -13.086 0.5714285970
84024  -31.740  1.519  -14.778 0.8571428657
83007  -31.159  0.722  -14.858 0.8571428657
84973  -32.571  2.770  -14.632 0.7142857313
84993  -32.218  2.074  -14.833 0.7142857313
85943  -32.886  4.402  -15.385 0.8571428657
86821  -33.432  4.300  -14.463 0.5714285970
85907  -32.824  3.430  -15.181 0.8571428657
84972  -32.425  3.141  -15.190 0.8571428657
84992  -31.853  2.536  -15.051 0.8571428657
87740  -31.676  5.166  -14.461 0.8571428657
88670  -32.215  5.786  -14.544 0.8571428657
88648  -31.893  6.899  -13.735 0.8571428657
85927  -32.325  3.779  -15.361 0.8571428657
87739  -31.348  5.562  -13.964 0.8571428657
88646  -30.553  5.976  -12.848 1.0000000000
88658  -31.188  5.802  -13.512 1.0000000000
87729  -31.269  4.748  -14.394 0.8571428657
88647  -31.490  6.431  -13.042 1.0000000000
89575  -30.907  7.086  -12.372 1.0000000000
90480  -29.080  8.981  -12.584 0.7142857313
89574  -29.825  6.985  -12.361 1.0000000000
89561  -30.249  7.960  -12.022 1.0000000000
92418  -30.113  11.608  -11.476 1.0000000000
93338  -29.113  11.802  -12.340 0.8571428657
95136  -29.423  13.549  -11.718 0.8571428657
94224  -29.817  12.709  -11.488 1.0000000000
97646  -30.570  16.561  -11.531 0.8571428657
95957  -29.701  15.091  -12.144 0.8571428657
95958  -30.171  14.680  -11.716 1.0000000000
99363  -30.604  18.194  -11.846 0.8571428657
100230  -30.205  18.817  -12.186 0.7142857313
99361  -28.774  18.303  -11.763 0.5714285970
101077  -29.123  20.298  -12.284 0.7142857313
100238  -29.715  19.521  -12.316 0.5714285970
100236  -27.688  19.726  -13.175 0.5714285970
99367  -28.225  18.648  -11.884 0.5714285970
100228  -27.598  19.387  -12.175 0.4285714328
101849  -27.333  21.170  -12.355 0.4285714328
101850  -28.003  21.159  -12.740 0.4285714328
101063  -26.953  20.090  -10.869 0.2857142985
101839  -27.019  21.037  -10.675 0.2857142985
101070  -27.308  20.179  -11.889 0.2857142985
68238  -28.278  -13.356  -11.295 0.2857142985
85909  -33.427  4.066  -13.787 0.5714285970
84005  -32.434  1.644  -14.222 0.7142857313
84006  -32.860  2.355  -14.042 0.7142857313
85928  -33.241  4.001  -15.270 0.8571428657
87750  -32.883  5.386  -15.234 0.8571428657
88671  -32.789  5.847  -14.925 0.8571428657
88659  -31.600  6.124  -14.095 0.8571428657
90481  -29.645  8.802  -11.846 0.8571428657
101056  -28.877  20.563  -9.405 0.1428571492
68237  -27.421  -13.304  -11.547 0.2857142985
69315  -28.714  -12.513  -11.526 0.2857142985
69316  -29.537  -12.188  -11.312 0.4285714328
71402  -30.307  -10.631  -11.409 0.4285714328
70412  -28.308  -11.248  -12.665 0.2857142985
72464  -28.679  -9.649  -12.676 0.4285714328
69334  -29.014  -11.843  -11.788 0.4285714328
73522  -30.145  -7.903  -11.733 0.4285714328
74623  -28.846  -7.315  -13.334 0.2857142985
74599  -29.484  -7.046  -13.028 0.7142857313
75634  -29.699  -6.000  -13.468 0.5714285970
77771  -32.056  -4.172  -10.732 0.4285714328
76712  -30.040  -5.275  -13.928 0.7142857313
77798  -30.449  -4.470  -13.428 0.7142857313
77783  -31.382  -4.411  -12.252 0.7142857313
78849  -31.678  -3.982  -12.168 0.5714285970
78850  -31.866  -3.312  -11.694 0.4285714328
79919  -31.442  -2.304  -12.874 0.7142857313
78895  -29.923  -3.586  -14.591 0.5714285970
79943  -30.398  -2.510  -14.760 0.5714285970
81926  -31.690  -0.705  -13.488 0.7142857313
83976  -32.981  1.634  -12.153 0.5714285970
81941  -30.823  -0.416  -14.667 0.8571428657
86837  -33.471  4.839  -14.785 0.5714285970
89576  -31.734  7.650  -12.943 1.0000000000
87727  -29.899  5.168  -13.322 1.0000000000
89560  -29.303  8.052  -12.398 0.8571428657
91431  -29.133  9.777  -11.978 0.7142857313
91432  -30.168  9.734  -11.566 1.0000000000
92430  -30.170  10.920  -11.898 0.7142857313
92431  -30.809  10.473  -11.404 1.0000000000
92429  -28.687  10.831  -12.333 0.7142857313
96815  -30.000  15.748  -12.135 0.8571428657
95137  -29.959  13.893  -11.455 1.0000000000
95119  -30.054  13.294  -11.367 1.0000000000
99362  -29.740  18.173  -11.914 0.7142857313
101075  -27.732  20.185  -12.931 0.7142857313
100237  -28.479  19.411  -12.543 0.7142857313
101846  -26.888  21.169  -11.438 0.2857142985
101851  -28.720  21.084  -12.307 0.4285714328
102634  -27.823  22.092  -12.494 0.4285714328
102633  -27.276  22.131  -11.837 0.4285714328
75655  -28.971  -6.454  -13.876 0.4285714328
101091  -27.785  20.240  -13.821 0.7142857313
65799  -28.011  -15.044  -10.687 0.4285714328
71401  -29.554  -10.401  -11.769 0.4285714328
71422  -28.139  -10.304  -13.141 0.4285714328
72486  -28.269  -9.122  -13.261 0.4285714328
73540  -28.577  -8.079  -13.304 0.2857142985
79906  -32.413  -2.207  -11.344 0.5714285970
78879  -30.707  -3.010  -13.467 0.7142857313
77816  -30.012  -4.637  -14.163 0.7142857313
79944  -31.124  -2.067  -14.582 0.5714285970
81916  -32.194  -0.430  -12.400 0.5714285970
80963  -30.806  -1.264  -14.715 0.7142857313
81960  -30.935  0.145  -14.719 0.8571428657
85908  -33.222  3.635  -14.643 0.8571428657
86847  -32.166  4.644  -15.154 0.8571428657
87749  -32.411  5.278  -14.971 0.8571428657
98494  -30.139  17.420  -11.582 0.8571428657
100229  -29.396  18.828  -12.267 0.7142857313
100253  -27.945  19.943  -13.639 0.5714285970
99366  -27.646  18.898  -11.774 0.5714285970
101054  -27.696  19.914  -10.079 0.2857142985
101830  -27.979  20.887  -10.356 0.2857142985
101831  -28.852  20.913  -10.298 0.1428571492
69333  -28.396  -11.903  -12.073 0.2857142985
101076  -28.151  20.239  -12.862 0.5714285970
103441  -27.110  24.123  -13.319 0.2857142985
105014  -26.667  25.240  -12.381 0.1428571492
103428  -27.282  23.307  -13.014 0.2857142985
104197  -26.402  24.115  -11.915 0.1428571492
102616  -26.798  22.190  -11.095 0.1428571492
103415  -27.315  22.655  -12.471 0.2857142985
103398  -26.767  23.202  -11.191 0.1428571492
102668  -29.083  23.282  -13.627 0.2857142985
101104  -32.593  20.953  -13.551 0.2857142985
102650  -31.101  22.244  -13.722 0.2857142985
105005  -27.158  24.789  -11.737 0.1428571492
101093  -31.050  20.915  -12.487 0.2857142985
102648  -28.565  22.604  -12.883 0.2857142985
102647  -27.742  22.699  -12.929 0.2857142985
100254  -33.341  18.978  -12.630 0.1428571492
101864  -31.196  21.651  -12.803 0.2857142985
102649  -29.925  22.281  -12.782 0.2857142985
102636  -29.288  21.670  -12.299 0.2857142985
98526  -34.119  17.176  -15.162 0.1428571492
99381  -33.943  18.258  -13.931 0.1428571492
101080  -32.283  20.046  -12.340 0.4285714328
101852  -29.693  21.204  -12.284 0.2857142985
96827  -33.225  15.533  -12.128 0.2857142985
99368  -32.394  18.428  -11.859 0.4285714328
100239  -30.735  19.511  -12.185 0.2857142985
95993  -33.635  14.545  -13.445 0.1428571492
98503  -33.485  17.362  -12.172 0.2857142985
100240  -31.722  19.288  -11.760 0.4285714328
97654  -32.366  17.045  -11.664 0.5714285970
100231  -31.011  18.831  -11.965 0.7142857313
94242  -33.340  13.235  -12.983 0.1428571492
95976  -33.193  14.669  -12.627 0.1428571492
99364  -31.464  18.361  -11.797 0.7142857313
97648  -32.277  15.991  -11.579 0.4285714328
94241  -32.867  12.346  -12.708 0.2857142985
95138  -32.685  12.962  -11.852 0.7142857313
94225  -30.541  12.707  -11.132 0.8571428657
95121  -32.135  13.579  -11.462 0.8571428657
96817  -31.845  15.473  -11.547 0.5714285970
93358  -33.053  10.612  -13.798 0.2857142985
94259  -33.233  11.435  -13.883 0.2857142985
95959  -31.338  14.607  -11.473 0.7142857313
96826  -29.333  15.350  -12.167 0.5714285970
94240  -32.256  12.394  -11.716 0.7142857313
92464  -33.121  9.989  -14.133 0.1428571492
87738  -28.419  5.298  -14.103 0.5714285970
88645  -29.332  6.026  -12.786 0.8571428657
89573  -28.677  7.121  -12.599 0.8571428657
88644  -28.405  6.312  -13.273 0.4285714328
92419  -30.552  11.346  -11.256 0.8571428657
91434  -32.069  9.547  -12.194 0.8571428657
93325  -30.922  12.158  -11.078 0.8571428657
91448  -32.913  9.261  -13.920 0.2857142985
92432  -31.866  10.477  -11.540 0.8571428657
93326  -31.701  11.636  -11.418 0.8571428657
91465  -33.277  9.240  -14.357 0.4285714328
92433  -32.846  10.162  -12.431 0.7142857313
93340  -32.598  11.318  -12.033 0.7142857313
86831  -27.405  4.446  -14.921 0.2857142985
87726  -28.898  5.320  -13.639 0.5714285970
90482  -30.771  8.943  -11.762 0.8571428657
91433  -31.211  9.644  -11.745 0.8571428657
90484  -32.319  8.851  -12.576 0.8571428657
90515  -33.473  8.376  -14.575 0.4285714328
83004  -29.697  0.026  -15.117 0.7142857313
84020  -28.392  1.363  -15.187 0.4285714328
83005  -30.503  0.174  -15.067 0.7142857313
84022  -30.648  1.320  -14.975 0.8571428657
84990  -30.042  2.268  -14.870 0.5714285970
85923  -28.226  3.291  -14.654 0.5714285970
85940  -30.559  2.884  -14.990 0.8571428657
85924  -29.320  3.206  -14.543 0.5714285970
86832  -28.666  4.460  -14.177 0.5714285970
86835  -31.439  4.301  -14.890 0.8571428657
86818  -30.279  4.456  -13.872 0.7142857313
86817  -29.400  4.631  -13.767 0.5714285970
88660  -32.425  6.617  -14.469 0.7142857313
90499  -32.021  8.375  -12.630 0.8571428657
89587  -33.793  7.412  -14.658 0.2857142985
89586  -32.917  7.545  -14.699 0.4285714328
79958  -29.994  -2.026  -15.415 0.4285714328
81958  -30.018  -0.623  -15.467 0.4285714328
83003  -28.783  -0.048  -15.550 0.4285714328
84023  -31.259  1.428  -14.883 0.7142857313
85926  -31.214  3.272  -15.073 0.8571428657
88672  -33.059  5.800  -15.204 0.7142857313
88662  -34.191  6.374  -14.409 0.2857142985
88661  -33.280  6.392  -15.086 0.5714285970
79957  -29.563  -2.631  -15.788 0.4285714328
80975  -29.003  -1.737  -16.177 0.5714285970
82986  -31.196  0.905  -15.028 0.7142857313
86822  -34.084  4.795  -13.867 0.4285714328
87742  -34.169  5.512  -14.323 0.4285714328
87741  -33.720  5.636  -14.735 0.4285714328
77833  -29.336  -4.683  -14.690 0.5714285970
81883  -32.807  -0.543  -10.827 0.4285714328
85877  -33.746  3.513  -12.124 0.4285714328
84957  -33.262  2.837  -12.671 0.4285714328
86804  -34.211  4.223  -12.406 0.4285714328
85910  -33.894  4.250  -13.479 0.4285714328
71403  -30.792  -10.059  -11.384 0.1428571492
84940  -33.418  2.657  -11.622 0.4285714328
73501  -30.584  -8.600  -11.477 0.1428571492
73502  -31.206  -8.200  -11.136 0.1428571492
76664  -31.673  -5.252  -10.882 0.2857142985
80909  -33.407  -1.548  -10.006 0.2857142985
83928  -33.652  0.495  -9.357 0.2857142985
81884  -33.218  -0.583  -10.220 0.2857142985
78834  -32.664  -3.065  -10.576 0.4285714328
83943  -33.658  0.991  -9.933 0.2857142985
82920  -33.152  0.400  -10.739 0.2857142985
80908  -33.036  -1.215  -10.572 0.2857142985
83944  -33.673  1.978  -9.806 0.2857142985
83956  -33.309  1.738  -10.807 0.4285714328
72444  -31.171  -9.385  -11.223 0.1428571492
74569  -31.568  -7.379  -10.405 0.2857142985
75607  -31.472  -6.187  -11.167 0.2857142985
77756  -33.160  -4.539  -9.543 0.2857142985
78820  -33.378  -3.359  -9.685 0.2857142985
78835  -33.181  -3.117  -10.182 0.2857142985
77755  -32.738  -3.917  -10.068 0.2857142985
79888  -33.347  -2.579  -10.155 0.2857142985
73492  -31.704  -8.756  -10.437 0.1428571492
75595  -33.189  -6.306  -9.113 0.2857142985
73493  -32.494  -8.140  -9.710 0.2857142985
75594  -32.668  -6.248  -9.736 0.2857142985
75608  -32.047  -6.216  -10.381 0.2857142985
74579  -31.054  -7.176  -11.269 0.2857142985
76649  -32.574  -5.144  -10.190 0.2857142985
71390  -30.667  -10.827  -11.063 0.1428571492
70396  -30.014  -11.476  -11.238 0.2857142985
71391  -31.105  -10.542  -10.952 0.1428571492
64664  -28.570  -15.666  -10.620 0.2857142985
63509  -28.439  -16.491  -10.667 0.2857142985
69317  -30.143  -12.029  -10.865 0.2857142985
64649  -29.298  -16.276  -10.398 0.1428571492
63508  -27.744  -17.082  -10.779 0.2857142985
74570  -32.271  -7.051  -9.862 0.2857142985
76650  -33.065  -5.501  -9.513 0.2857142985
79867  -33.655  -2.249  -9.288 0.2857142985
81869  -33.565  -0.691  -9.543 0.2857142985
80927  -32.711  -1.320  -11.144 0.4285714328
82919  -32.683  -0.030  -11.153 0.4285714328
83957  -33.534  2.346  -10.320 0.2857142985
84021  -29.606  1.140  -14.951 0.7142857313
84919  -33.499  2.793  -10.732 0.4285714328
86833  -29.780  3.940  -14.267 0.5714285970
86838  -33.857  5.196  -14.412 0.4285714328
87730  -34.618  5.688  -13.930 0.2857142985
89588  -34.449  7.424  -13.972 0.2857142985
95974  -29.639  14.184  -11.710 0.7142857313
89577  -32.243  7.691  -14.062 0.7142857313
98493  -29.266  17.445  -11.627 0.4285714328
97645  -29.637  16.637  -11.619 0.5714285970
94226  -31.440  12.643  -11.207 0.8571428657
96816  -30.917  15.606  -11.501 0.8571428657
93341  -33.520  10.989  -12.902 0.5714285970
97655  -32.880  16.498  -11.716 0.4285714328
104173  -27.844  24.117  -11.584 0.1428571492
101081  -32.776  19.895  -12.573 0.2857142985
99379  -33.430  18.727  -12.852 0.1428571492
65786  -29.211  -15.048  -10.494 0.1428571492
65798  -27.180  -15.123  -11.232 0.2857142985
68226  -30.380  -13.546  -10.164 0.1428571492
70384  -30.581  -11.329  -10.875 0.1428571492
72434  -32.425  -9.520  -9.824 0.1428571492
78800  -33.863  -2.964  -8.885 0.2857142985
80892  -33.638  -1.395  -9.313 0.2857142985
84920  -33.527  2.866  -9.943 0.2857142985
82984  -30.477  0.561  -15.205 0.7142857313
82985  -31.070  0.629  -15.319 0.5714285970
84988  -27.888  2.305  -14.944 0.4285714328
84989  -28.884  2.185  -14.613 0.5714285970
87737  -27.884  5.401  -14.424 0.2857142985
85854  -33.568  3.518  -11.269 0.2857142985
85925  -30.385  3.104  -14.777 0.7142857313
87685  -33.721  4.722  -11.475 0.1428571492
87716  -34.336  4.928  -12.608 0.4285714328
86805  -34.390  4.524  -13.072 0.4285714328
87717  -34.835  5.425  -13.134 0.1428571492
89562  -31.131  8.190  -12.128 0.8571428657
88649  -34.811  6.626  -13.519 0.1428571492
90514  -32.760  8.499  -14.289 0.5714285970
92434  -33.319  9.566  -12.764 0.7142857313
92465  -33.570  9.993  -14.584 0.2857142985
92449  -33.576  9.890  -13.291 0.4285714328
94276  -33.336  11.173  -14.538 0.1428571492
95122  -32.587  14.150  -11.740 0.5714285970
95140  -33.315  13.953  -12.963 0.1428571492
96818  -32.571  15.470  -11.729 0.5714285970
95160  -33.672  13.602  -13.541 0.1428571492
96828  -33.618  15.497  -12.939 0.1428571492
99369  -33.252  18.334  -12.362 0.2857142985
97656  -33.685  16.426  -12.412 0.2857142985
97668  -34.058  16.339  -13.431 0.1428571492
97681  -34.118  16.775  -13.909 0.1428571492
98514  -33.805  17.643  -13.592 0.1428571492
101105  -32.934  20.181  -14.218 0.1428571492
100263  -33.224  19.554  -14.036 0.1428571492
67018  -30.803  -14.635  -9.912 0.1428571492
71392  -31.771  -10.628  -9.958 0.1428571492
81870  -33.742  -0.927  -9.014 0.2857142985
100270  -33.711  19.017  -15.381 0.1428571492
101880  -32.495  21.474  -14.481 0.2857142985
65800  -28.596  -15.023  -10.585 0.2857142985
67017  -29.911  -14.398  -10.268 0.1428571492
69303  -30.687  -12.417  -10.327 0.1428571492
72443  -30.296  -9.567  -11.553 0.1428571492
73523  -30.693  -7.800  -11.444 0.1428571492
76663  -31.464  -5.495  -11.339 0.2857142985
80977  -30.354  -1.384  -15.339 0.4285714328
83006  -30.784  0.582  -15.259 0.7142857313
86819  -31.017  4.417  -14.167 0.8571428657
87728  -30.922  5.094  -13.735 0.8571428657
98495  -31.087  17.459  -11.562 0.7142857313
101078  -30.370  20.477  -12.310 0.2857142985
102635  -28.685  21.905  -12.393 0.2857142985
76711  -29.605  -5.423  -14.162 0.5714285970
82939  -33.008  1.061  -11.356 0.4285714328
92420  -31.201  11.125  -11.130 0.8571428657
95120  -30.794  13.631  -11.380 0.8571428657
84991  -30.918  2.368  -14.984 0.8571428657
104210  -26.627  24.660  -12.938 0.1428571492
103427  -26.700  23.855  -12.621 0.2857142985
103442  -28.018  23.954  -13.980 0.2857142985
103414  -26.880  23.118  -11.949 0.1428571492
102667  -28.079  23.110  -13.365 0.2857142985
101865  -31.969  21.647  -13.530 0.2857142985
104185  -27.188  23.738  -11.545 0.1428571492
101863  -30.527  21.285  -12.462 0.2857142985
101094  -31.870  20.768  -12.922 0.2857142985
101079  -31.349  20.179  -12.317 0.2857142985
100241  -32.899  19.336  -12.257 0.2857142985
100255  -33.385  19.352  -13.274 0.1428571492
100256  -33.676  18.763  -13.673 0.1428571492
99389  -34.099  18.200  -14.798 0.1428571492
99370  -33.481  17.810  -12.672 0.1428571492
100264  -33.589  19.056  -14.407 0.1428571492
101095  -32.754  20.170  -13.095 0.1428571492
98501  -31.973  17.557  -11.772 0.5714285970
98502  -32.804  17.573  -11.793 0.4285714328
96844  -34.050  15.397  -13.621 0.1428571492
95139  -32.946  13.685  -12.179 0.1428571492
98513  -33.708  17.279  -13.000 0.2857142985
97647  -31.744  16.525  -11.564 0.7142857313
95975  -32.808  14.692  -11.984 0.5714285970
95960  -32.226  14.660  -11.650 0.7142857313
86816  -28.970  4.784  -13.812 0.5714285970
87725  -28.043  5.815  -13.780 0.4285714328
90483  -31.620  8.804  -12.149 0.8571428657
91449  -33.061  9.165  -13.370 0.4285714328
90500  -32.491  8.564  -13.355 0.7142857313
81957  -29.300  -0.797  -15.713 0.5714285970
84039  -28.936  0.581  -15.196 0.4285714328
85939  -27.358  3.266  -15.216 0.2857142985
86834  -30.746  3.826  -14.400 0.8571428657
80976  -29.707  -1.541  -15.688 0.5714285970
82908  -33.531  0.093  -9.865 0.2857142985
79887  -33.182  -2.024  -10.806 0.2857142985
72433  -31.757  -9.800  -10.617 0.1428571492
64650  -30.116  -16.423  -9.712 0.1428571492
65787  -29.992  -15.420  -10.014 0.1428571492
102617  -27.042  22.629  -10.688 0.1428571492
95973  -29.218  14.547  -12.171 0.5714285970
94238  -28.447  12.477  -12.434 0.4285714328
95135  -28.566  13.504  -12.335 0.4285714328
91447  -28.466  9.694  -12.740 0.4285714328
93357  -28.089  11.675  -12.641 0.4285714328
94239  -29.081  12.656  -11.880 0.5714285970
90498  -28.404  8.467  -13.128 0.5714285970
83930  -34.330  1.373  -7.723 0.1428571492
83929  -33.764  1.259  -8.822 0.1428571492
84905  -33.378  2.645  -8.871 0.1428571492
82894  -33.659  -0.066  -9.336 0.1428571492
82855  -35.138  0.089  -6.303 0.1428571492
82875  -34.403  0.388  -7.163 0.1428571492
83891  -35.626  1.272  -6.268 0.1428571492
84854  -36.034  2.133  -6.015 0.1428571492
79851  -34.177  -2.284  -8.207 0.1428571492
80877  -34.449  -1.136  -7.347 0.1428571492
80893  -33.815  -1.558  -8.686 0.1428571492
81832  -34.582  -0.715  -6.773 0.1428571492
82856  -36.215  0.119  -5.814 0.1428571492
81811  -35.232  -0.927  -6.507 0.1428571492
84880  -38.569  2.623  -7.800 0.1428571492
83893  -37.499  1.429  -6.440 0.1428571492
85804  -37.817  3.002  -6.956 0.1428571492
71445  -27.897  -9.703  -13.446 0.2857142985
71444  -27.442  -10.177  -13.490 0.2857142985
76627  -33.544  -5.235  -8.808 0.1428571492
77734  -33.974  -4.437  -8.235 0.1428571492
78801  -34.193  -3.461  -8.263 0.1428571492
77733  -33.428  -3.990  -8.775 0.1428571492
79850  -33.900  -2.414  -8.787 0.1428571492
80836  -35.579  -1.592  -6.493 0.1428571492
78782  -34.612  -2.942  -7.478 0.1428571492
81812  -35.909  -0.795  -6.029 0.1428571492
79831  -35.129  -2.301  -6.932 0.1428571492
81813  -37.155  -0.508  -5.822 0.1428571492
82876  -38.586  0.968  -7.026 0.1428571492
83912  -38.601  1.694  -7.521 0.1428571492
83894  -38.246  1.625  -6.750 0.1428571492
71421  -27.704  -10.543  -13.280 0.2857142985
70436  -26.968  -10.845  -13.410 0.2857142985
70410  -26.937  -11.345  -13.285 0.2857142985
76628  -34.151  -5.403  -7.819 0.1428571492
77711  -34.801  -4.157  -7.676 0.1428571492
79805  -35.942  -2.335  -6.529 0.1428571492
80838  -37.544  -1.470  -6.025 0.1428571492
82858  -38.272  0.550  -6.315 0.1428571492
84894  -38.941  2.612  -8.497 0.1428571492
83931  -38.724  2.023  -8.203 0.1428571492
74556  -32.805  -7.290  -9.356 0.1428571492
75580  -33.776  -6.408  -8.467 0.1428571492
74542  -33.967  -7.663  -8.285 0.1428571492
76629  -34.764  -5.911  -7.373 0.1428571492
75581  -34.325  -6.631  -7.688 0.1428571492
77713  -36.203  -4.186  -6.309 0.1428571492
76602  -34.881  -5.115  -7.278 0.1428571492
78761  -36.847  -3.381  -6.194 0.1428571492
77712  -35.496  -4.430  -6.811 0.1428571492
79806  -36.862  -2.352  -6.286 0.1428571492
82877  -39.073  0.749  -7.575 0.1428571492
80839  -38.449  -1.436  -6.359 0.1428571492
83913  -39.027  1.463  -8.119 0.1428571492
73480  -32.853  -7.882  -9.440 0.1428571492
74544  -35.512  -7.525  -7.018 0.1428571492
76603  -35.445  -5.666  -6.814 0.1428571492
75582  -35.074  -6.700  -7.123 0.1428571492
78762  -37.888  -3.539  -6.114 0.1428571492
77691  -36.944  -4.543  -6.276 0.1428571492
79780  -38.144  -2.916  -5.969 0.1428571492
82859  -38.892  0.366  -6.809 0.1428571492
79807  -37.874  -2.542  -6.011 0.1428571492
74524  -36.352  -7.761  -6.550 0.1428571492
74543  -34.740  -7.657  -7.368 0.1428571492
75535  -37.799  -6.322  -6.506 0.1428571492
74499  -36.973  -7.353  -6.299 0.1428571492
77692  -37.999  -4.489  -6.431 0.1428571492
76579  -37.389  -5.536  -6.491 0.1428571492
80840  -38.895  -0.824  -6.719 0.1428571492
78746  -38.432  -2.948  -5.981 0.1428571492
75560  -35.766  -6.733  -6.334 0.1428571492
77690  -36.001  -4.933  -6.356 0.1428571492
78783  -35.371  -3.261  -6.832 0.1428571492
83932  -38.832  1.662  -8.947 0.1428571492
85830  -39.313  3.433  -8.754 0.1428571492
82895  -33.780  0.179  -8.840 0.1428571492
70411  -27.512  -11.085  -13.137 0.2857142985
81833  -39.155  -0.241  -7.082 0.1428571492
81855  -39.221  -0.127  -8.285 0.1428571492
84895  -39.288  2.496  -9.300 0.1428571492
85839  -39.735  3.305  -9.397 0.1428571492
85829  -38.769  3.473  -8.087 0.1428571492
84857  -38.260  2.483  -7.107 0.1428571492
84855  -36.850  2.421  -6.286 0.1428571492
85823  -38.173  3.389  -7.405 0.1428571492
84892  -33.884  2.164  -8.096 0.1428571492
95972  -28.139  14.600  -12.532 0.4285714328
96814  -29.029  15.985  -11.705 0.4285714328
101881  -32.758  20.805  -15.208 0.1428571492
82896  -34.193  0.363  -8.130 0.1428571492
74557  -33.346  -7.175  -8.850 0.1428571492
79868  -33.877  -2.137  -8.738 0.1428571492
85855  -33.366  3.673  -10.436 0.1428571492
86765  -33.559  4.374  -11.028 0.1428571492
81853  -33.869  -0.586  -8.429 0.1428571492
83911  -34.743  1.405  -6.690 0.1428571492
81854  -34.260  -0.495  -7.599 0.1428571492
84893  -34.401  2.629  -7.295 0.1428571492
84878  -35.293  2.583  -6.459 0.1428571492
79830  -34.676  -2.128  -7.452 0.1428571492
80876  -34.102  -1.296  -7.930 0.1428571492
80858  -34.844  -1.508  -6.948 0.1428571492
83892  -36.566  1.285  -6.164 0.1428571492
82857  -37.294  0.399  -6.139 0.1428571492
84856  -37.702  2.389  -6.634 0.1428571492
80837  -36.516  -1.519  -6.193 0.1428571492
81814  -38.153  -0.487  -5.774 0.1428571492
78760  -36.231  -2.979  -6.531 0.1428571492
81815  -38.774  -0.337  -6.404 0.1428571492
76578  -36.400  -5.687  -6.495 0.1428571492
78763  -38.561  -3.441  -6.317 0.1428571492
79781  -38.290  -2.845  -5.762 0.1428571492
79832  -38.674  -2.064  -6.977 0.1428571492
75534  -36.865  -6.642  -6.374 0.1428571492
63506  -25.824  -17.168  -11.098 0.1428571492
64662  -27.069  -16.140  -11.417 0.1428571492
64660  -25.226  -16.442  -11.572 0.1428571492
64661  -26.170  -16.220  -11.438 0.1428571492
64669  -26.514  -15.748  -11.504 0.1428571492
67040  -26.632  -14.745  -11.550 0.1428571492
67028  -26.649  -13.730  -12.094 0.1428571492
67039  -26.324  -14.247  -12.205 0.1428571492
68250  -26.537  -13.139  -12.504 0.1428571492
68236  -26.882  -13.359  -11.941 0.1428571492
69313  -27.231  -12.731  -12.296 0.1428571492
68249  -25.750  -13.347  -12.661 0.1428571492
69330  -26.112  -12.481  -13.019 0.1428571492
69331  -26.893  -12.096  -13.133 0.1428571492
70434  -25.617  -11.206  -13.231 0.1428571492
71442  -25.739  -10.371  -13.490 0.1428571492
72484  -26.898  -9.332  -13.546 0.1428571492
71443  -26.578  -10.245  -13.560 0.1428571492
72485  -27.581  -9.047  -13.533 0.1428571492
73539  -27.898  -8.107  -13.591 0.1428571492
72494  -27.100  -8.486  -13.643 0.2857142985
74622  -28.357  -7.261  -13.941 0.2857142985
78908  -28.455  -3.585  -15.281 0.4285714328
89572  -27.798  7.245  -13.445 0.2857142985
95158  -27.033  13.309  -13.007 0.2857142985
95134  -27.737  13.779  -12.666 0.2857142985
72493  -26.590  -8.632  -13.541 0.1428571492
73549  -27.255  -7.896  -14.161 0.2857142985
65805  -25.924  -14.822  -12.065 0.1428571492
69351  -25.534  -11.707  -13.073 0.1428571492
72483  -26.036  -9.260  -13.426 0.1428571492
74630  -26.307  -7.316  -14.065 0.2857142985
74621  -27.927  -7.578  -14.176 0.2857142985
74632  -27.643  -7.320  -14.438 0.2857142985
74633  -28.055  -7.246  -14.390 0.2857142985
75666  -28.617  -6.352  -14.348 0.2857142985
76725  -28.795  -5.722  -14.715 0.4285714328
77832  -28.611  -4.740  -15.267 0.4285714328
78907  -27.520  -3.565  -15.281 0.2857142985
88643  -27.825  6.440  -13.593 0.2857142985
89585  -27.203  7.530  -14.086 0.2857142985
90496  -26.555  8.995  -14.043 0.2857142985
91446  -27.680  9.540  -13.354 0.2857142985
92448  -27.775  10.554  -12.752 0.2857142985
93356  -27.248  11.373  -13.081 0.2857142985
94275  -26.033  12.042  -13.764 0.2857142985
95159  -27.860  12.942  -12.657 0.2857142985
75665  -28.159  -6.565  -14.496 0.2857142985
90497  -27.184  8.466  -13.837 0.2857142985
89584  -26.773  7.405  -14.530 0.2857142985
91445  -26.830  9.564  -13.743 0.2857142985
92446  -26.407  10.430  -13.806 0.2857142985
92447  -27.027  10.407  -13.268 0.2857142985
93373  -26.024  11.382  -13.841 0.2857142985
91464  -26.217  9.581  -14.216 0.2857142985
78893  -28.888  -4.135  -14.963 0.4285714328
78894  -29.324  -3.605  -15.082 0.4285714328
69332  -27.747  -11.996  -12.623 0.1428571492
67029  -26.826  -14.029  -11.479 0.1428571492
64670  -26.769  -15.496  -11.458 0.1428571492
94257  -27.504  12.309  -13.013 0.2857142985
72495  -27.466  -8.229  -13.726 0.1428571492
70435  -26.357  -11.271  -13.387 0.1428571492
63507  -26.719  -16.912  -11.045 0.1428571492
65797  -26.152  -15.642  -11.585 0.1428571492
69329  -25.281  -12.261  -12.828 0.1428571492
69353  -26.299  -11.968  -13.278 0.1428571492
73548  -26.734  -7.981  -13.972 0.2857142985
94256  -26.584  12.195  -13.494 0.2857142985
92463  -25.775  10.479  -14.312 0.2857142985
80974  -28.115  -1.805  -15.637 0.2857142985
79956  -28.684  -2.681  -16.016 0.2857142985
104246  -30.282  24.771  -16.107 0.1428571492
103461  -30.757  23.904  -16.086 0.1428571492
103444  -30.290  23.854  -15.347 0.1428571492
102670  -31.314  22.629  -14.742 0.1428571492
102651  -31.816  22.084  -14.293 0.1428571492
104228  -30.282  25.430  -15.359 0.1428571492
102669  -30.353  23.200  -14.262 0.1428571492
105853  -27.963  26.713  -15.048 0.1428571492
81956  -28.471  -0.872  -15.646 0.2857142985
102671  -31.896  22.105  -15.124 0.1428571492
102685  -30.949  23.342  -15.260 0.1428571492
103443  -29.444  24.285  -14.743 0.1428571492
105055  -27.987  26.688  -15.628 0.1428571492
104226  -28.352  25.187  -14.917 0.1428571492
104225  -27.502  24.986  -13.843 0.1428571492
105025  -26.974  25.625  -13.499 0.1428571492
78909  -29.034  -3.187  -15.790 0.2857142985
103460  -30.041  24.451  -15.833 0.1428571492
104227  -29.511  25.354  -15.570 0.1428571492
102686  -31.754  22.725  -15.827 0.1428571492
90526  -25.891  7.913  -15.123 0.1428571492
90513  -26.923  7.993  -14.380 0.1428571492
90512  -26.225  8.457  -14.635 0.1428571492
93372  -25.337  11.337  -14.305 0.1428571492
93353  -23.485  11.295  -13.850 0.1428571492
94255  -24.032  12.038  -13.668 0.1428571492
88657  -27.377  6.494  -14.169 0.1428571492
95155  -23.510  13.266  -13.140 0.1428571492
95156  -24.662  13.894  -13.101 0.1428571492
84019  -27.684  1.732  -15.286 0.1428571492
86830  -26.744  5.020  -15.005 0.1428571492
87736  -27.007  5.557  -14.654 0.1428571492
89594  -26.181  7.363  -14.919 0.1428571492
91466  -33.982  9.189  -14.665 0.1428571492
90511  -25.521  8.866  -14.884 0.1428571492
95178  -25.863  12.474  -13.569 0.1428571492
95992  -26.516  14.012  -13.127 0.1428571492
95991  -25.921  14.636  -12.881 0.2857142985
96823  -26.919  15.346  -12.571 0.2857142985
98499  -26.669  17.551  -12.451 0.2857142985
98498  -25.581  17.152  -11.958 0.2857142985
99360  -26.899  18.430  -11.746 0.2857142985
100204  -26.947  19.601  -9.067 0.1428571492
96824  -27.542  15.746  -12.607 0.2857142985
98492  -28.556  17.371  -11.722 0.2857142985
97652  -27.473  16.923  -12.772 0.2857142985
98511  -25.785  16.794  -12.418 0.2857142985
98500  -27.865  17.726  -11.884 0.2857142985
100221  -27.432  19.122  -11.260 0.1428571492
99359  -26.053  18.128  -11.280 0.2857142985
102598  -27.395  21.824  -10.660 0.1428571492
102585  -28.139  21.642  -10.374 0.1428571492
98510  -25.042  16.630  -12.073 0.1428571492
97651  -24.175  16.291  -12.054 0.1428571492
98491  -26.044  17.825  -11.859 0.2857142985
99352  -26.719  18.511  -10.829 0.1428571492
100214  -27.058  19.005  -10.079 0.1428571492
99342  -26.149  18.706  -10.084 0.1428571492
95131  -22.748  13.522  -12.262 0.2857142985
98484  -24.629  17.347  -9.936 0.1428571492
99341  -25.654  18.213  -9.401 0.1428571492
94202  -21.933  12.817  -10.594 0.1428571492
89578  -34.814  7.508  -13.437 0.1428571492
88669  -25.939  6.490  -15.131 0.1428571492
89593  -25.585  7.363  -15.144 0.1428571492
91475  -24.737  9.234  -15.246 0.1428571492
92476  -24.328  9.554  -15.104 0.1428571492
91462  -25.060  9.804  -15.187 0.1428571492
94274  -25.566  12.038  -13.875 0.1428571492
95970  -26.568  15.035  -12.654 0.1428571492
96842  -26.366  15.591  -12.588 0.1428571492
97667  -26.773  16.419  -12.613 0.2857142985
97665  -25.072  16.239  -12.417 0.1428571492
98512  -26.300  16.805  -12.588 0.1428571492
98490  -25.297  17.357  -11.094 0.2857142985
99351  -25.648  18.120  -10.424 0.1428571492
100213  -26.386  18.625  -9.614 0.1428571492
90516  -34.297  8.332  -14.375 0.1428571492
96825  -28.584  15.455  -12.265 0.2857142985
97644  -28.888  16.785  -11.647 0.2857142985
97653  -28.210  16.588  -12.184 0.2857142985
95971  -27.041  14.548  -12.684 0.1428571492
91476  -25.224  9.175  -15.105 0.1428571492
92462  -25.099  10.460  -14.708 0.1428571492
90525  -25.370  8.380  -15.300 0.1428571492
93371  -24.535  11.233  -14.388 0.1428571492
93354  -24.026  11.378  -14.129 0.1428571492
95176  -24.425  12.899  -13.581 0.1428571492
95177  -25.217  12.818  -13.602 0.1428571492
88656  -26.555  6.475  -14.687 0.1428571492
95157  -25.970  13.363  -13.325 0.1428571492
87748  -26.345  5.599  -15.059 0.1428571492
96843  -26.931  15.792  -12.556 0.2857142985
98497  -24.538  16.778  -11.558 0.1428571492
101045  -27.656  20.134  -8.924 0.1428571492
102599  -27.813  22.411  -10.578 0.1428571492
95990  -24.859  14.809  -12.462 0.1428571492
97666  -25.962  16.261  -12.511 0.2857142985
100203  -26.526  18.651  -9.055 0.1428571492
74620  -25.532  -7.436  -13.768 0.1428571492
74631  -26.966  -7.309  -14.466 0.1428571492
75663  -26.565  -6.441  -14.390 0.1428571492
76710  -24.846  -5.708  -13.630 0.1428571492
77829  -25.194  -4.785  -14.039 0.1428571492
76722  -25.985  -5.612  -14.408 0.1428571492
78891  -25.384  -3.742  -14.596 0.1428571492
76723  -26.889  -5.419  -14.680 0.1428571492
75664  -27.373  -6.414  -14.560 0.1428571492
78892  -26.199  -3.602  -14.852 0.1428571492
77842  -27.248  -4.293  -15.080 0.1428571492
76739  -27.560  -4.811  -15.270 0.1428571492
77843  -27.881  -4.443  -15.335 0.1428571492
79941  -26.401  -2.829  -15.162 0.1428571492
83002  -27.923  0.047  -15.602 0.1428571492
95133  -24.318  14.399  -12.480 0.1428571492
74619  -24.610  -7.554  -13.467 0.1428571492
75653  -25.082  -6.606  -13.835 0.1428571492
84038  -28.322  0.634  -15.573 0.1428571492
75662  -25.826  -6.540  -14.082 0.1428571492
76724  -27.842  -5.437  -15.118 0.1428571492
79955  -27.797  -2.711  -15.487 0.1428571492
77814  -24.441  -5.061  -13.720 0.1428571492
77830  -26.106  -4.600  -14.774 0.1428571492
77841  -26.653  -4.127  -14.890 0.1428571492
77831  -26.856  -4.659  -14.840 0.1428571492
78906  -26.813  -3.545  -15.160 0.1428571492
79940  -25.724  -2.766  -14.759 0.1428571492
76738  -27.293  -4.934  -15.062 0.1428571492
79954  -26.987  -2.819  -15.389 0.1428571492
78890  -24.409  -3.794  -14.316 0.1428571492
62333  -26.386  -17.344  -10.708 0.1428571492
65806  -26.323  -15.165  -11.680 0.1428571492
65807  -26.721  -15.151  -11.456 0.1428571492
69352  -25.849  -11.862  -13.253 0.1428571492
72435  -32.827  -8.745  -9.449 0.1428571492
72442  -29.862  -10.028  -11.633 0.4285714328
73550  -27.630  -7.823  -14.058 0.2857142985
75654  -28.541  -6.671  -14.194 0.2857142985
76674  -31.453  -5.146  -11.391 0.2857142985
76691  -29.916  -5.508  -13.745 0.5714285970
76721  -25.447  -5.828  -13.930 0.1428571492
77815  -29.647  -4.921  -14.327 0.7142857313
78745  -38.329  -3.174  -6.008 0.1428571492
78784  -35.998  -3.639  -6.494 0.1428571492
78819  -33.049  -3.381  -10.162 0.2857142985
80857  -34.488  -1.661  -7.594 0.1428571492
80859  -38.548  -1.864  -6.784 0.1428571492
81779  -37.507  -0.011  -5.350 0.1428571492
81780  -37.708  -0.127  -5.268 0.1428571492
81792  -37.550  -0.151  -5.482 0.1428571492
81793  -37.799  -0.152  -5.483 0.1428571492
81852  -33.731  -0.416  -9.040 0.1428571492
82819  -37.617  0.091  -5.319 0.1428571492
82820  -37.863  0.086  -5.286 0.1428571492
82834  -37.630  0.073  -5.560 0.1428571492
82835  -37.940  0.145  -5.577 0.1428571492
85006  -30.500  2.649  -14.966 0.7142857313
85007  -30.732  2.700  -15.035 0.8571428657
85894  -34.122  4.333  -13.332 0.4285714328
85929  -33.368  4.391  -15.097 0.5714285970
85941  -30.793  2.944  -15.037 0.8571428657
85942  -32.543  4.409  -15.348 0.8571428657
85944  -33.228  4.508  -15.233 0.5714285970
86790  -33.849  4.172  -11.698 0.1428571492
86820  -33.433  4.013  -14.893 0.5714285970
86836  -33.438  4.260  -14.898 0.5714285970
86848  -32.678  4.840  -15.284 0.8571428657
86849  -33.089  4.923  -15.279 0.5714285970
87751  -33.235  5.513  -15.125 0.4285714328
89563  -31.764  8.122  -12.216 0.8571428657
90485  -32.761  8.884  -12.873 0.8571428657
90501  -32.886  8.894  -13.129 0.4285714328
91435  -32.745  9.346  -12.609 0.7142857313
91436  -33.126  9.132  -12.916 0.7142857313
91463  -25.525  9.535  -14.679 0.1428571492
92450  -33.430  9.407  -13.065 0.7142857313
92475  -23.982  9.653  -14.929 0.1428571492
93324  -30.308  12.064  -11.346 1.0000000000
93339  -29.702  11.982  -11.684 0.8571428657
93355  -26.633  11.155  -13.470 0.2857142985
94258  -27.986  12.345  -12.715 0.2857142985
94273  -24.865  12.064  -13.903 0.1428571492
98521  -33.959  17.089  -13.615 0.1428571492
98522  -34.076  17.355  -14.195 0.1428571492
99380  -33.510  18.251  -13.192 0.1428571492
100232  -31.381  18.845  -11.732 0.7142857313
100242  -33.056  19.755  -12.756 0.2857142985
100252  -27.628  19.888  -13.936 0.7142857313
100265  -33.811  19.043  -14.721 0.1428571492
101090  -27.471  19.976  -13.688 0.7142857313
101092  -30.666  20.898  -12.423 0.2857142985
101106  -33.399  19.646  -14.618 0.1428571492
101107  -33.687  19.397  -14.683 0.1428571492
