#!ascii label  , from subject sub-01 vox2ras=TkReg
329
76673  -31.137  -5.286  -11.768 0.0000000000
81958  -30.018  -0.623  -15.467 0.0000000000
94238  -28.447  12.477  -12.434 0.0000000000
89574  -29.825  6.985  -12.361 0.0000000000
85927  -32.325  3.779  -15.361 0.0000000000
82938  -32.632  0.465  -11.791 0.0000000000
95972  -28.139  14.600  -12.532 0.0000000000
87739  -31.348  5.562  -13.964 0.0000000000
85924  -29.320  3.206  -14.543 0.0000000000
79929  -30.518  -2.799  -13.863 0.0000000000
81943  -32.114  -0.185  -14.219 0.0000000000
79920  -31.703  -2.179  -12.016 0.0000000000
72464  -28.679  -9.649  -12.676 0.0000000000
76711  -29.605  -5.423  -14.162 0.0000000000
101075  -27.732  20.185  -12.931 0.0000000000
100229  -29.396  18.828  -12.267 0.0000000000
98494  -30.139  17.420  -11.582 0.0000000000
95959  -31.338  14.607  -11.473 0.0000000000
94226  -31.440  12.643  -11.207 0.0000000000
91431  -29.133  9.777  -11.978 0.0000000000
91434  -32.069  9.547  -12.194 0.0000000000
89577  -32.243  7.691  -14.062 0.0000000000
88661  -33.280  6.392  -15.086 0.0000000000
86805  -34.390  4.524  -13.072 0.0000000000
84023  -31.259  1.428  -14.883 0.0000000000
83993  -33.048  2.062  -13.403 0.0000000000
86832  -28.666  4.460  -14.177 0.0000000000
85923  -28.226  3.291  -14.654 0.0000000000
78866  -30.628  -4.034  -13.097 0.0000000000
79919  -31.442  -2.304  -12.874 0.0000000000
78849  -31.678  -3.982  -12.168 0.0000000000
67016  -29.341  -14.139  -10.624 0.0000000000
68239  -29.223  -13.315  -11.063 0.0000000000
69316  -29.537  -12.188  -11.312 0.0000000000
78893  -28.888  -4.135  -14.963 0.0000000000
76725  -28.795  -5.722  -14.715 0.0000000000
99362  -29.740  18.173  -11.914 0.0000000000
95135  -28.566  13.504  -12.335 0.0000000000
95973  -29.218  14.547  -12.171 0.0000000000
95136  -29.423  13.549  -11.718 0.0000000000
95120  -30.794  13.631  -11.380 0.0000000000
94224  -29.817  12.709  -11.488 0.0000000000
90480  -29.080  8.981  -12.584 0.0000000000
91432  -30.168  9.734  -11.566 0.0000000000
90482  -30.771  8.943  -11.762 0.0000000000
90484  -32.319  8.851  -12.576 0.0000000000
89576  -31.734  7.650  -12.943 0.0000000000
87729  -31.269  4.748  -14.394 0.0000000000
88670  -32.215  5.786  -14.544 0.0000000000
87750  -32.883  5.386  -15.234 0.0000000000
87742  -34.169  5.512  -14.323 0.0000000000
86821  -33.432  4.300  -14.463 0.0000000000
83003  -28.783  -0.048  -15.550 0.0000000000
84021  -29.606  1.140  -14.951 0.0000000000
83005  -30.503  0.174  -15.067 0.0000000000
82955  -32.254  0.497  -12.790 0.0000000000
82968  -32.252  0.594  -13.781 0.0000000000
83976  -32.981  1.634  -12.153 0.0000000000
84957  -33.262  2.837  -12.671 0.0000000000
83956  -33.309  1.738  -10.807 0.0000000000
72465  -29.320  -9.454  -11.926 0.0000000000
73520  -28.975  -8.756  -12.843 0.0000000000
72466  -29.904  -8.716  -11.696 0.0000000000
74600  -30.087  -7.204  -12.347 0.0000000000
88644  -28.405  6.312  -13.273 0.0000000000
88646  -30.553  5.976  -12.848 0.0000000000
87727  -29.899  5.168  -13.322 0.0000000000
86818  -30.279  4.456  -13.872 0.0000000000
85926  -31.214  3.272  -15.073 0.0000000000
79958  -29.994  -2.026  -15.415 0.0000000000
81959  -30.311  -0.200  -14.856 0.0000000000
80964  -31.226  -1.641  -14.270 0.0000000000
80939  -31.814  -1.313  -12.731 0.0000000000
81901  -32.554  -0.536  -11.518 0.0000000000
70395  -29.505  -11.241  -11.784 0.0000000000
80975  -29.003  -1.737  -16.177 0.0000000000
79942  -29.886  -3.139  -15.192 0.0000000000
77834  -29.627  -4.124  -14.596 0.0000000000
76692  -30.233  -5.339  -13.346 0.0000000000
102634  -27.823  22.092  -12.494 0.0000000000
100228  -27.598  19.387  -12.175 0.0000000000
100253  -27.945  19.943  -13.639 0.0000000000
100238  -29.715  19.521  -12.316 0.0000000000
100231  -31.011  18.831  -11.965 0.0000000000
98501  -31.973  17.557  -11.772 0.0000000000
96826  -29.333  15.350  -12.167 0.0000000000
97646  -30.570  16.561  -11.531 0.0000000000
97648  -32.277  15.991  -11.579 0.0000000000
96818  -32.571  15.470  -11.729 0.0000000000
95122  -32.587  14.150  -11.740 0.0000000000
95138  -32.685  12.962  -11.852 0.0000000000
92429  -28.687  10.831  -12.333 0.0000000000
92419  -30.552  11.346  -11.256 0.0000000000
93326  -31.701  11.636  -11.418 0.0000000000
93341  -33.520  10.989  -12.902 0.0000000000
92449  -33.576  9.890  -13.291 0.0000000000
90515  -33.473  8.376  -14.575 0.0000000000
88648  -31.893  6.899  -13.735 0.0000000000
89586  -32.917  7.545  -14.699 0.0000000000
84989  -28.884  2.185  -14.613 0.0000000000
84990  -30.042  2.268  -14.870 0.0000000000
84992  -31.853  2.536  -15.051 0.0000000000
83007  -31.159  0.722  -14.858 0.0000000000
84024  -31.740  1.519  -14.778 0.0000000000
84973  -32.571  2.770  -14.632 0.0000000000
85893  -33.928  3.779  -13.086 0.0000000000
86804  -34.211  4.223  -12.406 0.0000000000
75655  -28.971  -6.454  -13.876 0.0000000000
75635  -29.982  -6.265  -12.706 0.0000000000
75616  -30.863  -6.344  -11.742 0.0000000000
77799  -30.850  -4.700  -12.745 0.0000000000
78867  -31.177  -3.473  -12.801 0.0000000000
77783  -31.382  -4.411  -12.252 0.0000000000
77784  -31.611  -4.514  -11.569 0.0000000000
68225  -29.736  -13.627  -10.509 0.0000000000
94239  -29.081  12.656  -11.880 0.0000000000
89573  -28.677  7.121  -12.599 0.0000000000
90498  -28.404  8.467  -13.128 0.0000000000
89560  -29.303  8.052  -12.398 0.0000000000
90481  -29.645  8.802  -11.846 0.0000000000
89561  -30.249  7.960  -12.022 0.0000000000
89562  -31.131  8.190  -12.128 0.0000000000
89575  -30.907  7.086  -12.372 0.0000000000
86847  -32.166  4.644  -15.154 0.0000000000
87749  -32.411  5.278  -14.971 0.0000000000
85943  -32.886  4.402  -15.385 0.0000000000
86837  -33.471  4.839  -14.785 0.0000000000
85928  -33.241  4.001  -15.270 0.0000000000
81957  -29.300  -0.797  -15.713 0.0000000000
83004  -29.697  0.026  -15.117 0.0000000000
83975  -32.554  0.995  -12.451 0.0000000000
82939  -33.008  1.061  -11.356 0.0000000000
82920  -33.152  0.400  -10.739 0.0000000000
87725  -28.043  5.815  -13.780 0.0000000000
88645  -29.332  6.026  -12.786 0.0000000000
87726  -28.898  5.320  -13.639 0.0000000000
86833  -29.780  3.940  -14.267 0.0000000000
86817  -29.400  4.631  -13.767 0.0000000000
86834  -30.746  3.826  -14.400 0.0000000000
85925  -30.385  3.104  -14.777 0.0000000000
79943  -30.398  -2.510  -14.760 0.0000000000
80963  -30.806  -1.264  -14.715 0.0000000000
79944  -31.124  -2.067  -14.582 0.0000000000
80940  -32.213  -1.328  -11.830 0.0000000000
80927  -32.711  -1.320  -11.144 0.0000000000
79906  -32.413  -2.207  -11.344 0.0000000000
67030  -27.744  -14.208  -11.194 0.0000000000
65799  -28.011  -15.044  -10.687 0.0000000000
71402  -30.307  -10.631  -11.409 0.0000000000
79957  -29.563  -2.631  -15.788 0.0000000000
77833  -29.336  -4.683  -14.690 0.0000000000
77816  -30.012  -4.637  -14.163 0.0000000000
77798  -30.449  -4.470  -13.428 0.0000000000
76712  -30.040  -5.275  -13.928 0.0000000000
101070  -27.308  20.179  -11.889 0.0000000000
101849  -27.333  21.170  -12.355 0.0000000000
101850  -28.003  21.159  -12.740 0.0000000000
99367  -28.225  18.648  -11.884 0.0000000000
99366  -27.646  18.898  -11.774 0.0000000000
100237  -28.479  19.411  -12.543 0.0000000000
101077  -29.123  20.298  -12.284 0.0000000000
99363  -30.604  18.194  -11.846 0.0000000000
99364  -31.464  18.361  -11.797 0.0000000000
98495  -31.087  17.459  -11.562 0.0000000000
95958  -30.171  14.680  -11.716 0.0000000000
95957  -29.701  15.091  -12.144 0.0000000000
96816  -30.917  15.606  -11.501 0.0000000000
97647  -31.744  16.525  -11.564 0.0000000000
96817  -31.845  15.473  -11.547 0.0000000000
95121  -32.135  13.579  -11.462 0.0000000000
94240  -32.256  12.394  -11.716 0.0000000000
91447  -28.466  9.694  -12.740 0.0000000000
92430  -30.170  10.920  -11.898 0.0000000000
91433  -31.211  9.644  -11.745 0.0000000000
92431  -30.809  10.473  -11.404 0.0000000000
92432  -31.866  10.477  -11.540 0.0000000000
93340  -32.598  11.318  -12.033 0.0000000000
92433  -32.846  10.162  -12.431 0.0000000000
90500  -32.491  8.564  -13.355 0.0000000000
91449  -33.061  9.165  -13.370 0.0000000000
91448  -32.913  9.261  -13.920 0.0000000000
91465  -33.277  9.240  -14.357 0.0000000000
90514  -32.760  8.499  -14.289 0.0000000000
88647  -31.490  6.431  -13.042 0.0000000000
88658  -31.188  5.802  -13.512 0.0000000000
88671  -32.789  5.847  -14.925 0.0000000000
88660  -32.425  6.617  -14.469 0.0000000000
89587  -33.793  7.412  -14.658 0.0000000000
86822  -34.084  4.795  -13.867 0.0000000000
87716  -34.336  4.928  -12.608 0.0000000000
84988  -27.888  2.305  -14.944 0.0000000000
84022  -30.648  1.320  -14.975 0.0000000000
84991  -30.918  2.368  -14.984 0.0000000000
81960  -30.935  0.145  -14.719 0.0000000000
81961  -31.583  0.120  -14.622 0.0000000000
84005  -32.434  1.644  -14.222 0.0000000000
84993  -32.218  2.074  -14.833 0.0000000000
84006  -32.860  2.355  -14.042 0.0000000000
84974  -33.245  3.039  -13.782 0.0000000000
84940  -33.418  2.657  -11.622 0.0000000000
85877  -33.746  3.513  -12.124 0.0000000000
85854  -33.568  3.518  -11.269 0.0000000000
74601  -30.549  -7.161  -11.776 0.0000000000
75636  -30.427  -6.551  -12.194 0.0000000000
76693  -30.541  -5.726  -12.374 0.0000000000
87738  -28.419  5.298  -14.103 0.0000000000
78879  -30.707  -3.010  -13.467 0.0000000000
79930  -31.096  -2.446  -13.838 0.0000000000
78868  -31.530  -2.825  -12.326 0.0000000000
78850  -31.866  -3.312  -11.694 0.0000000000
77771  -32.056  -4.172  -10.732 0.0000000000
67031  -28.645  -14.314  -10.858 0.0000000000
69334  -29.014  -11.843  -11.788 0.0000000000
69302  -29.945  -12.833  -10.691 0.0000000000
78908  -28.455  -3.585  -15.281 0.0000000000
77832  -28.611  -4.740  -15.267 0.0000000000
99361  -28.774  18.303  -11.763 0.0000000000
98493  -29.266  17.445  -11.627 0.0000000000
97645  -29.637  16.637  -11.619 0.0000000000
95974  -29.639  14.184  -11.710 0.0000000000
95137  -29.959  13.893  -11.455 0.0000000000
95119  -30.054  13.294  -11.367 0.0000000000
94225  -30.541  12.707  -11.132 0.0000000000
90483  -31.620  8.804  -12.149 0.0000000000
90499  -32.021  8.375  -12.630 0.0000000000
87740  -31.676  5.166  -14.461 0.0000000000
88672  -33.059  5.800  -15.204 0.0000000000
87741  -33.720  5.636  -14.735 0.0000000000
86838  -33.857  5.196  -14.412 0.0000000000
84020  -28.392  1.363  -15.187 0.0000000000
84039  -28.936  0.581  -15.196 0.0000000000
82984  -30.477  0.561  -15.205 0.0000000000
82985  -31.070  0.629  -15.319 0.0000000000
81927  -32.014  -0.131  -13.283 0.0000000000
83992  -32.576  1.251  -13.153 0.0000000000
84919  -33.499  2.793  -10.732 0.0000000000
83957  -33.534  2.346  -10.320 0.0000000000
72486  -28.269  -9.122  -13.261 0.0000000000
73541  -29.240  -7.944  -13.150 0.0000000000
74599  -29.484  -7.046  -13.028 0.0000000000
73521  -29.538  -8.132  -12.342 0.0000000000
73522  -30.145  -7.903  -11.733 0.0000000000
86816  -28.970  4.784  -13.812 0.0000000000
87728  -30.922  5.094  -13.735 0.0000000000
86819  -31.017  4.417  -14.167 0.0000000000
86835  -31.439  4.301  -14.890 0.0000000000
80976  -29.707  -1.541  -15.688 0.0000000000
80977  -30.354  -1.384  -15.339 0.0000000000
81941  -30.823  -0.416  -14.667 0.0000000000
81942  -31.334  -0.659  -14.290 0.0000000000
80950  -31.424  -1.517  -13.586 0.0000000000
81926  -31.690  -0.705  -13.488 0.0000000000
81915  -31.916  -0.642  -12.960 0.0000000000
81916  -32.194  -0.430  -12.400 0.0000000000
82919  -32.683  -0.030  -11.153 0.0000000000
81883  -32.807  -0.543  -10.827 0.0000000000
78834  -32.664  -3.065  -10.576 0.0000000000
64663  -27.869  -15.971  -11.006 0.0000000000
71422  -28.139  -10.304  -13.141 0.0000000000
70413  -28.859  -11.381  -12.180 0.0000000000
71423  -28.887  -10.546  -12.297 0.0000000000
71401  -29.554  -10.401  -11.769 0.0000000000
78894  -29.324  -3.605  -15.082 0.0000000000
78895  -29.923  -3.586  -14.591 0.0000000000
78878  -30.353  -3.525  -13.693 0.0000000000
102633  -27.276  22.131  -11.837 0.0000000000
100236  -27.688  19.726  -13.175 0.0000000000
101091  -27.785  20.240  -13.821 0.0000000000
101076  -28.151  20.239  -12.862 0.0000000000
101851  -28.720  21.084  -12.307 0.0000000000
100230  -30.205  18.817  -12.186 0.0000000000
100239  -30.735  19.511  -12.185 0.0000000000
100240  -31.722  19.288  -11.760 0.0000000000
99368  -32.394  18.428  -11.859 0.0000000000
98502  -32.804  17.573  -11.793 0.0000000000
96814  -29.029  15.985  -11.705 0.0000000000
96815  -30.000  15.748  -12.135 0.0000000000
97654  -32.366  17.045  -11.664 0.0000000000
97655  -32.880  16.498  -11.716 0.0000000000
96827  -33.225  15.533  -12.128 0.0000000000
95960  -32.226  14.660  -11.650 0.0000000000
95975  -32.808  14.692  -11.984 0.0000000000
93357  -28.089  11.675  -12.641 0.0000000000
93338  -29.113  11.802  -12.340 0.0000000000
92418  -30.113  11.608  -11.476 0.0000000000
93325  -30.922  12.158  -11.078 0.0000000000
92420  -31.201  11.125  -11.130 0.0000000000
94241  -32.867  12.346  -12.708 0.0000000000
92434  -33.319  9.566  -12.764 0.0000000000
92465  -33.570  9.993  -14.584 0.0000000000
88659  -31.600  6.124  -14.095 0.0000000000
88662  -34.191  6.374  -14.409 0.0000000000
85940  -30.559  2.884  -14.990 0.0000000000
84972  -32.425  3.141  -15.190 0.0000000000
83006  -30.784  0.582  -15.259 0.0000000000
82986  -31.196  0.905  -15.028 0.0000000000
82987  -31.780  0.714  -14.587 0.0000000000
85907  -32.824  3.430  -15.181 0.0000000000
85908  -33.222  3.635  -14.643 0.0000000000
85909  -33.427  4.066  -13.787 0.0000000000
85910  -33.894  4.250  -13.479 0.0000000000
75634  -29.699  -6.000  -13.468 0.0000000000
67017  -29.911  -14.398  -10.268 0.0000000000
72442  -29.862  -10.028  -11.633 0.0000000000
76691  -29.916  -5.508  -13.745 0.0000000000
77815  -29.647  -4.921  -14.327 0.0000000000
85006  -30.500  2.649  -14.966 0.0000000000
85007  -30.732  2.700  -15.035 0.0000000000
85894  -34.122  4.333  -13.332 0.0000000000
85929  -33.368  4.391  -15.097 0.0000000000
85941  -30.793  2.944  -15.037 0.0000000000
85942  -32.543  4.409  -15.348 0.0000000000
85944  -33.228  4.508  -15.233 0.0000000000
86820  -33.433  4.013  -14.893 0.0000000000
86836  -33.438  4.260  -14.898 0.0000000000
86848  -32.678  4.840  -15.284 0.0000000000
86849  -33.089  4.923  -15.279 0.0000000000
87751  -33.235  5.513  -15.125 0.0000000000
89563  -31.764  8.122  -12.216 0.0000000000
90485  -32.761  8.884  -12.873 0.0000000000
90501  -32.886  8.894  -13.129 0.0000000000
91435  -32.745  9.346  -12.609 0.0000000000
91436  -33.126  9.132  -12.916 0.0000000000
92450  -33.430  9.407  -13.065 0.0000000000
93324  -30.308  12.064  -11.346 0.0000000000
93339  -29.702  11.982  -11.684 0.0000000000
100232  -31.381  18.845  -11.732 0.0000000000
100252  -27.628  19.888  -13.936 0.0000000000
101090  -27.471  19.976  -13.688 0.0000000000
