#!ascii label  , from subject sub-01 vox2ras=TkReg
1131
51561  8.448  -35.744  64.847 0.0000000000
48252  0.639  -37.615  48.344 0.0000000000
42362  1.582  -42.301  62.627 0.0000000000
48108  0.869  -37.541  57.541 0.0000000000
56435  0.890  -30.727  51.874 0.0000000000
45589  3.687  -38.952  65.225 0.0000000000
50405  1.339  -35.894  62.805 0.0000000000
48005  11.582  -37.115  65.651 0.0000000000
44485  7.241  -39.418  64.147 0.0000000000
40009  4.290  -42.889  62.288 0.0000000000
54092  -0.370  -32.366  57.081 0.0000000000
51741  0.267  -34.280  53.810 0.0000000000
58468  0.035  -29.568  56.546 0.0000000000
41217  0.028  -43.494  58.197 0.0000000000
44577  2.669  -40.777  57.485 0.0000000000
45702  2.560  -39.130  61.567 0.0000000000
50470  0.692  -35.653  58.495 0.0000000000
48185  5.100  -37.456  52.575 0.0000000000
51818  1.973  -33.976  48.948 0.0000000000
57596  0.503  -30.107  46.277 0.0000000000
58555  4.601  -29.243  52.087 0.0000000000
49181  6.310  -36.969  65.549 0.0000000000
51598  4.993  -36.242  63.658 0.0000000000
47987  9.538  -36.716  66.213 0.0000000000
46803  9.556  -38.251  64.901 0.0000000000
46778  7.710  -37.556  65.627 0.0000000000
44482  5.555  -39.379  65.411 0.0000000000
56325  -1.187  -30.679  57.163 0.0000000000
42371  0.130  -43.033  60.175 0.0000000000
43455  1.247  -41.816  60.038 0.0000000000
44523  2.513  -40.754  61.879 0.0000000000
51669  3.482  -35.838  60.043 0.0000000000
50449  1.058  -36.592  60.741 0.0000000000
41194  1.998  -43.501  63.067 0.0000000000
38858  2.829  -44.645  61.139 0.0000000000
40018  0.958  -43.970  61.798 0.0000000000
38877  -0.136  -44.467  59.666 0.0000000000
46925  4.219  -38.396  58.786 0.0000000000
45775  4.603  -39.267  55.505 0.0000000000
49301  3.864  -36.809  55.950 0.0000000000
52986  -1.162  -33.430  52.738 0.0000000000
50597  0.620  -34.336  51.776 0.0000000000
54176  -0.254  -33.000  50.739 0.0000000000
54210  -0.709  -32.030  47.590 0.0000000000
56470  0.497  -31.083  49.219 0.0000000000
44491  2.722  -40.123  64.072 0.0000000000
46818  2.020  -38.891  63.368 0.0000000000
49200  2.897  -37.300  64.282 0.0000000000
51632  3.919  -35.792  61.943 0.0000000000
45628  13.167  -37.810  63.774 0.0000000000
46845  12.493  -37.176  61.676 0.0000000000
45630  10.676  -37.696  63.561 0.0000000000
44509  8.250  -38.977  62.143 0.0000000000
42360  5.737  -41.785  62.874 0.0000000000
42349  3.662  -41.542  64.479 0.0000000000
49329  -0.577  -35.963  56.169 0.0000000000
49345  0.801  -36.150  55.186 0.0000000000
52970  -0.617  -33.290  55.563 0.0000000000
54150  -1.333  -31.581  54.870 0.0000000000
57478  0.052  -30.011  54.353 0.0000000000
51579  10.512  -35.426  64.876 0.0000000000
45667  17.312  -38.001  62.266 0.0000000000
46796  17.717  -37.599  64.517 0.0000000000
47984  13.133  -37.124  66.134 0.0000000000
50343  12.189  -35.595  66.257 0.0000000000
41229  -0.332  -44.040  56.409 0.0000000000
43509  0.351  -42.621  55.791 0.0000000000
43485  1.151  -42.444  58.308 0.0000000000
44557  3.459  -40.780  59.383 0.0000000000
46907  0.807  -38.364  59.511 0.0000000000
46826  0.781  -38.105  62.001 0.0000000000
46883  -1.287  -38.158  60.583 0.0000000000
48089  -0.665  -37.244  58.563 0.0000000000
51710  0.192  -34.519  57.306 0.0000000000
44616  2.142  -41.603  54.521 0.0000000000
47003  2.749  -38.961  52.329 0.0000000000
48208  4.005  -37.732  50.120 0.0000000000
50535  2.831  -35.587  53.513 0.0000000000
50593  4.251  -35.298  50.507 0.0000000000
49446  3.347  -36.201  47.449 0.0000000000
53085  1.555  -33.753  45.496 0.0000000000
55425  0.322  -32.898  45.103 0.0000000000
60580  1.837  -27.374  56.696 0.0000000000
58511  2.727  -29.100  54.047 0.0000000000
59576  4.556  -27.700  54.086 0.0000000000
57519  2.482  -30.116  51.221 0.0000000000
56482  2.833  -30.686  48.937 0.0000000000
51543  7.360  -35.910  65.207 0.0000000000
51563  7.000  -35.579  65.002 0.0000000000
52807  7.927  -35.428  64.440 0.0000000000
51524  9.097  -35.982  65.665 0.0000000000
47988  8.576  -36.887  66.479 0.0000000000
50328  7.970  -36.494  65.779 0.0000000000
47991  6.468  -37.268  65.573 0.0000000000
48253  0.167  -37.782  47.553 0.0000000000
48276  0.526  -37.392  47.294 0.0000000000
42365  1.396  -42.635  61.416 0.0000000000
43443  1.509  -41.888  60.838 0.0000000000
43434  2.060  -41.760  61.901 0.0000000000
45694  14.556  -37.146  61.981 0.0000000000
42361  1.569  -42.714  63.107 0.0000000000
40017  1.549  -43.835  62.087 0.0000000000
41196  1.587  -42.991  61.847 0.0000000000
41207  0.173  -43.549  61.100 0.0000000000
48085  2.422  -37.638  58.120 0.0000000000
48105  3.888  -37.364  57.534 0.0000000000
48129  2.397  -37.207  56.372 0.0000000000
55321  -0.309  -31.741  52.118 0.0000000000
54170  -0.899  -32.433  51.587 0.0000000000
54169  -0.245  -32.067  50.973 0.0000000000
55350  0.388  -31.940  49.361 0.0000000000
56452  0.843  -30.264  50.742 0.0000000000
45610  3.067  -39.241  64.741 0.0000000000
45611  2.589  -39.186  64.057 0.0000000000
48012  3.023  -37.860  64.655 0.0000000000
51599  4.591  -36.516  63.211 0.0000000000
51667  5.353  -35.072  60.375 0.0000000000
45601  12.673  -37.285  64.689 0.0000000000
45629  12.002  -37.500  63.689 0.0000000000
45602  11.277  -37.622  64.380 0.0000000000
45605  7.859  -38.581  64.246 0.0000000000
45631  9.083  -38.276  63.342 0.0000000000
44498  7.604  -38.868  63.056 0.0000000000
43421  6.488  -40.503  63.510 0.0000000000
45588  4.480  -39.135  65.419 0.0000000000
43416  4.874  -40.658  64.656 0.0000000000
44489  3.955  -40.117  64.669 0.0000000000
43423  2.994  -41.399  64.263 0.0000000000
51718  -0.541  -34.438  56.972 0.0000000000
51735  -0.435  -34.725  55.769 0.0000000000
52954  -0.508  -33.245  56.480 0.0000000000
57417  -0.465  -30.173  57.038 0.0000000000
55263  -2.154  -31.211  55.788 0.0000000000
56359  -1.329  -30.262  55.091 0.0000000000
55313  -0.751  -30.711  54.454 0.0000000000
57431  0.186  -29.487  55.763 0.0000000000
46771  14.478  -37.928  65.196 0.0000000000
40075  0.023  -43.960  56.936 0.0000000000
42406  0.681  -43.307  57.209 0.0000000000
43486  0.280  -42.760  58.459 0.0000000000
44535  2.610  -40.753  61.286 0.0000000000
43454  2.182  -41.706  60.246 0.0000000000
44534  3.296  -39.976  61.095 0.0000000000
45725  3.125  -38.863  60.246 0.0000000000
46851  2.475  -38.610  60.875 0.0000000000
48025  1.610  -37.627  63.019 0.0000000000
46825  1.149  -38.424  62.285 0.0000000000
49223  0.966  -37.301  62.446 0.0000000000
49265  0.745  -36.479  59.585 0.0000000000
49255  -0.102  -37.252  60.410 0.0000000000
49267  -0.652  -37.377  59.435 0.0000000000
46931  -1.455  -37.821  59.223 0.0000000000
50462  -0.391  -36.941  58.536 0.0000000000
50483  -0.106  -35.987  58.022 0.0000000000
50481  0.503  -35.338  57.774 0.0000000000
46846  11.296  -36.743  61.208 0.0000000000
46902  11.760  -37.276  59.900 0.0000000000
41199  5.472  -43.153  61.665 0.0000000000
40036  5.605  -43.203  60.150 0.0000000000
40025  4.361  -44.052  61.254 0.0000000000
37741  1.727  -44.953  60.511 0.0000000000
37751  3.116  -44.733  59.987 0.0000000000
40040  0.449  -43.878  59.084 0.0000000000
38893  -0.581  -44.414  57.653 0.0000000000
44592  1.549  -41.806  56.234 0.0000000000
44605  1.623  -42.221  55.349 0.0000000000
45778  2.266  -40.912  55.596 0.0000000000
46974  5.238  -38.444  53.942 0.0000000000
45805  4.089  -39.490  53.601 0.0000000000
45815  4.691  -38.628  52.514 0.0000000000
47016  3.753  -38.790  51.489 0.0000000000
48197  4.580  -38.272  51.060 0.0000000000
50518  1.061  -35.202  54.377 0.0000000000
49361  2.272  -36.137  53.997 0.0000000000
50536  1.831  -35.300  53.654 0.0000000000
51807  1.732  -34.014  49.774 0.0000000000
50595  2.212  -34.734  51.248 0.0000000000
51806  2.751  -34.164  49.483 0.0000000000
51815  4.302  -35.211  48.623 0.0000000000
51817  2.819  -34.221  48.334 0.0000000000
51847  2.294  -34.617  46.129 0.0000000000
53052  1.822  -33.118  47.063 0.0000000000
56500  0.277  -31.451  47.366 0.0000000000
54243  -0.120  -32.059  46.676 0.0000000000
57617  0.881  -31.581  46.173 0.0000000000
60593  2.785  -27.254  56.145 0.0000000000
58485  1.873  -28.257  55.634 0.0000000000
59564  3.036  -27.864  55.037 0.0000000000
59594  5.310  -27.843  53.103 0.0000000000
58534  4.013  -28.580  52.828 0.0000000000
58535  3.183  -29.105  53.001 0.0000000000
57518  3.277  -30.336  51.426 0.0000000000
57538  2.446  -30.175  50.283 0.0000000000
57553  3.654  -30.973  50.564 0.0000000000
47993  4.749  -37.652  65.395 0.0000000000
49191  4.460  -37.168  64.898 0.0000000000
50362  5.720  -36.506  65.120 0.0000000000
47986  10.574  -36.555  65.854 0.0000000000
46802  10.618  -37.779  64.932 0.0000000000
48007  9.743  -37.234  65.821 0.0000000000
46777  8.725  -37.973  65.428 0.0000000000
45606  7.267  -38.969  64.729 0.0000000000
44486  6.431  -39.725  64.577 0.0000000000
45586  6.348  -38.814  65.524 0.0000000000
46757  5.822  -37.894  65.757 0.0000000000
55222  0.018  -31.012  58.181 0.0000000000
55243  -0.663  -31.266  57.482 0.0000000000
56310  -0.039  -30.177  58.450 0.0000000000
57405  -0.232  -29.526  58.224 0.0000000000
58448  0.138  -28.649  58.284 0.0000000000
42379  0.289  -43.025  59.244 0.0000000000
43471  -0.204  -42.297  58.978 0.0000000000
43444  0.794  -42.300  60.295 0.0000000000
44536  2.223  -41.220  61.434 0.0000000000
44522  2.529  -40.457  61.872 0.0000000000
50433  2.430  -36.040  61.738 0.0000000000
50423  0.820  -36.412  62.196 0.0000000000
51671  2.313  -36.107  60.757 0.0000000000
50458  1.652  -35.785  59.390 0.0000000000
50469  1.429  -35.443  58.649 0.0000000000
51709  1.099  -34.695  57.411 0.0000000000
40006  3.221  -42.936  63.026 0.0000000000
38844  3.323  -44.309  61.540 0.0000000000
38841  2.321  -44.034  62.206 0.0000000000
38859  2.060  -44.419  61.108 0.0000000000
38875  0.721  -45.200  60.498 0.0000000000
37755  0.183  -45.578  59.480 0.0000000000
38861  0.125  -44.532  61.019 0.0000000000
40028  -0.387  -43.751  60.248 0.0000000000
45758  3.995  -39.703  58.178 0.0000000000
45776  3.682  -40.182  55.970 0.0000000000
45765  4.626  -39.350  56.656 0.0000000000
46960  5.234  -37.898  55.802 0.0000000000
49341  4.493  -37.047  53.970 0.0000000000
51743  -1.667  -34.550  53.552 0.0000000000
50559  0.333  -34.572  52.885 0.0000000000
51772  -1.124  -34.419  52.179 0.0000000000
53005  0.216  -33.818  50.700 0.0000000000
54187  0.495  -33.122  49.497 0.0000000000
54208  0.743  -32.646  48.776 0.0000000000
55362  0.271  -32.192  48.617 0.0000000000
55351  0.186  -31.776  48.531 0.0000000000
56498  0.915  -30.708  47.584 0.0000000000
58554  5.613  -29.059  52.123 0.0000000000
56448  4.739  -31.058  51.092 0.0000000000
56446  6.305  -30.211  51.102 0.0000000000
42357  1.674  -41.745  63.273 0.0000000000
44512  2.410  -40.532  62.583 0.0000000000
45612  2.359  -39.285  63.514 0.0000000000
46807  2.002  -38.471  63.854 0.0000000000
49211  1.813  -37.134  62.908 0.0000000000
50387  3.567  -36.778  63.906 0.0000000000
49220  3.065  -36.741  62.823 0.0000000000
50420  2.933  -36.164  62.152 0.0000000000
51651  3.881  -35.735  61.278 0.0000000000
45627  14.224  -37.758  63.753 0.0000000000
46831  13.280  -37.695  62.121 0.0000000000
45671  13.024  -38.134  62.486 0.0000000000
45603  10.051  -38.132  64.260 0.0000000000
45653  10.109  -37.601  62.782 0.0000000000
45698  9.245  -37.977  61.027 0.0000000000
41198  6.117  -42.722  61.957 0.0000000000
41191  5.018  -42.411  62.546 0.0000000000
43415  5.617  -40.463  64.341 0.0000000000
42353  4.779  -42.168  64.092 0.0000000000
41185  4.353  -42.476  63.495 0.0000000000
42355  2.970  -42.032  64.080 0.0000000000
42356  1.867  -42.199  63.638 0.0000000000
48132  -0.263  -37.229  56.726 0.0000000000
48149  1.415  -36.995  56.067 0.0000000000
49346  0.248  -36.095  55.475 0.0000000000
50519  0.233  -35.252  55.023 0.0000000000
51733  0.150  -34.353  54.506 0.0000000000
54113  -1.492  -32.155  56.090 0.0000000000
54133  -0.837  -32.706  55.122 0.0000000000
52980  -0.177  -33.741  53.794 0.0000000000
54159  -0.078  -32.560  53.715 0.0000000000
55311  0.317  -31.721  53.519 0.0000000000
56393  1.004  -30.554  53.388 0.0000000000
52793  9.520  -35.560  64.942 0.0000000000
45668  16.444  -37.662  62.421 0.0000000000
45621  19.832  -37.509  63.515 0.0000000000
46795  19.039  -37.963  64.872 0.0000000000
45622  18.761  -37.315  63.494 0.0000000000
45623  17.668  -37.497  63.617 0.0000000000
45625  16.004  -37.653  63.697 0.0000000000
45626  15.179  -37.198  63.705 0.0000000000
46772  13.393  -37.624  65.443 0.0000000000
46753  12.769  -37.447  65.900 0.0000000000
47970  12.635  -36.527  66.078 0.0000000000
49159  11.625  -36.092  66.210 0.0000000000
50344  11.284  -35.926  66.344 0.0000000000
52786  10.056  -35.667  65.456 0.0000000000
43498  0.998  -43.042  57.188 0.0000000000
44569  1.903  -41.555  57.429 0.0000000000
43469  1.473  -41.860  59.246 0.0000000000
43484  1.971  -41.969  58.181 0.0000000000
44567  3.095  -40.929  58.353 0.0000000000
45749  3.919  -39.241  58.994 0.0000000000
46905  2.903  -37.688  59.380 0.0000000000
46928  1.033  -37.704  58.585 0.0000000000
45655  2.310  -39.529  62.380 0.0000000000
45656  1.503  -38.862  62.176 0.0000000000
45678  0.988  -38.573  61.802 0.0000000000
49234  0.269  -37.485  61.377 0.0000000000
46855  -0.293  -38.074  61.223 0.0000000000
46853  0.525  -38.344  60.789 0.0000000000
46908  -0.282  -38.492  59.492 0.0000000000
46929  0.079  -37.770  58.809 0.0000000000
48109  0.003  -37.450  57.468 0.0000000000
48111  -0.593  -36.926  57.201 0.0000000000
50493  -0.432  -35.192  57.169 0.0000000000
52937  -0.107  -33.461  57.129 0.0000000000
52936  0.794  -33.663  57.178 0.0000000000
54091  0.506  -32.559  57.273 0.0000000000
55221  0.564  -31.227  58.045 0.0000000000
38887  5.228  -43.766  58.755 0.0000000000
38874  3.735  -44.492  60.264 0.0000000000
45790  2.858  -40.091  54.987 0.0000000000
45818  2.187  -39.850  53.068 0.0000000000
48226  2.704  -37.646  49.141 0.0000000000
49324  2.317  -36.968  55.485 0.0000000000
49342  3.720  -36.589  54.363 0.0000000000
49359  4.116  -36.287  53.390 0.0000000000
50580  1.857  -34.700  52.127 0.0000000000
50578  4.283  -35.380  51.776 0.0000000000
49384  4.764  -36.242  51.091 0.0000000000
49395  4.503  -36.357  50.064 0.0000000000
48249  3.688  -36.928  48.542 0.0000000000
48274  2.398  -37.243  47.615 0.0000000000
49464  2.171  -36.405  46.580 0.0000000000
54241  1.052  -32.761  46.892 0.0000000000
53087  0.710  -33.440  44.971 0.0000000000
59508  0.429  -28.067  58.166 0.0000000000
59507  0.953  -27.402  57.779 0.0000000000
58467  0.675  -28.475  56.437 0.0000000000
58486  0.904  -28.926  55.316 0.0000000000
58513  1.066  -29.926  54.229 0.0000000000
58537  1.960  -30.089  53.096 0.0000000000
58496  3.255  -28.014  54.537 0.0000000000
58536  2.522  -29.698  53.119 0.0000000000
57520  1.647  -29.868  51.497 0.0000000000
57539  1.608  -29.870  50.410 0.0000000000
57555  1.541  -30.264  49.280 0.0000000000
57577  1.484  -30.937  47.474 0.0000000000
56516  2.494  -31.347  47.697 0.0000000000
51562  7.768  -35.573  64.901 0.0000000000
52795  8.218  -35.464  64.632 0.0000000000
51541  8.994  -36.018  65.122 0.0000000000
49162  8.633  -36.290  66.081 0.0000000000
50346  8.088  -36.192  65.341 0.0000000000
50347  7.765  -36.287  65.428 0.0000000000
49426  0.915  -37.197  47.571 0.0000000000
45693  15.273  -37.549  61.838 0.0000000000
46843  14.980  -36.935  61.101 0.0000000000
48086  1.651  -37.663  58.050 0.0000000000
48106  2.904  -37.412  57.411 0.0000000000
48107  1.904  -37.495  57.316 0.0000000000
55328  0.410  -31.212  51.620 0.0000000000
56416  -0.783  -31.185  51.888 0.0000000000
55339  0.416  -31.156  50.869 0.0000000000
45590  3.358  -38.819  65.051 0.0000000000
46805  3.186  -38.653  64.890 0.0000000000
46783  3.619  -38.417  65.241 0.0000000000
46774  11.873  -37.102  65.569 0.0000000000
46801  11.611  -37.265  65.064 0.0000000000
44484  7.591  -39.016  63.692 0.0000000000
44511  7.449  -39.904  62.965 0.0000000000
44499  7.271  -39.830  63.535 0.0000000000
43420  6.949  -40.298  63.081 0.0000000000
44500  6.793  -40.031  64.001 0.0000000000
46782  4.198  -38.511  65.516 0.0000000000
45608  4.249  -39.636  64.970 0.0000000000
45609  3.787  -39.504  64.883 0.0000000000
44490  3.298  -40.058  64.457 0.0000000000
58458  -0.049  -29.110  57.391 0.0000000000
57433  -0.934  -30.501  56.288 0.0000000000
57432  -0.347  -30.207  55.996 0.0000000000
57451  -0.582  -29.852  55.171 0.0000000000
41221  0.182  -43.719  57.483 0.0000000000
43487  -0.036  -42.931  57.771 0.0000000000
42397  0.174  -43.009  58.415 0.0000000000
45701  3.087  -39.100  60.865 0.0000000000
46852  1.629  -38.373  60.881 0.0000000000
50390  1.240  -36.857  62.889 0.0000000000
49212  1.356  -37.250  62.767 0.0000000000
50407  0.825  -36.629  62.728 0.0000000000
50460  0.350  -36.163  59.006 0.0000000000
49266  0.267  -36.988  59.509 0.0000000000
50461  0.047  -36.760  58.694 0.0000000000
50472  -0.188  -36.249  58.230 0.0000000000
50471  0.144  -35.907  58.330 0.0000000000
40013  4.768  -43.097  61.929 0.0000000000
40024  5.118  -43.701  61.087 0.0000000000
40014  4.042  -43.686  61.784 0.0000000000
37753  1.467  -45.844  60.093 0.0000000000
37752  2.307  -45.445  59.970 0.0000000000
41214  0.322  -43.353  58.928 0.0000000000
40051  0.034  -44.043  58.436 0.0000000000
40052  -0.269  -44.085  57.899 0.0000000000
40064  -0.202  -44.271  57.335 0.0000000000
44591  1.709  -40.983  56.501 0.0000000000
44590  2.378  -40.777  56.753 0.0000000000
46990  5.302  -38.290  52.919 0.0000000000
45804  4.810  -38.969  53.276 0.0000000000
47001  4.858  -38.060  52.223 0.0000000000
47015  4.587  -38.321  51.727 0.0000000000
50537  0.861  -34.807  53.460 0.0000000000
53051  2.260  -33.361  47.646 0.0000000000
53037  2.127  -33.400  48.426 0.0000000000
57580  0.686  -30.677  46.909 0.0000000000
56517  0.245  -31.745  46.770 0.0000000000
57616  1.075  -30.705  46.077 0.0000000000
60578  3.007  -26.731  56.636 0.0000000000
60592  3.269  -26.949  55.540 0.0000000000
58533  4.967  -28.446  52.587 0.0000000000
57495  3.689  -29.586  52.173 0.0000000000
56449  3.251  -30.560  50.881 0.0000000000
57517  4.282  -30.319  51.465 0.0000000000
49182  5.452  -37.109  65.336 0.0000000000
50350  5.296  -36.921  65.157 0.0000000000
50349  5.900  -36.543  65.321 0.0000000000
51595  7.290  -35.489  63.996 0.0000000000
49176  10.387  -36.064  66.090 0.0000000000
48009  8.175  -37.183  66.138 0.0000000000
48008  8.724  -37.321  66.130 0.0000000000
45584  7.926  -38.374  64.844 0.0000000000
45585  7.342  -38.398  65.245 0.0000000000
45607  6.721  -39.122  65.140 0.0000000000
46779  6.851  -38.138  65.540 0.0000000000
47992  5.649  -37.459  65.557 0.0000000000
46758  5.146  -37.950  65.701 0.0000000000
57389  0.155  -29.178  59.067 0.0000000000
57390  0.020  -28.986  58.650 0.0000000000
58435  0.156  -28.601  58.892 0.0000000000
42378  0.369  -42.736  59.413 0.0000000000
42377  0.606  -42.488  59.991 0.0000000000
51653  2.621  -35.822  61.296 0.0000000000
51654  2.314  -36.144  61.408 0.0000000000
51670  2.719  -35.651  60.494 0.0000000000
51699  2.139  -35.177  59.029 0.0000000000
51708  2.151  -35.004  57.761 0.0000000000
40011  2.526  -43.644  62.682 0.0000000000
40016  2.605  -43.951  62.181 0.0000000000
38847  1.174  -44.284  62.024 0.0000000000
38846  1.811  -44.309  62.045 0.0000000000
38860  0.942  -44.686  61.225 0.0000000000
41208  -0.135  -43.289  60.661 0.0000000000
41209  -0.094  -43.292  59.903 0.0000000000
45748  4.328  -39.017  58.409 0.0000000000
45757  4.492  -39.204  57.684 0.0000000000
46924  4.474  -38.424  58.110 0.0000000000
48127  4.616  -37.391  56.487 0.0000000000
48147  4.997  -37.512  55.545 0.0000000000
48163  5.001  -37.614  54.545 0.0000000000
49322  4.411  -36.904  55.177 0.0000000000
52982  -1.903  -33.851  53.211 0.0000000000
50540  -2.151  -35.048  52.907 0.0000000000
52988  -2.108  -34.196  52.603 0.0000000000
52996  -0.825  -33.555  51.475 0.0000000000
53006  -0.015  -33.523  50.855 0.0000000000
53021  0.368  -33.516  50.156 0.0000000000
53022  0.140  -33.276  50.248 0.0000000000
54188  0.210  -32.791  49.682 0.0000000000
56484  0.681  -31.112  48.211 0.0000000000
56483  0.952  -30.737  48.338 0.0000000000
58532  5.997  -28.335  52.650 0.0000000000
58553  6.623  -28.861  52.068 0.0000000000
56431  5.812  -30.225  51.379 0.0000000000
44501  2.363  -40.721  63.834 0.0000000000
44502  2.427  -40.301  63.378 0.0000000000
44492  2.536  -39.717  63.741 0.0000000000
48018  2.228  -37.792  64.341 0.0000000000
48019  1.615  -37.714  63.754 0.0000000000
49201  2.100  -37.277  63.924 0.0000000000
51566  4.804  -36.674  64.645 0.0000000000
50375  3.900  -36.969  64.393 0.0000000000
51584  4.683  -36.384  63.968 0.0000000000
50403  3.853  -36.774  62.930 0.0000000000
50404  3.410  -36.391  62.472 0.0000000000
49231  2.982  -36.435  62.441 0.0000000000
51614  3.491  -36.001  62.124 0.0000000000
51633  3.105  -35.716  61.827 0.0000000000
45650  13.677  -38.364  63.067 0.0000000000
45652  11.441  -37.433  62.986 0.0000000000
44497  8.058  -38.547  62.567 0.0000000000
45654  8.860  -38.059  62.460 0.0000000000
45674  9.700  -37.627  61.984 0.0000000000
45675  8.533  -38.171  61.826 0.0000000000
44520  8.101  -39.171  61.569 0.0000000000
44533  7.570  -39.804  61.380 0.0000000000
42359  6.247  -41.534  62.701 0.0000000000
42352  5.369  -41.797  63.519 0.0000000000
44481  6.138  -39.462  65.219 0.0000000000
44487  5.564  -39.981  64.965 0.0000000000
43417  4.111  -40.866  64.999 0.0000000000
42348  4.414  -41.535  64.526 0.0000000000
42354  3.947  -42.232  64.153 0.0000000000
41186  3.411  -42.723  63.351 0.0000000000
43419  2.940  -40.573  64.276 0.0000000000
43424  2.546  -41.152  64.107 0.0000000000
43425  2.019  -41.242  63.589 0.0000000000
48152  -0.483  -36.398  56.149 0.0000000000
49327  0.108  -36.699  56.102 0.0000000000
49347  -0.416  -36.139  55.802 0.0000000000
51734  -0.264  -34.328  55.264 0.0000000000
50520  -0.340  -35.328  55.591 0.0000000000
54093  -0.985  -31.907  56.735 0.0000000000
55244  -1.619  -31.353  56.744 0.0000000000
54135  -1.776  -31.458  55.163 0.0000000000
54134  -1.400  -32.100  55.282 0.0000000000
52977  -0.498  -33.415  54.454 0.0000000000
54149  -0.747  -32.193  54.666 0.0000000000
52981  -0.728  -33.702  53.354 0.0000000000
55295  -0.947  -31.533  54.647 0.0000000000
56395  -0.278  -30.424  54.335 0.0000000000
55312  -0.306  -31.398  54.345 0.0000000000
56394  0.537  -30.795  53.496 0.0000000000
57477  0.492  -30.196  54.110 0.0000000000
52804  10.026  -35.085  64.508 0.0000000000
52803  10.518  -35.168  64.175 0.0000000000
46840  17.539  -37.590  61.306 0.0000000000
45691  17.065  -37.989  61.738 0.0000000000
46768  18.055  -37.716  65.518 0.0000000000
46816  18.937  -37.741  64.150 0.0000000000
46817  18.240  -37.590  63.931 0.0000000000
45597  16.140  -37.670  64.170 0.0000000000
45598  15.473  -37.393  64.349 0.0000000000
46752  13.793  -37.454  65.690 0.0000000000
50322  12.558  -35.575  66.176 0.0000000000
49158  12.262  -36.063  66.107 0.0000000000
47971  12.068  -36.406  66.164 0.0000000000
49175  11.113  -36.087  66.075 0.0000000000
51559  10.749  -35.548  65.266 0.0000000000
51539  10.699  -35.868  65.761 0.0000000000
52785  10.431  -35.665  65.452 0.0000000000
41239  -0.520  -43.820  55.944 0.0000000000
42420  -0.341  -43.106  55.859 0.0000000000
43499  0.396  -43.042  57.801 0.0000000000
43497  1.502  -42.250  57.413 0.0000000000
43470  0.628  -42.107  59.224 0.0000000000
44558  2.959  -41.213  59.583 0.0000000000
43468  2.439  -41.605  59.347 0.0000000000
43467  2.951  -41.351  59.184 0.0000000000
43483  2.653  -41.466  58.617 0.0000000000
43482  3.119  -41.229  58.860 0.0000000000
44566  3.638  -40.156  58.716 0.0000000000
44556  3.635  -39.763  59.513 0.0000000000
45726  2.499  -38.550  59.923 0.0000000000
45737  3.044  -38.465  59.740 0.0000000000
46906  1.930  -37.962  59.619 0.0000000000
46927  2.083  -37.629  58.788 0.0000000000
45633  2.168  -39.402  62.971 0.0000000000
46833  0.956  -38.631  62.045 0.0000000000
50435  1.029  -36.444  61.410 0.0000000000
49241  0.616  -36.940  61.151 0.0000000000
48047  -1.326  -37.602  60.689 0.0000000000
48046  -1.004  -37.739  61.160 0.0000000000
46854  -0.236  -38.274  60.893 0.0000000000
46882  -0.428  -38.604  60.279 0.0000000000
46930  -0.855  -37.965  58.899 0.0000000000
48087  0.245  -37.666  58.005 0.0000000000
48088  -0.277  -37.333  58.296 0.0000000000
48110  -0.465  -37.158  57.421 0.0000000000
50482  -0.098  -35.459  57.620 0.0000000000
49306  -0.256  -35.498  57.440 0.0000000000
46844  13.725  -37.050  61.595 0.0000000000
38872  4.952  -44.055  59.862 0.0000000000
38871  5.269  -43.750  59.423 0.0000000000
38857  3.445  -44.521  60.807 0.0000000000
37739  2.985  -44.729  60.641 0.0000000000
40087  -0.737  -44.437  56.205 0.0000000000
44617  1.464  -42.196  54.286 0.0000000000
43536  1.813  -41.918  53.981 0.0000000000
44627  1.990  -41.163  53.570 0.0000000000
45789  3.897  -39.775  54.717 0.0000000000
45817  3.310  -39.418  52.956 0.0000000000
45806  3.119  -39.891  53.912 0.0000000000
47028  2.896  -38.591  50.547 0.0000000000
48209  2.311  -37.971  49.964 0.0000000000
49325  1.260  -36.872  55.720 0.0000000000
48148  1.721  -37.086  55.991 0.0000000000
49344  1.643  -36.494  54.595 0.0000000000
49343  2.698  -36.692  54.485 0.0000000000
49360  3.191  -36.127  53.944 0.0000000000
50534  3.482  -35.809  53.471 0.0000000000
50581  0.882  -34.547  52.244 0.0000000000
50594  3.260  -35.078  50.938 0.0000000000
50579  2.931  -35.151  51.932 0.0000000000
50636  3.671  -35.556  47.789 0.0000000000
49422  4.379  -36.152  48.597 0.0000000000
49423  3.805  -36.458  48.087 0.0000000000
48250  3.043  -37.179  48.317 0.0000000000
49424  3.115  -36.816  47.623 0.0000000000
49448  1.727  -37.164  47.119 0.0000000000
49447  2.725  -36.530  47.004 0.0000000000
51872  1.509  -34.671  44.829 0.0000000000
54229  0.328  -32.403  47.588 0.0000000000
54230  -0.479  -32.157  47.342 0.0000000000
55411  0.194  -32.717  45.486 0.0000000000
54251  0.157  -32.877  45.648 0.0000000000
54264  0.419  -33.076  44.888 0.0000000000
54265  0.118  -33.437  44.381 0.0000000000
60569  1.667  -27.074  57.330 0.0000000000
59521  1.219  -27.483  56.977 0.0000000000
59536  0.959  -27.849  56.721 0.0000000000
58466  1.417  -28.225  56.171 0.0000000000
58498  1.807  -28.827  54.675 0.0000000000
58512  1.804  -29.616  53.923 0.0000000000
60608  4.321  -26.887  54.648 0.0000000000
59562  4.081  -27.388  54.492 0.0000000000
59563  3.470  -27.564  54.733 0.0000000000
58510  3.579  -28.325  54.036 0.0000000000
57496  2.904  -29.893  52.223 0.0000000000
57497  2.209  -30.090  52.273 0.0000000000
57540  1.163  -29.756  51.049 0.0000000000
57554  2.248  -30.259  49.530 0.0000000000
57564  2.131  -30.606  48.661 0.0000000000
57565  1.531  -30.762  48.344 0.0000000000
56465  4.482  -31.244  50.446 0.0000000000
50348  7.009  -36.357  65.359 0.0000000000
51544  6.619  -36.070  65.184 0.0000000000
51580  7.435  -35.490  64.495 0.0000000000
52821  7.799  -35.188  63.801 0.0000000000
49177  9.200  -36.321  66.237 0.0000000000
49161  8.982  -36.132  66.140 0.0000000000
49178  8.322  -36.615  66.200 0.0000000000
46755  7.378  -37.307  65.646 0.0000000000
47990  7.243  -37.100  65.589 0.0000000000
49180  7.211  -36.733  65.483 0.0000000000
48295  0.540  -37.613  46.570 0.0000000000
49466  1.147  -37.165  46.640 0.0000000000
42370  0.844  -42.772  60.503 0.0000000000
42369  1.390  -42.217  61.159 0.0000000000
41188  1.828  -43.004  63.275 0.0000000000
40012  1.936  -43.796  62.509 0.0000000000
41195  1.695  -43.206  62.544 0.0000000000
41200  1.367  -43.441  61.909 0.0000000000
40026  0.503  -44.033  61.174 0.0000000000
41201  0.952  -43.352  61.355 0.0000000000
42366  0.943  -43.004  60.988 0.0000000000
48084  3.289  -37.510  58.441 0.0000000000
48083  4.214  -37.743  58.394 0.0000000000
48128  3.491  -37.055  56.665 0.0000000000
55322  -1.247  -31.686  52.280 0.0000000000
54165  -1.118  -32.456  52.167 0.0000000000
55331  -2.014  -31.522  51.807 0.0000000000
54175  -0.038  -32.377  50.472 0.0000000000
55340  0.245  -31.632  50.369 0.0000000000
56453  0.781  -31.014  50.160 0.0000000000
46806  2.697  -38.493  64.534 0.0000000000
51631  4.742  -35.455  62.027 0.0000000000
50431  4.347  -35.624  61.602 0.0000000000
51650  4.784  -35.453  61.172 0.0000000000
46804  8.634  -38.372  64.734 0.0000000000
45604  8.952  -38.546  64.216 0.0000000000
45632  8.049  -38.404  63.632 0.0000000000
43428  6.503  -40.842  62.868 0.0000000000
42351  6.095  -41.315  63.274 0.0000000000
44483  5.056  -39.290  65.491 0.0000000000
44488  4.735  -39.879  65.078 0.0000000000
42350  3.232  -41.479  64.327 0.0000000000
43418  3.326  -40.911  64.469 0.0000000000
51728  -0.659  -35.155  56.373 0.0000000000
50505  -0.645  -35.420  55.970 0.0000000000
51727  -0.605  -34.836  56.256 0.0000000000
51726  -0.363  -34.134  56.056 0.0000000000
52955  -0.848  -32.685  55.987 0.0000000000
57418  -1.134  -30.546  56.799 0.0000000000
55245  -2.194  -31.123  56.404 0.0000000000
56326  -1.775  -30.640  56.526 0.0000000000
56360  -1.627  -30.535  55.442 0.0000000000
55277  -1.502  -30.636  54.912 0.0000000000
57452  -1.073  -29.898  54.815 0.0000000000
57466  -0.813  -29.820  54.648 0.0000000000
57465  -0.266  -29.842  54.622 0.0000000000
45646  17.429  -37.534  62.905 0.0000000000
46769  16.854  -37.575  65.302 0.0000000000
46799  14.873  -37.722  64.819 0.0000000000
46751  14.932  -37.412  65.617 0.0000000000
47983  14.256  -37.131  66.044 0.0000000000
51538  11.868  -35.752  66.099 0.0000000000
41228  0.148  -43.845  56.761 0.0000000000
41238  -0.242  -43.659  56.307 0.0000000000
42407  0.362  -43.365  57.481 0.0000000000
43442  1.914  -41.583  60.827 0.0000000000
44548  2.979  -40.902  60.226 0.0000000000
44547  3.536  -39.789  60.247 0.0000000000
46879  2.716  -38.731  60.554 0.0000000000
46880  1.950  -38.619  60.186 0.0000000000
46819  1.629  -38.527  63.130 0.0000000000
48026  1.358  -37.857  62.703 0.0000000000
48032  0.827  -37.782  62.139 0.0000000000
49253  1.106  -36.490  60.188 0.0000000000
49254  0.618  -36.739  60.460 0.0000000000
49256  -0.999  -37.448  60.543 0.0000000000
48054  -1.748  -37.509  60.142 0.0000000000
46910  -2.075  -37.908  59.803 0.0000000000
48068  -1.413  -37.544  59.324 0.0000000000
49275  -1.024  -36.890  58.809 0.0000000000
49287  -0.463  -36.664  57.897 0.0000000000
50473  -0.375  -36.578  58.207 0.0000000000
45696  11.690  -36.975  62.008 0.0000000000
46874  11.714  -36.991  60.688 0.0000000000
41205  5.957  -43.194  61.027 0.0000000000
40023  5.595  -43.413  60.769 0.0000000000
40037  5.156  -43.802  60.392 0.0000000000
38855  4.755  -44.081  60.418 0.0000000000
40050  0.237  -44.233  58.892 0.0000000000
38891  -0.456  -44.924  58.897 0.0000000000
38908  -1.055  -44.775  57.350 0.0000000000
40076  -0.288  -44.323  56.797 0.0000000000
44593  0.848  -42.549  55.850 0.0000000000
44604  1.901  -41.198  55.652 0.0000000000
45791  2.471  -40.915  55.087 0.0000000000
45788  4.857  -39.283  54.353 0.0000000000
45816  4.170  -39.200  52.523 0.0000000000
47002  3.499  -39.110  52.317 0.0000000000
50517  1.692  -35.854  54.108 0.0000000000
51788  1.504  -34.442  50.662 0.0000000000
51787  2.517  -34.476  50.372 0.0000000000
51786  3.588  -34.482  50.119 0.0000000000
51785  4.276  -34.740  49.736 0.0000000000
51805  3.681  -34.481  49.184 0.0000000000
51816  3.886  -34.876  48.353 0.0000000000
51825  3.282  -34.872  47.729 0.0000000000
50637  3.025  -35.511  47.284 0.0000000000
51826  2.703  -34.498  47.182 0.0000000000
53061  2.299  -33.631  46.633 0.0000000000
53062  1.582  -33.287  46.407 0.0000000000
55380  -0.586  -31.844  47.327 0.0000000000
54231  -0.828  -32.038  47.162 0.0000000000
55399  -0.395  -32.005  46.674 0.0000000000
56529  0.341  -31.991  46.057 0.0000000000
56547  0.420  -32.306  45.445 0.0000000000
60579  2.351  -27.117  56.756 0.0000000000
59534  2.315  -27.576  56.260 0.0000000000
59551  2.241  -27.967  56.014 0.0000000000
58484  2.546  -28.138  55.381 0.0000000000
58497  2.788  -28.208  54.845 0.0000000000
59595  4.567  -28.124  53.178 0.0000000000
58509  4.193  -28.237  53.554 0.0000000000
56434  2.933  -30.416  51.045 0.0000000000
56450  2.922  -30.480  50.578 0.0000000000
56467  2.869  -30.660  49.817 0.0000000000
48010  4.150  -38.054  65.483 0.0000000000
48011  3.831  -37.740  65.109 0.0000000000
47994  4.407  -37.496  65.193 0.0000000000
50363  4.978  -36.835  64.838 0.0000000000
51583  5.411  -36.302  64.299 0.0000000000
51564  6.428  -35.995  64.925 0.0000000000
50384  5.930  -35.956  63.885 0.0000000000
48006  10.823  -37.155  65.690 0.0000000000
46775  11.096  -37.387  65.422 0.0000000000
46776  10.088  -37.646  65.373 0.0000000000
46756  6.711  -37.687  65.604 0.0000000000
45580  6.067  -38.124  65.778 0.0000000000
45587  5.519  -38.645  65.731 0.0000000000
46780  5.321  -38.231  65.764 0.0000000000
46781  4.851  -38.431  65.715 0.0000000000
55242  0.188  -31.685  57.706 0.0000000000
55223  -0.393  -30.748  58.081 0.0000000000
56311  -0.602  -30.418  57.802 0.0000000000
56300  0.146  -29.656  58.765 0.0000000000
57404  -0.027  -29.592  58.597 0.0000000000
42387  -0.001  -42.777  58.780 0.0000000000
42386  -0.374  -42.447  59.073 0.0000000000
43457  0.206  -42.320  58.964 0.0000000000
43456  0.611  -42.206  59.694 0.0000000000
45676  2.537  -39.908  61.853 0.0000000000
50421  2.187  -36.036  62.135 0.0000000000
50422  1.170  -35.904  62.333 0.0000000000
50434  1.804  -36.205  61.666 0.0000000000
51672  2.099  -36.376  61.220 0.0000000000
50448  1.653  -36.502  60.778 0.0000000000
51687  2.257  -35.660  59.877 0.0000000000
50447  1.851  -36.051  60.078 0.0000000000
49252  1.518  -36.330  60.023 0.0000000000
49264  1.272  -36.254  59.579 0.0000000000
50459  0.938  -35.883  59.129 0.0000000000
50480  1.179  -35.322  57.935 0.0000000000
40010  3.409  -43.072  62.637 0.0000000000
40015  3.064  -43.830  62.095 0.0000000000
38845  2.585  -44.372  61.853 0.0000000000
38842  2.146  -44.003  62.405 0.0000000000
37742  1.073  -45.475  60.654 0.0000000000
38876  0.162  -44.822  60.094 0.0000000000
40027  -0.234  -44.070  60.769 0.0000000000
40038  -0.362  -44.247  60.099 0.0000000000
40039  -0.070  -43.972  59.515 0.0000000000
41213  0.303  -43.279  59.201 0.0000000000
44576  3.394  -40.338  57.826 0.0000000000
44589  3.132  -40.432  56.934 0.0000000000
45766  4.039  -40.052  57.230 0.0000000000
46941  4.741  -38.330  57.259 0.0000000000
46951  5.080  -38.304  56.217 0.0000000000
46961  5.130  -38.375  55.138 0.0000000000
48176  5.182  -37.662  53.475 0.0000000000
51742  -0.837  -34.396  53.369 0.0000000000
51753  -0.172  -34.291  53.170 0.0000000000
50560  -0.864  -34.943  52.966 0.0000000000
50582  -0.059  -34.422  52.342 0.0000000000
51770  0.232  -34.201  51.703 0.0000000000
51791  -0.477  -33.977  51.521 0.0000000000
51789  0.623  -34.458  51.023 0.0000000000
51808  0.891  -34.029  50.250 0.0000000000
53020  1.041  -33.407  49.450 0.0000000000
54207  1.483  -32.838  48.518 0.0000000000
54209  -0.174  -32.229  48.209 0.0000000000
55363  -0.424  -31.780  48.090 0.0000000000
56485  0.226  -31.440  48.092 0.0000000000
56499  0.686  -31.010  47.458 0.0000000000
57579  0.778  -30.363  46.876 0.0000000000
57516  5.278  -29.845  51.691 0.0000000000
56432  5.125  -30.482  51.338 0.0000000000
57535  6.929  -29.645  50.740 0.0000000000
43429  1.896  -41.307  62.951 0.0000000000
46808  1.561  -38.169  63.618 0.0000000000
49222  1.253  -36.167  63.140 0.0000000000
49192  3.956  -37.306  64.739 0.0000000000
49199  3.508  -37.252  64.431 0.0000000000
50388  3.237  -36.975  64.079 0.0000000000
50386  4.023  -36.680  63.585 0.0000000000
49209  3.421  -36.829  63.400 0.0000000000
49210  2.748  -37.021  63.493 0.0000000000
49221  2.080  -36.624  62.614 0.0000000000
51652  3.004  -35.542  61.194 0.0000000000
51668  4.482  -35.792  60.141 0.0000000000
45649  14.766  -37.689  63.028 0.0000000000
45670  14.241  -37.963  62.265 0.0000000000
45651  12.579  -38.078  63.060 0.0000000000
45672  12.092  -37.492  62.548 0.0000000000
45695  12.495  -37.529  62.246 0.0000000000
45697  10.503  -37.235  61.398 0.0000000000
41197  6.550  -42.023  62.050 0.0000000000
40008  4.679  -42.767  62.228 0.0000000000
43414  6.218  -40.341  64.045 0.0000000000
43422  5.820  -40.981  63.835 0.0000000000
42347  5.156  -41.335  64.235 0.0000000000
41184  4.875  -42.254  63.471 0.0000000000
41192  3.952  -42.591  62.825 0.0000000000
41193  3.554  -42.737  62.921 0.0000000000
40007  2.984  -43.114  63.077 0.0000000000
41187  2.466  -42.992  63.440 0.0000000000
48131  0.325  -37.252  56.594 0.0000000000
48130  1.287  -37.179  56.476 0.0000000000
49305  0.409  -36.999  56.344 0.0000000000
49326  0.433  -36.716  56.056 0.0000000000
52976  0.051  -33.840  54.178 0.0000000000
54112  -0.790  -32.433  56.412 0.0000000000
55262  -2.066  -31.606  56.190 0.0000000000
52971  -1.028  -32.553  55.592 0.0000000000
54163  0.227  -32.330  52.796 0.0000000000
55320  0.511  -31.487  52.638 0.0000000000
56415  1.057  -30.810  52.611 0.0000000000
52794  8.746  -35.474  64.682 0.0000000000
52805  9.055  -34.937  64.447 0.0000000000
52819  9.303  -34.453  63.864 0.0000000000
45669  15.448  -37.477  62.500 0.0000000000
45596  16.826  -37.635  64.072 0.0000000000
45647  16.577  -37.661  62.991 0.0000000000
45648  15.761  -37.588  63.044 0.0000000000
45581  14.275  -38.188  64.854 0.0000000000
45582  13.573  -38.073  65.076 0.0000000000
45583  13.146  -37.456  65.210 0.0000000000
46773  12.629  -37.259  65.523 0.0000000000
46754  12.150  -37.236  65.830 0.0000000000
47968  14.712  -36.727  66.146 0.0000000000
47969  13.622  -36.665  66.097 0.0000000000
49157  13.045  -36.074  65.674 0.0000000000
47985  11.831  -36.845  65.986 0.0000000000
50345  10.038  -35.999  66.056 0.0000000000
51540  9.543  -35.824  65.581 0.0000000000
51560  9.053  -35.838  64.937 0.0000000000
42419  -0.062  -43.266  56.309 0.0000000000
42418  0.538  -43.218  56.624 0.0000000000
44581  0.867  -42.799  56.292 0.0000000000
44580  1.360  -42.361  56.630 0.0000000000
44579  1.512  -41.527  57.003 0.0000000000
44578  1.932  -41.021  57.208 0.0000000000
42396  -0.064  -42.627  59.045 0.0000000000
44568  2.404  -41.376  57.808 0.0000000000
45736  3.523  -39.083  59.703 0.0000000000
46904  3.683  -38.332  59.357 0.0000000000
46926  2.676  -37.474  58.766 0.0000000000
46942  0.755  -37.582  58.052 0.0000000000
45634  1.655  -38.987  62.613 0.0000000000
45677  2.185  -39.318  62.052 0.0000000000
45703  1.360  -38.475  61.533 0.0000000000
49233  0.614  -37.152  61.827 0.0000000000
48038  0.495  -37.631  61.671 0.0000000000
49242  -0.261  -37.475  61.097 0.0000000000
48039  0.070  -37.816  61.347 0.0000000000
46834  0.651  -38.184  61.649 0.0000000000
45679  0.378  -38.157  61.381 0.0000000000
45704  0.457  -38.192  61.057 0.0000000000
46881  0.635  -38.681  60.145 0.0000000000
46909  -1.285  -38.330  59.641 0.0000000000
46943  0.417  -37.554  58.089 0.0000000000
48133  -0.481  -36.905  56.681 0.0000000000
48134  -0.447  -36.450  56.493 0.0000000000
49286  -0.266  -36.102  57.640 0.0000000000
49308  -0.292  -36.042  57.010 0.0000000000
51720  -0.621  -35.216  56.612 0.0000000000
52806  8.391  -35.098  64.213 0.0000000000
46872  13.813  -36.572  60.438 0.0000000000
46873  12.704  -36.848  60.713 0.0000000000
38843  3.906  -44.255  61.264 0.0000000000
38856  4.245  -44.279  60.739 0.0000000000
38873  4.248  -44.415  59.996 0.0000000000
38889  4.453  -44.434  59.483 0.0000000000
44606  0.734  -42.411  54.925 0.0000000000
44602  2.904  -40.768  56.263 0.0000000000
45777  2.812  -40.808  55.601 0.0000000000
45807  2.455  -40.520  54.189 0.0000000000
44639  1.515  -40.756  52.906 0.0000000000
47017  2.377  -38.803  51.378 0.0000000000
48251  1.803  -37.385  48.371 0.0000000000
49303  2.572  -37.079  55.912 0.0000000000
49323  3.361  -36.760  55.220 0.0000000000
49358  4.737  -37.000  53.127 0.0000000000
50558  1.335  -34.901  52.850 0.0000000000
50557  2.424  -35.115  52.846 0.0000000000
50556  3.690  -35.491  52.825 0.0000000000
50555  4.601  -35.591  52.516 0.0000000000
49370  5.137  -36.233  52.437 0.0000000000
48196  5.224  -37.461  51.372 0.0000000000
48207  5.053  -36.940  50.418 0.0000000000
49396  4.178  -36.838  49.466 0.0000000000
49405  4.480  -36.189  49.222 0.0000000000
48225  3.625  -37.164  49.071 0.0000000000
49425  1.233  -37.309  47.852 0.0000000000
49449  1.070  -37.009  47.054 0.0000000000
49465  1.660  -36.734  46.396 0.0000000000
54228  1.450  -32.670  47.697 0.0000000000
54240  1.465  -32.905  47.001 0.0000000000
53063  0.883  -33.267  46.054 0.0000000000
54242  0.301  -32.511  46.528 0.0000000000
53064  0.497  -33.155  45.670 0.0000000000
53086  1.085  -33.617  45.127 0.0000000000
51873  0.845  -34.253  44.641 0.0000000000
59509  0.304  -28.247  58.495 0.0000000000
58447  0.287  -28.411  58.080 0.0000000000
58457  0.325  -28.438  57.641 0.0000000000
59522  0.654  -27.875  57.264 0.0000000000
57450  0.278  -29.593  55.040 0.0000000000
57464  0.433  -29.818  54.522 0.0000000000
58499  1.042  -29.426  54.625 0.0000000000
57476  1.268  -30.312  53.532 0.0000000000
56414  1.170  -30.625  53.138 0.0000000000
57499  1.204  -30.500  52.101 0.0000000000
57498  1.547  -30.383  52.471 0.0000000000
57521  1.153  -30.115  51.595 0.0000000000
56469  0.999  -30.526  49.490 0.0000000000
57556  1.196  -30.496  48.655 0.0000000000
57566  1.115  -30.935  48.025 0.0000000000
57578  1.032  -30.459  47.251 0.0000000000
57552  3.860  -31.083  50.671 0.0000000000
56466  3.533  -30.991  50.298 0.0000000000
56497  2.634  -31.150  48.230 0.0000000000
57576  1.989  -31.234  47.954 0.0000000000
57595  0.957  -29.869  46.319 0.0000000000
37761  4.376  -44.570  59.149 0.0000000000
40063  0.196  -44.114  57.060 0.0000000000
41190  6.050  -42.078  62.446 0.0000000000
41202  0.387  -43.081  61.050 0.0000000000
41206  5.553  -43.398  61.285 0.0000000000
41218  -0.034  -43.921  57.682 0.0000000000
41222  -0.004  -44.161  57.404 0.0000000000
43496  1.735  -41.828  57.419 0.0000000000
43535  1.964  -41.645  53.876 0.0000000000
43549  1.727  -41.718  53.654 0.0000000000
43550  1.582  -41.982  53.762 0.0000000000
44546  3.550  -39.512  59.885 0.0000000000
44594  0.616  -42.668  55.919 0.0000000000
44603  2.240  -40.849  56.048 0.0000000000
45579  6.280  -38.285  65.694 0.0000000000
45705  0.023  -38.135  61.177 0.0000000000
45724  3.463  -39.324  60.054 0.0000000000
45738  2.583  -38.204  59.690 0.0000000000
45826  4.601  -38.415  52.134 0.0000000000
45827  4.359  -38.714  52.060 0.0000000000
46759  4.593  -38.106  65.626 0.0000000000
46784  3.263  -38.246  64.878 0.0000000000
46800  12.216  -37.058  65.266 0.0000000000
46832  12.855  -37.713  62.206 0.0000000000
46884  -1.909  -37.819  60.265 0.0000000000
46950  5.238  -37.864  56.107 0.0000000000
47989  7.814  -37.048  66.081 0.0000000000
48020  1.507  -37.985  63.316 0.0000000000
48033  0.646  -37.948  61.878 0.0000000000
48053  -1.503  -37.749  60.526 0.0000000000
48066  4.098  -37.899  59.029 0.0000000000
48067  3.741  -37.649  59.071 0.0000000000
48082  4.535  -38.003  57.875 0.0000000000
48104  4.455  -37.708  57.550 0.0000000000
48126  5.100  -37.716  56.339 0.0000000000
48146  5.123  -37.541  56.050 0.0000000000
48150  0.000  -37.004  56.356 0.0000000000
48151  -0.221  -36.860  56.344 0.0000000000
48153  -0.580  -36.187  56.125 0.0000000000
48164  -0.622  -36.115  55.950 0.0000000000
48165  -0.732  -36.037  56.081 0.0000000000
48275  1.748  -37.349  47.732 0.0000000000
49160  11.034  -35.958  66.335 0.0000000000
49163  8.085  -36.577  66.017 0.0000000000
49164  7.791  -36.524  65.682 0.0000000000
49179  7.737  -36.788  65.896 0.0000000000
49183  4.808  -37.230  65.110 0.0000000000
49184  4.271  -37.374  65.022 0.0000000000
49193  3.447  -37.523  64.615 0.0000000000
49197  5.791  -36.044  63.974 0.0000000000
49198  5.646  -36.232  64.057 0.0000000000
49206  5.555  -36.063  63.901 0.0000000000
49207  5.259  -36.091  63.858 0.0000000000
49208  3.709  -36.796  63.272 0.0000000000
49219  3.517  -36.838  63.112 0.0000000000
49232  2.612  -36.400  62.396 0.0000000000
49243  -1.005  -37.506  61.001 0.0000000000
49263  1.602  -36.123  59.707 0.0000000000
49285  -0.189  -35.763  57.610 0.0000000000
49302  2.988  -36.985  55.932 0.0000000000
49304  0.707  -36.931  56.302 0.0000000000
49307  -0.322  -35.661  57.292 0.0000000000
49328  -0.291  -36.582  56.071 0.0000000000
49348  -0.646  -35.924  55.889 0.0000000000
49371  4.554  -35.812  52.867 0.0000000000
49406  4.118  -36.676  48.802 0.0000000000
49480  1.487  -36.841  46.127 0.0000000000
50323  11.811  -35.708  66.304 0.0000000000
50324  11.452  -35.969  66.445 0.0000000000
50325  9.266  -36.003  66.022 0.0000000000
50326  8.835  -36.092  65.911 0.0000000000
50327  8.335  -36.291  65.700 0.0000000000
50364  4.312  -37.071  64.722 0.0000000000
50372  5.805  -36.129  64.201 0.0000000000
50373  5.403  -36.190  64.018 0.0000000000
50374  4.336  -36.658  64.236 0.0000000000
50376  3.363  -37.115  64.265 0.0000000000
50385  5.417  -36.015  63.684 0.0000000000
50389  0.972  -36.411  63.149 0.0000000000
50402  5.802  -35.700  63.482 0.0000000000
50406  0.766  -35.919  62.981 0.0000000000
50418  4.216  -35.678  61.813 0.0000000000
50419  3.910  -35.741  61.702 0.0000000000
50432  4.088  -35.715  61.614 0.0000000000
50484  -0.385  -36.327  57.962 0.0000000000
50494  -0.501  -35.390  56.879 0.0000000000
50495  -0.554  -35.501  56.457 0.0000000000
50504  -0.556  -35.045  55.856 0.0000000000
50521  -0.553  -35.713  55.789 0.0000000000
50538  -1.435  -34.982  53.498 0.0000000000
50539  -1.824  -35.161  53.319 0.0000000000
50561  -1.586  -35.020  52.610 0.0000000000
50562  -2.055  -34.912  52.605 0.0000000000
50583  -0.928  -34.843  52.372 0.0000000000
50584  -1.260  -34.917  52.313 0.0000000000
50596  1.246  -34.586  51.478 0.0000000000
50607  4.523  -35.448  49.591 0.0000000000
50618  4.487  -35.575  48.878 0.0000000000
50619  4.215  -35.617  48.300 0.0000000000
51525  8.654  -36.149  65.502 0.0000000000
51526  8.286  -36.222  65.445 0.0000000000
51542  8.190  -36.038  65.159 0.0000000000
51545  6.118  -36.274  65.148 0.0000000000
51565  5.849  -36.316  65.016 0.0000000000
51634  2.703  -35.825  61.704 0.0000000000
51719  -0.641  -34.999  56.750 0.0000000000
51744  -2.233  -34.589  53.266 0.0000000000
51752  0.333  -34.482  53.326 0.0000000000
51754  -1.862  -34.528  52.498 0.0000000000
51755  -2.225  -34.588  52.765 0.0000000000
51771  -0.372  -34.288  51.949 0.0000000000
51790  0.111  -34.055  51.207 0.0000000000
51804  4.384  -34.921  49.036 0.0000000000
51809  0.402  -34.036  50.637 0.0000000000
52792  10.220  -35.505  65.104 0.0000000000
52983  -2.262  -34.103  52.878 0.0000000000
52987  -1.526  -33.702  52.433 0.0000000000
53019  1.554  -33.704  49.252 0.0000000000
53038  1.568  -33.370  48.858 0.0000000000
53039  1.166  -33.080  48.895 0.0000000000
53084  2.138  -33.747  45.841 0.0000000000
53107  0.230  -33.715  44.429 0.0000000000
54114  -2.019  -31.847  55.642 0.0000000000
54151  -1.535  -31.308  54.859 0.0000000000
54158  0.418  -32.156  53.166 0.0000000000
54164  -0.496  -32.725  52.625 0.0000000000
54166  -1.660  -32.083  51.915 0.0000000000
54171  -1.646  -31.896  51.687 0.0000000000
54189  -0.011  -33.150  50.385 0.0000000000
54206  1.821  -33.051  48.510 0.0000000000
54227  2.016  -32.806  48.211 0.0000000000
54252  0.073  -32.426  46.171 0.0000000000
55278  -1.687  -30.850  55.191 0.0000000000
55296  -1.281  -30.939  54.705 0.0000000000
55297  -1.613  -31.096  54.965 0.0000000000
55323  -1.823  -31.637  52.168 0.0000000000
55329  -0.282  -31.673  51.500 0.0000000000
55330  -1.417  -31.479  51.646 0.0000000000
55349  4.790  -31.243  50.790 0.0000000000
55412  0.069  -32.536  45.976 0.0000000000
55424  0.197  -32.896  45.351 0.0000000000
56327  -2.191  -30.843  56.164 0.0000000000
56342  -0.914  -30.373  55.720 0.0000000000
56343  -1.403  -30.520  55.792 0.0000000000
56344  -1.931  -30.683  55.807 0.0000000000
56358  -0.801  -30.167  55.493 0.0000000000
56374  -0.657  -29.983  54.393 0.0000000000
56375  -0.983  -30.243  54.502 0.0000000000
56396  -0.720  -30.460  54.382 0.0000000000
56417  -1.217  -30.946  52.182 0.0000000000
56418  -1.801  -31.122  52.281 0.0000000000
56430  6.155  -30.060  51.375 0.0000000000
56433  3.163  -30.448  51.140 0.0000000000
56436  -1.084  -30.975  51.791 0.0000000000
56437  -1.790  -30.927  51.889 0.0000000000
56438  -2.049  -31.207  52.080 0.0000000000
56451  1.147  -29.950  50.371 0.0000000000
56468  1.250  -30.198  50.079 0.0000000000
56471  0.382  -31.464  48.675 0.0000000000
57515  6.247  -29.659  51.541 0.0000000000
57536  4.115  -31.066  51.019 0.0000000000
57537  3.674  -30.789  50.883 0.0000000000
57597  0.832  -31.054  46.648 0.0000000000
57638  0.630  -31.845  45.640 0.0000000000
59494  0.301  -27.982  58.995 0.0000000000
59495  0.230  -28.385  58.689 0.0000000000
59535  1.587  -27.885  56.361 0.0000000000
59550  2.820  -27.778  55.530 0.0000000000
59577  3.836  -27.878  54.293 0.0000000000
