#!ascii label  , from subject sub-01 vox2ras=TkReg
1303
50548  19.311  -34.304  52.834 0.0000000000
42413  29.887  -39.878  56.515 0.0000000000
67809  34.549  -18.328  42.024 0.0000000000
56571  29.972  -29.166  44.268 0.0000000000
48198  30.535  -36.328  52.117 0.0000000000
79613  45.685  -9.058  36.611 0.0000000000
72116  34.087  -16.858  47.781 0.0000000000
66756  29.382  -20.486  44.194 0.0000000000
49380  15.120  -35.487  51.192 0.0000000000
46956  25.339  -37.271  54.358 0.0000000000
44644  25.545  -39.661  51.125 0.0000000000
49418  21.415  -34.439  48.292 0.0000000000
75599  39.744  -12.998  39.722 0.0000000000
48074  22.383  -36.188  58.779 0.0000000000
48100  17.689  -36.391  57.994 0.0000000000
71035  38.984  -15.874  43.373 0.0000000000
46949  12.153  -36.442  56.146 0.0000000000
43533  8.386  -39.964  55.005 0.0000000000
63347  30.889  -24.540  46.625 0.0000000000
54205  29.617  -31.213  49.507 0.0000000000
48265  28.587  -36.881  47.642 0.0000000000
44712  28.425  -40.334  47.827 0.0000000000
70920  33.239  -17.466  50.529 0.0000000000
69864  31.655  -17.765  46.602 0.0000000000
68776  31.181  -19.112  48.388 0.0000000000
72065  35.601  -16.583  50.334 0.0000000000
51813  17.920  -34.113  48.923 0.0000000000
50606  16.056  -35.153  49.399 0.0000000000
50574  16.675  -34.359  51.288 0.0000000000
49354  22.432  -35.186  54.290 0.0000000000
46995  23.131  -36.222  52.027 0.0000000000
50589  20.624  -34.507  50.885 0.0000000000
50654  18.585  -33.682  46.447 0.0000000000
69935  35.501  -17.933  39.586 0.0000000000
68821  36.806  -17.685  44.396 0.0000000000
68854  37.443  -17.327  42.174 0.0000000000
72161  37.329  -16.135  40.552 0.0000000000
48051  16.364  -36.801  60.650 0.0000000000
48124  15.127  -35.962  57.241 0.0000000000
46900  13.862  -36.823  59.317 0.0000000000
44555  8.239  -39.458  59.388 0.0000000000
44574  9.735  -38.887  57.693 0.0000000000
42404  8.146  -41.089  56.637 0.0000000000
41246  7.233  -42.331  55.705 0.0000000000
40062  6.235  -43.045  58.130 0.0000000000
54202  32.594  -31.359  49.703 0.0000000000
51796  30.865  -33.829  51.348 0.0000000000
51799  27.767  -34.229  49.801 0.0000000000
49412  28.463  -36.808  50.058 0.0000000000
132796  24.903  -37.305  48.239 0.0000000000
43592  27.043  -40.482  49.712 0.0000000000
47093  26.117  -37.571  46.337 0.0000000000
45925  27.333  -38.339  46.173 0.0000000000
59718  30.066  -27.094  44.938 0.0000000000
62032  28.881  -24.974  43.906 0.0000000000
58665  28.529  -28.225  42.787 0.0000000000
81637  48.119  -7.416  35.433 0.0000000000
79624  46.263  -8.351  35.283 0.0000000000
68824  34.682  -17.546  44.125 0.0000000000
68837  32.790  -18.117  43.413 0.0000000000
70965  36.592  -17.506  48.106 0.0000000000
43507  27.928  -38.872  55.399 0.0000000000
42454  28.372  -39.970  53.514 0.0000000000
44613  25.306  -38.347  52.823 0.0000000000
132786  23.735  -37.193  49.940 0.0000000000
48291  23.066  -34.930  46.931 0.0000000000
76611  41.608  -12.936  42.477 0.0000000000
77619  41.756  -11.542  40.165 0.0000000000
78621  42.671  -10.214  38.253 0.0000000000
79628  43.033  -9.579  36.297 0.0000000000
50498  21.153  -35.638  55.456 0.0000000000
50501  17.983  -34.698  55.872 0.0000000000
48098  19.804  -36.406  58.051 0.0000000000
48094  24.227  -35.937  56.451 0.0000000000
73266  38.913  -14.454  41.048 0.0000000000
49337  15.536  -34.951  55.381 0.0000000000
50533  13.160  -35.664  53.878 0.0000000000
48183  11.522  -37.622  52.873 0.0000000000
45745  11.134  -37.515  58.547 0.0000000000
45774  10.334  -38.288  55.667 0.0000000000
37763  2.788  -45.515  58.913 0.0000000000
67738  31.446  -21.453  49.460 0.0000000000
57646  32.029  -28.890  45.751 0.0000000000
56510  32.817  -30.117  46.352 0.0000000000
55406  30.708  -30.555  45.502 0.0000000000
54225  27.618  -32.537  47.493 0.0000000000
50629  27.735  -35.839  47.348 0.0000000000
48325  29.150  -37.470  44.860 0.0000000000
42478  28.896  -41.402  51.955 0.0000000000
43577  29.351  -40.153  51.527 0.0000000000
45845  29.584  -38.310  50.174 0.0000000000
45895  28.824  -38.548  47.621 0.0000000000
47133  29.055  -38.166  44.989 0.0000000000
65689  30.318  -22.723  45.458 0.0000000000
64603  28.429  -23.779  42.044 0.0000000000
70894  32.633  -17.968  51.301 0.0000000000
70948  31.861  -18.032  49.608 0.0000000000
69795  32.120  -18.910  50.157 0.0000000000
70893  33.479  -17.473  51.468 0.0000000000
51765  18.858  -33.734  50.914 0.0000000000
51784  17.488  -34.121  50.659 0.0000000000
50549  18.094  -34.202  52.741 0.0000000000
50547  20.516  -34.812  52.887 0.0000000000
49367  21.330  -35.063  52.344 0.0000000000
50571  20.212  -34.455  51.788 0.0000000000
51801  19.145  -33.817  49.508 0.0000000000
68883  35.638  -18.383  40.574 0.0000000000
67793  35.687  -18.025  42.785 0.0000000000
67791  36.950  -17.713  43.333 0.0000000000
68856  35.742  -18.270  41.860 0.0000000000
69933  36.537  -18.000  40.759 0.0000000000
42375  7.756  -40.881  59.278 0.0000000000
43481  8.284  -40.518  58.214 0.0000000000
42394  8.259  -41.422  58.068 0.0000000000
42416  7.669  -41.711  56.217 0.0000000000
41227  7.424  -42.333  57.397 0.0000000000
40073  7.022  -42.816  56.947 0.0000000000
51795  32.192  -33.170  51.347 0.0000000000
50587  30.302  -35.143  51.559 0.0000000000
50599  28.965  -35.122  51.371 0.0000000000
48200  29.533  -36.724  51.156 0.0000000000
42425  30.404  -39.645  55.520 0.0000000000
48289  24.436  -36.291  47.233 0.0000000000
49440  25.688  -37.599  47.634 0.0000000000
49475  25.127  -36.617  46.413 0.0000000000
47109  25.760  -36.984  45.605 0.0000000000
58649  30.065  -28.511  44.683 0.0000000000
58650  29.111  -28.188  43.955 0.0000000000
79604  45.675  -9.225  37.866 0.0000000000
79603  46.719  -9.125  37.627 0.0000000000
79612  46.778  -8.632  36.515 0.0000000000
80573  47.463  -8.256  36.491 0.0000000000
79625  45.522  -8.556  35.508 0.0000000000
71012  34.557  -17.283  46.115 0.0000000000
68825  33.773  -17.338  43.771 0.0000000000
69862  33.527  -17.139  45.790 0.0000000000
68812  30.009  -18.970  45.124 0.0000000000
68827  30.839  -18.612  43.838 0.0000000000
67800  29.497  -19.883  42.749 0.0000000000
70945  35.140  -16.732  49.580 0.0000000000
70966  35.586  -16.986  48.215 0.0000000000
69860  35.621  -17.271  46.335 0.0000000000
49401  15.341  -35.644  49.729 0.0000000000
48194  13.781  -36.597  50.963 0.0000000000
45769  26.515  -38.227  54.827 0.0000000000
43518  27.711  -38.865  54.587 0.0000000000
45785  25.202  -37.834  53.525 0.0000000000
48201  22.735  -35.669  50.534 0.0000000000
47009  23.928  -36.735  51.583 0.0000000000
48219  22.664  -35.658  49.715 0.0000000000
48242  23.306  -35.855  48.400 0.0000000000
49417  22.254  -34.921  48.106 0.0000000000
49444  21.424  -34.161  46.930 0.0000000000
54263  27.510  -32.854  45.435 0.0000000000
76619  40.598  -12.677  41.189 0.0000000000
76613  41.955  -11.841  41.672 0.0000000000
76622  40.813  -11.740  39.681 0.0000000000
77626  41.147  -11.044  37.986 0.0000000000
77631  41.566  -10.245  36.987 0.0000000000
78625  43.258  -10.025  37.127 0.0000000000
49292  21.265  -36.031  56.861 0.0000000000
48143  19.728  -36.137  56.547 0.0000000000
48076  20.848  -36.378  58.617 0.0000000000
49271  22.932  -35.767  58.185 0.0000000000
49291  22.800  -36.247  56.192 0.0000000000
73248  40.312  -14.391  42.483 0.0000000000
72149  39.319  -15.146  42.569 0.0000000000
72184  37.316  -15.128  39.609 0.0000000000
49296  17.197  -35.304  56.707 0.0000000000
49316  16.959  -34.396  55.860 0.0000000000
49317  16.082  -34.816  56.180 0.0000000000
46947  13.745  -36.417  57.390 0.0000000000
49320  13.536  -35.947  55.241 0.0000000000
132797  13.012  -36.349  54.763 0.0000000000
48173  12.750  -36.591  53.329 0.0000000000
46973  11.780  -37.443  54.344 0.0000000000
45734  10.469  -37.767  59.399 0.0000000000
44588  9.026  -39.694  56.433 0.0000000000
44600  9.692  -39.042  56.136 0.0000000000
44614  9.439  -39.287  55.122 0.0000000000
45802  10.267  -38.528  53.137 0.0000000000
59697  32.618  -27.987  46.494 0.0000000000
54203  31.514  -31.324  49.606 0.0000000000
55371  32.672  -30.907  47.689 0.0000000000
55372  31.465  -30.784  47.656 0.0000000000
55389  31.968  -30.552  46.422 0.0000000000
55373  30.307  -30.794  47.800 0.0000000000
55391  29.488  -30.998  46.897 0.0000000000
54223  29.092  -31.374  48.689 0.0000000000
50610  28.199  -35.946  48.996 0.0000000000
50612  27.569  -34.863  48.434 0.0000000000
49438  28.326  -36.714  47.638 0.0000000000
49455  28.649  -36.764  46.156 0.0000000000
48302  29.055  -37.514  45.727 0.0000000000
43555  27.493  -39.670  51.879 0.0000000000
42465  28.546  -41.391  52.782 0.0000000000
42480  28.143  -39.972  51.261 0.0000000000
43646  27.319  -40.419  48.281 0.0000000000
42508  27.879  -40.392  50.450 0.0000000000
43616  28.526  -40.378  49.111 0.0000000000
43588  29.440  -39.622  50.989 0.0000000000
44688  28.802  -39.337  48.819 0.0000000000
45872  28.548  -38.546  48.699 0.0000000000
44710  28.811  -39.312  48.212 0.0000000000
47163  27.025  -37.568  44.029 0.0000000000
45952  27.800  -38.356  45.054 0.0000000000
65665  31.478  -22.930  47.479 0.0000000000
66739  31.500  -21.700  47.009 0.0000000000
64574  30.491  -23.474  45.613 0.0000000000
60818  27.604  -26.351  42.127 0.0000000000
63398  28.055  -24.420  42.873 0.0000000000
81641  48.357  -6.850  34.005 0.0000000000
70968  33.505  -17.166  48.471 0.0000000000
71000  32.726  -17.367  46.883 0.0000000000
70987  32.528  -17.613  47.738 0.0000000000
69845  31.608  -18.208  47.730 0.0000000000
67752  30.414  -19.777  46.187 0.0000000000
70891  34.826  -16.713  52.118 0.0000000000
70919  34.352  -17.091  50.634 0.0000000000
50605  16.895  -34.610  49.241 0.0000000000
50591  16.835  -34.682  50.155 0.0000000000
50575  15.598  -35.019  51.345 0.0000000000
48161  23.002  -36.806  54.445 0.0000000000
46970  23.970  -36.830  53.740 0.0000000000
46985  22.651  -36.055  52.624 0.0000000000
48202  22.191  -34.954  50.871 0.0000000000
49399  21.334  -34.698  49.399 0.0000000000
50613  20.434  -33.728  47.979 0.0000000000
50614  19.727  -33.682  48.361 0.0000000000
50615  18.447  -33.897  48.611 0.0000000000
75606  38.974  -12.963  38.074 0.0000000000
46894  21.139  -36.839  59.521 0.0000000000
69885  38.068  -17.503  44.930 0.0000000000
68834  38.181  -16.942  43.711 0.0000000000
69907  38.234  -16.713  42.376 0.0000000000
71039  38.268  -16.288  41.728 0.0000000000
71052  37.115  -16.962  40.822 0.0000000000
71053  36.482  -17.041  40.245 0.0000000000
48079  16.608  -36.407  58.519 0.0000000000
49284  16.092  -36.304  57.882 0.0000000000
48080  15.530  -36.384  58.422 0.0000000000
46921  14.081  -36.726  58.346 0.0000000000
46940  13.068  -36.768  57.781 0.0000000000
44553  9.773  -38.016  59.463 0.0000000000
43465  8.622  -39.695  58.353 0.0000000000
44575  9.152  -39.778  57.260 0.0000000000
43519  8.423  -40.374  55.764 0.0000000000
42430  7.715  -41.291  55.174 0.0000000000
53014  31.423  -32.460  51.092 0.0000000000
53033  29.817  -32.033  50.033 0.0000000000
53034  28.999  -32.597  49.531 0.0000000000
51798  28.629  -34.156  50.514 0.0000000000
49398  28.562  -36.035  50.340 0.0000000000
49437  28.688  -36.959  48.783 0.0000000000
44655  25.143  -38.899  50.540 0.0000000000
43579  26.144  -40.424  50.071 0.0000000000
44691  26.306  -38.854  49.603 0.0000000000
45859  27.037  -38.723  48.670 0.0000000000
44738  27.728  -39.202  48.145 0.0000000000
44754  27.969  -38.635  47.003 0.0000000000
45898  26.575  -38.051  46.338 0.0000000000
45954  26.413  -37.279  44.675 0.0000000000
60757  30.565  -25.721  45.455 0.0000000000
62015  29.531  -24.739  45.107 0.0000000000
59719  29.806  -26.278  44.563 0.0000000000
59744  28.223  -27.207  43.027 0.0000000000
80571  48.721  -7.841  36.906 0.0000000000
80585  46.964  -8.289  34.970 0.0000000000
67781  34.579  -17.536  43.001 0.0000000000
66800  33.761  -18.452  40.902 0.0000000000
67796  33.557  -18.293  42.546 0.0000000000
69877  32.206  -17.324  45.301 0.0000000000
69903  31.412  -18.457  42.923 0.0000000000
72042  36.952  -16.296  50.900 0.0000000000
70943  37.195  -16.811  49.139 0.0000000000
70964  37.968  -16.977  47.945 0.0000000000
68781  36.882  -17.537  46.129 0.0000000000
68807  35.991  -17.715  44.960 0.0000000000
43515  29.129  -39.395  55.736 0.0000000000
42440  29.360  -40.004  54.328 0.0000000000
43528  28.504  -39.478  54.462 0.0000000000
43531  26.719  -38.455  52.549 0.0000000000
44634  25.010  -39.359  51.732 0.0000000000
45800  24.402  -37.619  52.840 0.0000000000
44636  24.089  -38.573  51.497 0.0000000000
44646  24.191  -38.959  50.811 0.0000000000
132788  24.129  -36.687  49.129 0.0000000000
47095  23.915  -35.797  47.636 0.0000000000
48290  23.678  -35.486  46.821 0.0000000000
77613  43.771  -11.136  41.217 0.0000000000
77622  41.442  -11.303  39.103 0.0000000000
77618  42.329  -11.034  39.768 0.0000000000
78609  43.810  -10.333  40.129 0.0000000000
78613  44.309  -9.807  38.709 0.0000000000
79606  44.060  -9.858  37.762 0.0000000000
79614  44.712  -9.342  36.829 0.0000000000
79626  44.520  -8.729  35.517 0.0000000000
51740  20.277  -34.111  54.253 0.0000000000
50527  18.466  -34.014  53.834 0.0000000000
50499  19.904  -35.590  55.884 0.0000000000
49315  18.878  -36.897  56.129 0.0000000000
48099  18.805  -36.558  58.277 0.0000000000
46916  20.312  -36.697  58.884 0.0000000000
48078  17.870  -36.673  59.023 0.0000000000
46898  17.834  -37.027  60.297 0.0000000000
43491  29.535  -39.929  56.970 0.0000000000
43505  29.053  -38.951  56.363 0.0000000000
45760  27.979  -37.731  56.510 0.0000000000
46946  26.181  -37.438  56.318 0.0000000000
48092  25.693  -36.794  57.330 0.0000000000
48115  24.894  -36.423  56.146 0.0000000000
49311  22.735  -36.906  55.298 0.0000000000
50507  21.955  -34.889  55.144 0.0000000000
75573  41.304  -14.044  43.722 0.0000000000
74445  40.190  -13.843  41.911 0.0000000000
74458  39.269  -13.623  40.349 0.0000000000
72170  37.885  -15.010  40.678 0.0000000000
73275  38.244  -14.329  40.232 0.0000000000
74463  38.452  -13.840  39.190 0.0000000000
50528  17.284  -34.201  53.679 0.0000000000
50529  16.145  -34.045  53.550 0.0000000000
50552  15.113  -35.167  52.576 0.0000000000
49318  15.223  -35.300  56.067 0.0000000000
50514  15.021  -35.388  54.575 0.0000000000
50553  14.237  -35.632  52.508 0.0000000000
49383  13.298  -36.539  52.212 0.0000000000
47024  12.608  -37.541  51.384 0.0000000000
46901  12.788  -36.800  59.696 0.0000000000
45744  11.993  -37.197  57.977 0.0000000000
45755  10.875  -37.197  57.523 0.0000000000
45763  11.095  -36.961  56.317 0.0000000000
45786  11.149  -38.174  53.957 0.0000000000
38905  4.763  -44.230  58.325 0.0000000000
67711  32.385  -20.496  51.380 0.0000000000
61976  31.604  -25.686  46.921 0.0000000000
60755  31.566  -26.811  46.077 0.0000000000
58634  30.888  -28.564  45.145 0.0000000000
57648  30.934  -29.093  44.532 0.0000000000
56534  32.524  -29.484  45.743 0.0000000000
56526  31.439  -30.262  45.267 0.0000000000
56536  30.491  -29.864  45.116 0.0000000000
55407  29.426  -30.618  45.886 0.0000000000
55409  27.830  -31.519  46.376 0.0000000000
53060  27.154  -33.423  46.683 0.0000000000
53035  28.270  -33.033  49.013 0.0000000000
51824  27.481  -34.507  47.724 0.0000000000
51866  27.733  -34.518  45.604 0.0000000000
50650  28.557  -35.966  45.563 0.0000000000
49472  28.982  -36.518  44.739 0.0000000000
48189  31.178  -36.839  52.251 0.0000000000
42452  29.182  -40.914  53.523 0.0000000000
42464  29.342  -41.556  52.748 0.0000000000
42476  30.539  -41.368  52.091 0.0000000000
42494  28.040  -40.586  50.852 0.0000000000
42492  29.123  -41.011  51.419 0.0000000000
42490  30.750  -41.060  51.798 0.0000000000
44651  30.180  -39.415  52.228 0.0000000000
45822  30.555  -38.199  51.569 0.0000000000
48199  30.098  -36.999  51.298 0.0000000000
48217  29.214  -37.569  50.347 0.0000000000
48263  28.592  -37.687  49.231 0.0000000000
47071  28.741  -37.663  47.700 0.0000000000
44752  28.688  -38.653  46.804 0.0000000000
45949  29.534  -38.404  46.119 0.0000000000
48301  29.586  -37.929  46.357 0.0000000000
48324  29.992  -37.934  45.669 0.0000000000
67739  31.512  -20.558  48.983 0.0000000000
67757  30.776  -21.236  46.854 0.0000000000
65696  29.306  -22.258  44.657 0.0000000000
63379  29.373  -24.203  44.433 0.0000000000
64593  29.045  -23.169  44.442 0.0000000000
65713  28.537  -22.526  43.020 0.0000000000
78633  44.689  -8.571  34.629 0.0000000000
69762  32.176  -18.548  52.026 0.0000000000
69777  32.026  -18.900  51.238 0.0000000000
70871  32.787  -17.776  52.049 0.0000000000
50572  18.862  -33.940  51.782 0.0000000000
51766  18.123  -33.911  51.120 0.0000000000
50570  20.683  -34.861  52.311 0.0000000000
51764  19.486  -33.989  51.095 0.0000000000
67844  35.223  -18.667  41.137 0.0000000000
67845  34.760  -18.628  40.622 0.0000000000
67825  34.550  -18.411  41.247 0.0000000000
67808  35.521  -18.230  42.265 0.0000000000
67824  35.238  -18.589  41.730 0.0000000000
68866  35.830  -18.462  41.406 0.0000000000
42385  7.465  -41.457  59.016 0.0000000000
42384  8.004  -41.040  58.687 0.0000000000
41219  7.973  -41.824  58.196 0.0000000000
41226  7.963  -41.959  57.711 0.0000000000
41220  7.466  -42.072  58.405 0.0000000000
50586  31.249  -35.062  51.650 0.0000000000
49387  30.299  -35.813  51.966 0.0000000000
49388  29.829  -36.204  51.476 0.0000000000
42412  30.607  -39.894  56.491 0.0000000000
48305  24.755  -36.275  45.965 0.0000000000
49458  24.988  -36.636  46.862 0.0000000000
47139  25.276  -36.514  45.186 0.0000000000
57665  29.403  -28.921  44.298 0.0000000000
70998  34.535  -17.130  46.586 0.0000000000
69876  34.031  -17.043  45.636 0.0000000000
70999  33.743  -17.228  46.434 0.0000000000
67771  29.916  -19.977  45.005 0.0000000000
68828  30.237  -19.352  44.197 0.0000000000
67784  29.444  -20.101  43.685 0.0000000000
67801  29.046  -20.442  43.068 0.0000000000
66776  28.692  -20.720  42.925 0.0000000000
70967  34.600  -16.575  48.762 0.0000000000
72101  35.315  -16.642  48.098 0.0000000000
72114  35.202  -16.612  47.875 0.0000000000
70984  35.184  -16.813  47.159 0.0000000000
49391  15.262  -35.583  50.638 0.0000000000
49402  14.639  -35.899  49.279 0.0000000000
49392  14.794  -36.070  50.157 0.0000000000
48193  14.179  -36.245  50.421 0.0000000000
49381  14.579  -35.945  51.104 0.0000000000
46955  25.996  -37.581  55.080 0.0000000000
45782  26.391  -38.292  54.474 0.0000000000
45772  25.200  -37.488  53.941 0.0000000000
48244  21.979  -35.172  49.244 0.0000000000
48243  22.661  -35.408  48.784 0.0000000000
53106  27.593  -33.385  45.296 0.0000000000
76623  40.281  -12.330  40.254 0.0000000000
78637  41.336  -9.924  36.010 0.0000000000
48095  21.821  -36.009  58.370 0.0000000000
48118  20.821  -35.700  57.759 0.0000000000
48096  21.201  -35.781  58.321 0.0000000000
49272  22.268  -35.917  58.254 0.0000000000
49281  22.113  -35.807  57.624 0.0000000000
69900  38.962  -16.135  43.861 0.0000000000
72145  39.613  -15.477  43.386 0.0000000000
72146  39.017  -15.605  42.863 0.0000000000
48122  17.501  -36.108  57.249 0.0000000000
46948  12.985  -35.984  56.754 0.0000000000
132798  13.288  -36.272  56.104 0.0000000000
46958  12.997  -36.354  55.572 0.0000000000
46972  12.494  -36.841  54.653 0.0000000000
46959  11.840  -36.837  55.305 0.0000000000
46847  10.634  -37.108  60.824 0.0000000000
44601  8.846  -39.614  55.648 0.0000000000
44615  8.801  -39.628  55.262 0.0000000000
43546  8.931  -39.694  54.631 0.0000000000
44625  9.570  -39.414  53.992 0.0000000000
54204  30.459  -31.129  49.659 0.0000000000
54221  30.971  -30.873  48.734 0.0000000000
54222  29.922  -30.775  48.805 0.0000000000
55374  29.413  -31.139  47.866 0.0000000000
49414  28.134  -36.269  48.476 0.0000000000
48286  29.062  -37.416  46.857 0.0000000000
43556  26.697  -39.315  51.362 0.0000000000
43567  26.374  -39.670  50.607 0.0000000000
43645  27.922  -40.632  47.990 0.0000000000
43617  28.072  -40.909  48.809 0.0000000000
43644  28.535  -40.548  48.214 0.0000000000
43615  28.821  -39.659  49.216 0.0000000000
43643  28.920  -40.091  48.414 0.0000000000
44711  28.854  -40.016  47.720 0.0000000000
64548  31.401  -23.366  47.006 0.0000000000
64547  31.396  -22.753  46.873 0.0000000000
64564  31.113  -23.256  46.525 0.0000000000
70947  32.750  -17.410  49.599 0.0000000000
69812  31.526  -18.645  48.982 0.0000000000
69829  31.681  -18.290  48.490 0.0000000000
68782  31.150  -19.066  47.271 0.0000000000
68797  30.915  -19.020  46.442 0.0000000000
70868  35.193  -16.725  52.692 0.0000000000
70892  34.334  -17.039  51.707 0.0000000000
70946  33.921  -17.053  49.625 0.0000000000
51767  17.484  -34.079  51.206 0.0000000000
50592  15.980  -35.095  50.421 0.0000000000
46971  23.633  -36.518  53.709 0.0000000000
48172  22.603  -35.680  53.330 0.0000000000
49379  21.276  -34.797  51.420 0.0000000000
48192  22.212  -35.067  51.768 0.0000000000
49389  21.226  -34.695  50.317 0.0000000000
49390  20.636  -34.439  49.598 0.0000000000
51802  18.414  -33.959  49.468 0.0000000000
50604  18.959  -33.935  49.204 0.0000000000
68805  37.454  -17.567  45.053 0.0000000000
68845  37.172  -17.530  42.851 0.0000000000
68835  37.517  -17.488  43.687 0.0000000000
68844  37.884  -16.990  42.757 0.0000000000
68853  37.900  -17.075  42.263 0.0000000000
69908  37.906  -17.072  41.853 0.0000000000
69909  37.274  -17.350  41.569 0.0000000000
69934  36.158  -17.788  40.314 0.0000000000
69920  36.661  -17.542  40.660 0.0000000000
71067  35.962  -17.178  39.582 0.0000000000
49261  16.869  -36.359  60.084 0.0000000000
49273  16.082  -36.319  58.157 0.0000000000
48065  15.768  -36.381  59.432 0.0000000000
46899  14.824  -36.721  58.982 0.0000000000
44544  8.426  -38.526  59.510 0.0000000000
44554  9.170  -38.865  59.041 0.0000000000
43495  8.397  -40.867  57.691 0.0000000000
43480  8.561  -40.037  57.737 0.0000000000
43494  8.468  -40.636  57.187 0.0000000000
43508  8.521  -40.455  56.558 0.0000000000
42415  7.983  -40.963  55.976 0.0000000000
42429  8.095  -40.893  55.495 0.0000000000
42417  7.453  -42.243  55.925 0.0000000000
42431  7.338  -41.938  55.426 0.0000000000
40074  6.400  -43.090  57.294 0.0000000000
38916  5.758  -43.258  56.855 0.0000000000
38903  5.715  -43.285  57.643 0.0000000000
53032  30.934  -31.868  50.302 0.0000000000
53015  30.481  -33.031  50.450 0.0000000000
53016  29.490  -33.332  50.030 0.0000000000
51797  29.616  -33.870  51.127 0.0000000000
49397  29.033  -36.346  51.091 0.0000000000
132795  25.220  -37.568  49.091 0.0000000000
44668  25.693  -39.054  49.977 0.0000000000
49415  25.520  -37.717  48.565 0.0000000000
48287  25.871  -37.495  46.883 0.0000000000
47074  26.252  -38.134  47.823 0.0000000000
47092  26.369  -38.169  47.193 0.0000000000
45874  27.378  -38.675  48.162 0.0000000000
47091  26.866  -38.501  47.638 0.0000000000
45897  27.102  -38.543  47.303 0.0000000000
45927  26.135  -37.132  45.079 0.0000000000
59700  30.527  -26.262  44.963 0.0000000000
59701  30.182  -25.919  44.678 0.0000000000
58651  28.753  -27.681  43.460 0.0000000000
80582  47.050  -7.966  36.044 0.0000000000
79631  46.097  -8.260  34.167 0.0000000000
67770  34.379  -17.447  43.479 0.0000000000
67795  34.092  -17.947  42.443 0.0000000000
67783  33.182  -18.599  43.192 0.0000000000
67797  32.537  -18.546  42.700 0.0000000000
67798  31.911  -18.715  42.238 0.0000000000
69863  32.898  -17.317  45.917 0.0000000000
68839  30.569  -19.044  43.263 0.0000000000
68838  30.971  -18.562  43.459 0.0000000000
68858  30.566  -19.301  41.642 0.0000000000
68868  30.677  -19.330  41.215 0.0000000000
72024  35.789  -16.537  51.925 0.0000000000
70890  36.596  -16.470  51.650 0.0000000000
72043  36.100  -16.286  51.116 0.0000000000
70944  36.116  -16.870  49.003 0.0000000000
72085  36.952  -16.401  49.898 0.0000000000
70983  37.157  -17.482  46.837 0.0000000000
69826  36.407  -17.518  47.490 0.0000000000
68793  35.217  -17.521  45.515 0.0000000000
68792  35.879  -17.534  45.594 0.0000000000
68808  35.253  -17.658  44.891 0.0000000000
67769  34.974  -17.582  43.572 0.0000000000
43516  28.747  -39.301  55.230 0.0000000000
43517  28.214  -39.224  54.908 0.0000000000
44612  26.195  -38.201  53.100 0.0000000000
43530  27.307  -38.594  53.377 0.0000000000
43545  26.590  -38.684  52.232 0.0000000000
44623  25.886  -38.747  52.322 0.0000000000
46983  23.927  -37.154  52.973 0.0000000000
46982  24.314  -37.358  53.221 0.0000000000
46994  24.047  -36.920  52.266 0.0000000000
45833  24.058  -36.914  50.885 0.0000000000
45824  24.571  -37.497  51.565 0.0000000000
44647  24.643  -38.293  51.295 0.0000000000
45823  24.792  -37.650  50.778 0.0000000000
48270  22.926  -35.089  47.674 0.0000000000
48269  23.541  -35.655  47.788 0.0000000000
49459  23.039  -34.957  46.534 0.0000000000
50632  19.548  -33.664  47.305 0.0000000000
75572  42.272  -13.287  43.406 0.0000000000
76617  42.022  -11.867  41.011 0.0000000000
77609  42.890  -11.691  42.131 0.0000000000
77614  42.738  -11.483  40.936 0.0000000000
77608  43.757  -11.476  41.784 0.0000000000
76625  40.624  -11.737  38.473 0.0000000000
77621  41.924  -10.585  38.734 0.0000000000
78615  42.905  -10.452  39.397 0.0000000000
78614  43.691  -10.164  39.021 0.0000000000
79616  43.149  -9.917  36.813 0.0000000000
79615  43.783  -9.702  37.083 0.0000000000
79627  43.722  -9.065  36.034 0.0000000000
50508  20.687  -34.926  54.764 0.0000000000
50509  19.780  -34.497  54.996 0.0000000000
48120  19.414  -36.362  57.266 0.0000000000
49314  19.402  -36.569  56.140 0.0000000000
48121  18.651  -36.377  57.059 0.0000000000
46896  19.113  -37.025  59.785 0.0000000000
46918  18.587  -36.966  59.343 0.0000000000
46897  18.382  -36.989  59.983 0.0000000000
46919  18.064  -36.984  59.640 0.0000000000
43492  29.349  -39.389  57.164 0.0000000000
45761  27.318  -37.776  56.390 0.0000000000
48093  24.806  -36.101  57.096 0.0000000000
48114  25.510  -36.688  56.554 0.0000000000
48116  24.025  -36.342  55.738 0.0000000000
48117  23.287  -36.919  55.356 0.0000000000
49290  23.638  -35.956  56.351 0.0000000000
49312  22.068  -36.280  55.533 0.0000000000
66801  33.242  -18.661  41.078 0.0000000000
73256  39.667  -14.402  42.087 0.0000000000
73255  40.188  -14.169  42.199 0.0000000000
74453  39.750  -13.814  41.263 0.0000000000
71051  37.849  -16.413  41.008 0.0000000000
72159  38.082  -15.143  41.511 0.0000000000
72160  37.844  -15.702  40.854 0.0000000000
73278  37.245  -14.735  38.775 0.0000000000
72183  37.688  -14.840  40.081 0.0000000000
73277  37.813  -14.496  39.389 0.0000000000
74464  37.785  -14.000  38.476 0.0000000000
50510  18.752  -34.281  54.962 0.0000000000
50511  17.527  -34.506  54.818 0.0000000000
49336  16.151  -34.177  55.432 0.0000000000
50512  16.529  -34.071  54.588 0.0000000000
50513  15.659  -34.332  54.564 0.0000000000
50530  15.425  -34.866  53.519 0.0000000000
49297  15.698  -35.388  56.891 0.0000000000
49298  14.713  -35.814  56.513 0.0000000000
49339  13.045  -35.725  54.347 0.0000000000
50503  14.331  -35.566  55.019 0.0000000000
50515  13.939  -35.592  54.312 0.0000000000
50531  14.558  -35.361  53.478 0.0000000000
50532  13.622  -35.652  53.418 0.0000000000
49368  13.792  -35.967  52.489 0.0000000000
49369  13.366  -36.198  52.791 0.0000000000
46997  12.327  -37.204  52.949 0.0000000000
47011  12.478  -37.344  52.146 0.0000000000
47012  12.089  -37.985  51.835 0.0000000000
46998  11.816  -37.630  52.583 0.0000000000
46902  11.760  -37.276  59.900 0.0000000000
46923  11.952  -37.251  59.222 0.0000000000
45747  9.594  -38.601  58.202 0.0000000000
45764  10.094  -37.937  56.761 0.0000000000
45773  10.920  -37.544  54.964 0.0000000000
38887  5.228  -43.766  58.755 0.0000000000
38888  4.797  -44.251  59.099 0.0000000000
37774  3.668  -45.131  58.367 0.0000000000
65657  32.143  -22.694  48.605 0.0000000000
61958  32.237  -25.890  47.157 0.0000000000
60738  31.267  -26.137  46.398 0.0000000000
60737  32.029  -26.614  46.845 0.0000000000
59715  32.021  -28.355  46.129 0.0000000000
59716  31.528  -28.180  45.844 0.0000000000
58633  31.704  -28.595  45.684 0.0000000000
57647  31.384  -29.057  45.108 0.0000000000
55388  33.094  -30.289  47.077 0.0000000000
55390  30.584  -30.710  46.674 0.0000000000
55405  31.680  -30.484  45.571 0.0000000000
55417  30.063  -30.137  45.215 0.0000000000
55392  28.599  -31.502  47.122 0.0000000000
55393  27.911  -31.806  46.881 0.0000000000
55410  27.564  -32.073  46.454 0.0000000000
54226  27.241  -32.952  47.147 0.0000000000
53017  28.516  -33.504  49.689 0.0000000000
53018  27.721  -33.633  49.336 0.0000000000
50630  27.605  -35.245  47.884 0.0000000000
51823  27.570  -35.191  47.424 0.0000000000
51843  27.204  -34.225  46.735 0.0000000000
51842  27.553  -35.038  46.803 0.0000000000
50651  28.111  -35.479  46.199 0.0000000000
49491  29.524  -36.676  44.168 0.0000000000
42441  28.874  -39.722  54.388 0.0000000000
42453  28.669  -40.639  53.542 0.0000000000
42463  30.112  -41.235  52.728 0.0000000000
42477  29.717  -41.565  51.947 0.0000000000
43593  26.335  -40.278  49.592 0.0000000000
42495  27.764  -39.987  50.225 0.0000000000
42510  27.362  -40.699  49.844 0.0000000000
42507  28.521  -40.219  50.728 0.0000000000
42506  29.122  -40.426  51.261 0.0000000000
42491  29.983  -41.076  51.418 0.0000000000
43576  30.082  -40.329  51.818 0.0000000000
44666  29.514  -38.954  50.281 0.0000000000
45832  30.080  -38.472  51.136 0.0000000000
47022  30.392  -37.831  51.308 0.0000000000
47040  29.848  -37.855  50.573 0.0000000000
45894  28.492  -38.306  48.155 0.0000000000
47070  28.522  -37.935  48.548 0.0000000000
48264  28.598  -37.459  48.769 0.0000000000
47088  28.867  -38.260  47.976 0.0000000000
44753  28.335  -38.642  46.938 0.0000000000
45924  28.147  -38.354  46.186 0.0000000000
45951  28.573  -38.465  45.360 0.0000000000
45950  29.192  -38.419  45.740 0.0000000000
47108  29.789  -38.251  46.218 0.0000000000
47132  29.676  -38.247  45.549 0.0000000000
67730  31.866  -20.688  50.049 0.0000000000
67742  31.043  -21.422  48.528 0.0000000000
66744  31.330  -22.069  46.606 0.0000000000
66740  31.084  -21.481  46.873 0.0000000000
66745  30.826  -21.865  46.403 0.0000000000
66746  30.130  -21.230  45.995 0.0000000000
65690  29.738  -22.267  45.259 0.0000000000
60798  29.274  -25.225  44.491 0.0000000000
63378  29.757  -24.086  45.160 0.0000000000
63396  29.048  -24.496  43.989 0.0000000000
64595  28.258  -23.603  43.143 0.0000000000
65704  28.647  -23.030  43.274 0.0000000000
65714  28.420  -22.792  42.243 0.0000000000
82726  49.010  -6.290  34.656 0.0000000000
81640  48.913  -6.375  33.380 0.0000000000
82725  49.639  -5.895  34.022 0.0000000000
70921  32.337  -17.992  50.451 0.0000000000
69811  31.692  -18.800  49.499 0.0000000000
68761  31.492  -19.193  49.104 0.0000000000
51783  18.304  -33.846  50.355 0.0000000000
51803  17.568  -34.194  49.839 0.0000000000
50573  17.707  -34.155  51.777 0.0000000000
49355  21.550  -35.273  53.372 0.0000000000
50546  20.834  -34.999  52.518 0.0000000000
49378  20.906  -34.843  52.038 0.0000000000
50590  20.279  -34.308  50.164 0.0000000000
51781  20.010  -34.234  50.810 0.0000000000
51782  19.349  -33.780  50.185 0.0000000000
67767  36.296  -18.123  43.869 0.0000000000
67766  36.884  -17.733  43.936 0.0000000000
67792  36.425  -17.999  42.946 0.0000000000
68846  36.480  -17.755  42.513 0.0000000000
68855  36.368  -17.686  41.899 0.0000000000
69919  36.872  -17.676  41.126 0.0000000000
68865  36.406  -18.308  41.074 0.0000000000
68882  36.241  -18.200  40.687 0.0000000000
48045  15.913  -37.009  60.907 0.0000000000
48052  15.651  -36.576  60.364 0.0000000000
42405  8.143  -41.451  57.214 0.0000000000
41235  7.688  -41.992  56.980 0.0000000000
41236  7.400  -42.473  56.421 0.0000000000
40061  6.777  -42.543  58.002 0.0000000000
51779  31.833  -34.195  51.561 0.0000000000
51780  31.139  -34.596  51.481 0.0000000000
50598  29.917  -34.458  51.505 0.0000000000
50588  29.564  -35.768  51.496 0.0000000000
48218  29.076  -37.089  50.710 0.0000000000
49416  25.109  -37.450  48.026 0.0000000000
49442  24.894  -37.019  47.626 0.0000000000
49474  25.359  -36.840  46.696 0.0000000000
48303  25.616  -37.081  46.590 0.0000000000
47110  25.324  -36.618  45.702 0.0000000000
59732  30.121  -28.205  45.071 0.0000000000
59733  29.718  -27.892  44.830 0.0000000000
79595  45.753  -9.608  38.945 0.0000000000
79611  47.950  -8.509  36.942 0.0000000000
68794  34.891  -17.492  45.505 0.0000000000
68810  33.602  -16.729  44.668 0.0000000000
68826  32.953  -17.247  44.044 0.0000000000
69865  30.932  -18.256  45.949 0.0000000000
69878  31.284  -17.715  45.473 0.0000000000
69879  30.548  -18.140  45.272 0.0000000000
68840  29.884  -19.557  43.448 0.0000000000
67799  29.867  -19.572  42.340 0.0000000000
70918  34.942  -16.706  50.278 0.0000000000
69827  36.047  -17.752  47.850 0.0000000000
69843  35.940  -17.297  47.384 0.0000000000
69874  35.101  -17.353  46.089 0.0000000000
48204  13.497  -36.484  50.114 0.0000000000
44586  27.487  -38.448  55.420 0.0000000000
44599  27.026  -38.426  54.520 0.0000000000
44611  26.613  -38.342  53.805 0.0000000000
48191  22.807  -35.510  51.383 0.0000000000
47010  23.129  -36.458  51.088 0.0000000000
47023  23.377  -36.263  50.203 0.0000000000
47043  23.214  -35.941  49.528 0.0000000000
132787  23.542  -36.477  49.693 0.0000000000
49443  22.073  -34.659  47.553 0.0000000000
49460  22.379  -34.630  46.559 0.0000000000
55420  27.599  -31.327  45.568 0.0000000000
76614  41.104  -12.532  42.053 0.0000000000
76610  42.193  -12.389  42.614 0.0000000000
76618  41.207  -11.878  40.909 0.0000000000
77615  41.961  -11.734  40.736 0.0000000000
77632  40.825  -10.669  36.737 0.0000000000
77625  41.679  -10.346  37.620 0.0000000000
78626  42.408  -10.038  36.908 0.0000000000
78636  42.262  -9.818  35.670 0.0000000000
49313  20.524  -36.137  56.107 0.0000000000
49293  20.407  -36.141  56.693 0.0000000000
48119  20.266  -36.094  57.351 0.0000000000
48097  20.435  -36.090  58.288 0.0000000000
49280  23.600  -35.578  57.180 0.0000000000
73245  40.173  -15.003  43.936 0.0000000000
73249  40.159  -15.052  42.753 0.0000000000
72158  38.727  -14.717  42.086 0.0000000000
72172  36.958  -15.794  39.939 0.0000000000
50492  18.369  -35.367  56.378 0.0000000000
48125  14.191  -36.299  56.888 0.0000000000
49299  13.790  -36.426  55.987 0.0000000000
49321  13.318  -36.306  55.365 0.0000000000
48162  12.450  -36.204  54.136 0.0000000000
46986  12.266  -37.039  53.792 0.0000000000
46987  11.545  -37.605  53.288 0.0000000000
46903  11.202  -37.262  60.101 0.0000000000
45733  11.322  -37.438  59.297 0.0000000000
44587  9.982  -39.116  57.028 0.0000000000
45787  10.342  -38.609  54.494 0.0000000000
60754  32.158  -27.279  46.499 0.0000000000
60736  33.032  -27.286  46.852 0.0000000000
58622  32.418  -28.538  46.216 0.0000000000
54219  33.225  -31.123  48.818 0.0000000000
54220  32.106  -31.101  48.673 0.0000000000
55375  28.876  -31.478  47.879 0.0000000000
54224  28.226  -31.800  47.918 0.0000000000
50600  28.131  -35.358  49.845 0.0000000000
50601  27.575  -34.823  49.149 0.0000000000
50611  27.793  -35.645  48.537 0.0000000000
49439  27.898  -36.240  48.003 0.0000000000
50628  28.270  -36.191  46.558 0.0000000000
43543  27.723  -39.565  52.910 0.0000000000
42466  28.107  -40.457  52.570 0.0000000000
42479  28.384  -40.853  51.792 0.0000000000
43618  27.446  -40.912  49.056 0.0000000000
42509  27.633  -40.842  49.880 0.0000000000
42530  27.788  -40.963  49.300 0.0000000000
42528  28.124  -40.128  49.942 0.0000000000
43589  29.101  -39.902  50.479 0.0000000000
43614  29.284  -39.487  49.950 0.0000000000
44687  28.888  -39.093  49.148 0.0000000000
45858  28.901  -38.427  49.492 0.0000000000
44709  28.656  -39.050  48.635 0.0000000000
44734  28.695  -38.791  47.704 0.0000000000
45953  27.208  -37.587  44.830 0.0000000000
45968  27.624  -37.904  44.516 0.0000000000
47135  27.838  -38.088  44.457 0.0000000000
47134  28.315  -37.928  44.441 0.0000000000
47161  28.195  -37.573  43.738 0.0000000000
66734  31.571  -22.133  48.096 0.0000000000
65669  31.625  -22.279  47.266 0.0000000000
65679  31.121  -22.484  46.473 0.0000000000
65688  30.721  -22.723  46.062 0.0000000000
60817  28.383  -26.151  43.261 0.0000000000
62033  28.583  -25.173  43.401 0.0000000000
62054  27.935  -25.328  42.524 0.0000000000
81636  48.640  -7.049  35.094 0.0000000000
70986  33.500  -17.239  47.407 0.0000000000
71001  32.167  -17.523  47.183 0.0000000000
70969  32.193  -17.689  48.724 0.0000000000
69844  32.000  -17.838  47.770 0.0000000000
67759  30.174  -19.741  45.613 0.0000000000
72044  35.143  -16.508  51.399 0.0000000000
72045  34.636  -16.754  51.123 0.0000000000
72066  34.873  -16.602  50.733 0.0000000000
50617  16.261  -35.197  48.428 0.0000000000
48140  24.240  -36.680  54.693 0.0000000000
48159  24.371  -36.783  54.105 0.0000000000
48160  23.870  -36.626  54.232 0.0000000000
46996  22.681  -35.821  52.280 0.0000000000
48181  22.259  -35.495  52.510 0.0000000000
48180  22.695  -35.527  51.992 0.0000000000
48220  21.900  -35.378  50.018 0.0000000000
49400  20.566  -34.268  48.904 0.0000000000
50603  19.697  -33.969  49.323 0.0000000000
75602  39.352  -12.815  38.814 0.0000000000
76626  40.139  -12.385  39.082 0.0000000000
48062  22.022  -36.607  59.293 0.0000000000
46893  22.309  -37.145  59.739 0.0000000000
69873  38.395  -17.742  45.972 0.0000000000
69884  38.808  -17.263  45.073 0.0000000000
68820  37.409  -17.565  44.240 0.0000000000
68819  38.159  -17.307  44.355 0.0000000000
68833  38.693  -16.544  44.242 0.0000000000
69901  38.494  -16.441  43.235 0.0000000000
71036  38.576  -16.061  42.661 0.0000000000
72162  36.795  -16.433  40.285 0.0000000000
72173  36.396  -16.345  39.515 0.0000000000
48101  16.599  -36.347  57.743 0.0000000000
49283  16.357  -36.367  58.037 0.0000000000
49274  15.814  -36.291  58.010 0.0000000000
48081  14.885  -36.396  58.114 0.0000000000
46920  14.813  -36.556  58.481 0.0000000000
48103  14.514  -36.388  57.613 0.0000000000
46939  13.862  -36.564  57.810 0.0000000000
44543  9.255  -38.017  59.529 0.0000000000
44565  9.328  -39.179  58.100 0.0000000000
43520  8.228  -40.744  55.179 0.0000000000
53031  31.966  -31.568  50.588 0.0000000000
53047  29.110  -31.725  49.518 0.0000000000
49413  28.484  -36.318  49.104 0.0000000000
44654  25.007  -39.718  50.577 0.0000000000
44667  25.536  -40.140  49.846 0.0000000000
44690  26.248  -39.566  49.500 0.0000000000
43620  26.691  -39.830  49.414 0.0000000000
48241  25.977  -37.900  48.057 0.0000000000
45847  26.460  -38.366  48.743 0.0000000000
44689  27.023  -39.311  49.246 0.0000000000
43647  27.274  -39.861  48.366 0.0000000000
43671  27.273  -39.999  48.002 0.0000000000
43669  27.923  -40.132  47.680 0.0000000000
44736  28.298  -39.710  47.603 0.0000000000
44755  27.710  -38.666  47.409 0.0000000000
45899  26.254  -37.455  45.754 0.0000000000
45926  26.682  -37.565  45.480 0.0000000000
47136  26.544  -37.409  44.159 0.0000000000
61978  30.302  -25.377  46.093 0.0000000000
63363  30.233  -24.553  46.012 0.0000000000
61996  29.904  -25.219  45.559 0.0000000000
60779  29.794  -25.578  44.649 0.0000000000
60799  29.089  -25.789  44.103 0.0000000000
59734  29.180  -27.045  43.993 0.0000000000
81634  48.299  -7.503  36.155 0.0000000000
80572  48.049  -7.881  36.564 0.0000000000
80581  47.567  -7.656  35.729 0.0000000000
80589  46.759  -8.031  33.972 0.0000000000
66786  34.021  -18.154  41.404 0.0000000000
67810  33.887  -18.023  41.857 0.0000000000
66772  33.501  -18.080  41.967 0.0000000000
68836  33.397  -18.053  43.358 0.0000000000
66761  33.273  -18.620  42.790 0.0000000000
68796  32.786  -16.896  45.332 0.0000000000
69887  32.372  -17.464  44.304 0.0000000000
71014  31.628  -17.540  44.743 0.0000000000
71032  32.003  -17.838  43.916 0.0000000000
69902  31.993  -18.185  43.260 0.0000000000
68848  31.183  -18.806  42.171 0.0000000000
72064  36.506  -16.422  50.380 0.0000000000
72063  37.043  -16.319  50.344 0.0000000000
133133  37.236  -17.642  45.791 0.0000000000
69859  36.476  -17.446  46.214 0.0000000000
68791  36.580  -17.536  45.673 0.0000000000
68822  36.086  -17.964  44.364 0.0000000000
67768  35.537  -18.152  43.729 0.0000000000
67780  35.309  -17.674  43.127 0.0000000000
42414  29.561  -39.670  56.298 0.0000000000
42426  29.932  -39.660  55.404 0.0000000000
42427  29.427  -39.542  55.501 0.0000000000
42442  28.468  -39.690  54.037 0.0000000000
43529  28.111  -39.355  53.933 0.0000000000
44633  26.109  -39.078  51.729 0.0000000000
46969  24.492  -37.160  53.642 0.0000000000
45799  24.658  -38.015  52.875 0.0000000000
45812  24.469  -37.964  52.261 0.0000000000
44624  24.707  -38.886  52.374 0.0000000000
44635  24.030  -39.204  51.795 0.0000000000
44645  24.505  -39.871  51.031 0.0000000000
44669  25.102  -37.809  49.807 0.0000000000
132794  24.957  -37.229  48.861 0.0000000000
132789  23.737  -36.564  49.267 0.0000000000
47076  23.874  -36.164  48.245 0.0000000000
48268  24.519  -36.645  48.182 0.0000000000
47094  24.102  -35.862  47.388 0.0000000000
48306  23.770  -35.476  45.132 0.0000000000
50631  20.519  -33.775  47.169 0.0000000000
56553  29.479  -30.073  44.387 0.0000000000
77612  44.229  -10.876  41.171 0.0000000000
78610  43.113  -10.705  40.396 0.0000000000
78602  43.815  -10.689  40.849 0.0000000000
78601  44.700  -10.609  40.934 0.0000000000
78608  44.778  -9.985  39.872 0.0000000000
78620  43.531  -9.946  37.868 0.0000000000
78619  44.160  -9.857  38.099 0.0000000000
79605  44.667  -9.544  38.094 0.0000000000
50526  19.796  -33.866  54.002 0.0000000000
50500  18.952  -35.122  55.719 0.0000000000
50490  19.364  -36.269  56.257 0.0000000000
49295  18.480  -36.000  56.720 0.0000000000
46915  20.932  -36.723  58.861 0.0000000000
46895  20.022  -37.136  59.600 0.0000000000
46917  19.410  -36.961  59.185 0.0000000000
46937  19.561  -36.671  58.648 0.0000000000
46938  18.949  -36.862  58.911 0.0000000000
48077  18.519  -36.847  58.938 0.0000000000
48063  17.535  -36.632  59.937 0.0000000000
48050  17.146  -36.960  60.617 0.0000000000
46870  17.465  -37.295  60.936 0.0000000000
48044  16.576  -37.175  61.010 0.0000000000
42402  30.703  -40.243  57.304 0.0000000000
43504  29.351  -39.592  56.392 0.0000000000
43506  28.423  -38.890  55.718 0.0000000000
44584  28.609  -38.418  56.345 0.0000000000
44585  28.178  -38.098  55.924 0.0000000000
45770  26.733  -38.116  55.468 0.0000000000
48138  25.524  -37.024  55.883 0.0000000000
48139  25.149  -36.562  55.219 0.0000000000
48141  23.129  -37.211  54.816 0.0000000000
49334  22.684  -35.567  54.981 0.0000000000
50524  21.458  -35.000  54.254 0.0000000000
50525  20.788  -34.353  53.962 0.0000000000
67826  34.221  -18.453  40.814 0.0000000000
75584  41.846  -13.101  42.735 0.0000000000
75586  40.869  -13.983  43.281 0.0000000000
75585  41.097  -13.538  42.782 0.0000000000
75593  40.695  -13.400  42.010 0.0000000000
75594  40.352  -13.340  41.454 0.0000000000
75596  40.113  -13.234  40.641 0.0000000000
72150  38.499  -15.373  42.374 0.0000000000
73267  38.253  -14.747  40.883 0.0000000000
73274  38.741  -13.988  40.401 0.0000000000
74462  39.057  -13.371  39.440 0.0000000000
74467  38.869  -13.297  38.734 0.0000000000
50550  16.927  -34.143  52.559 0.0000000000
50551  15.778  -34.553  52.348 0.0000000000
51768  15.443  -34.931  51.897 0.0000000000
50576  15.012  -35.373  51.821 0.0000000000
48123  16.293  -35.970  57.276 0.0000000000
49319  14.508  -35.756  55.629 0.0000000000
49338  15.030  -35.412  55.364 0.0000000000
50577  14.428  -35.807  51.820 0.0000000000
49382  13.933  -36.349  51.973 0.0000000000
48195  13.051  -36.808  51.629 0.0000000000
48182  12.896  -36.795  52.505 0.0000000000
46922  12.733  -37.144  58.669 0.0000000000
45754  11.933  -36.575  57.307 0.0000000000
45756  9.902  -37.878  57.694 0.0000000000
45762  12.007  -36.414  56.694 0.0000000000
45801  10.914  -37.975  53.307 0.0000000000
48175  11.248  -37.904  52.734 0.0000000000
38886  5.733  -43.327  58.490 0.0000000000
38904  5.122  -43.626  57.982 0.0000000000
38918  4.742  -44.201  57.515 0.0000000000
37773  4.332  -44.680  58.699 0.0000000000
68729  31.976  -19.924  51.931 0.0000000000
64536  31.506  -23.245  47.593 0.0000000000
63327  31.562  -24.133  47.165 0.0000000000
63346  31.635  -25.133  46.938 0.0000000000
61977  30.801  -25.426  46.492 0.0000000000
60756  31.027  -26.274  45.653 0.0000000000
59699  30.956  -26.999  45.420 0.0000000000
59698  31.554  -27.553  45.985 0.0000000000
59717  30.553  -27.921  45.406 0.0000000000
58635  30.367  -28.322  45.095 0.0000000000
57664  30.425  -28.970  44.385 0.0000000000
56552  30.442  -29.339  44.588 0.0000000000
57624  32.785  -28.886  46.086 0.0000000000
57625  32.049  -29.216  45.522 0.0000000000
56525  32.310  -30.198  45.579 0.0000000000
56551  31.043  -29.260  44.805 0.0000000000
56537  29.816  -30.052  44.957 0.0000000000
55418  29.349  -30.531  44.824 0.0000000000
55408  28.410  -30.949  46.207 0.0000000000
55421  27.428  -32.047  45.827 0.0000000000
54250  27.381  -32.572  46.050 0.0000000000
53083  27.324  -33.394  45.848 0.0000000000
53048  28.527  -32.087  48.926 0.0000000000
53049  27.891  -32.686  48.276 0.0000000000
51812  27.427  -34.334  48.528 0.0000000000
53036  27.533  -33.624  48.543 0.0000000000
53050  27.424  -33.406  47.530 0.0000000000
51867  27.137  -33.951  46.152 0.0000000000
50668  28.510  -35.284  45.310 0.0000000000
42439  29.832  -40.098  54.387 0.0000000000
42451  29.806  -40.645  53.464 0.0000000000
42475  30.996  -41.058  52.402 0.0000000000
43578  27.048  -39.799  50.149 0.0000000000
42493  28.434  -40.813  51.201 0.0000000000
43565  30.851  -40.687  52.221 0.0000000000
43575  30.338  -40.066  52.409 0.0000000000
44652  29.753  -39.247  51.472 0.0000000000
45831  30.067  -38.874  51.840 0.0000000000
45821  30.786  -38.599  52.063 0.0000000000
47008  30.979  -37.829  51.772 0.0000000000
48190  30.684  -37.427  51.625 0.0000000000
47057  28.942  -37.923  49.806 0.0000000000
48239  28.704  -37.618  49.644 0.0000000000
48240  28.633  -37.348  49.777 0.0000000000
47072  28.986  -37.506  47.330 0.0000000000
44735  28.657  -39.104  47.314 0.0000000000
45896  28.981  -38.745  47.168 0.0000000000
45922  29.084  -38.495  46.587 0.0000000000
45921  29.342  -38.459  46.763 0.0000000000
47089  29.199  -38.067  47.171 0.0000000000
48285  29.287  -37.805  46.822 0.0000000000
48326  28.821  -37.461  44.344 0.0000000000
68745  32.129  -19.935  50.741 0.0000000000
68760  31.910  -19.697  49.589 0.0000000000
67740  31.268  -20.056  48.420 0.0000000000
67749  31.136  -21.417  47.757 0.0000000000
67743  30.939  -20.791  48.169 0.0000000000
67744  30.971  -20.075  47.744 0.0000000000
67751  30.745  -20.274  46.844 0.0000000000
66747  29.955  -20.473  45.674 0.0000000000
66755  29.578  -21.127  44.892 0.0000000000
63362  30.278  -24.149  45.636 0.0000000000
64583  30.048  -23.772  45.308 0.0000000000
64584  29.598  -23.498  44.845 0.0000000000
63397  28.792  -24.309  43.759 0.0000000000
64594  28.899  -23.525  44.019 0.0000000000
65695  29.779  -22.837  44.997 0.0000000000
66763  28.894  -21.550  43.907 0.0000000000
79632  45.367  -8.342  34.392 0.0000000000
78642  44.706  -8.844  33.587 0.0000000000
42395  7.801  -41.560  58.489 0.0000000000
42403  29.986  -40.240  57.471 0.0000000000
42428  29.066  -39.422  55.183 0.0000000000
42529  28.030  -40.688  49.570 0.0000000000
43503  29.550  -39.811  56.566 0.0000000000
43532  8.805  -39.625  55.009 0.0000000000
43544  27.064  -38.828  52.137 0.0000000000
43566  27.426  -39.481  50.819 0.0000000000
43590  28.547  -39.918  49.898 0.0000000000
43591  27.220  -40.986  49.657 0.0000000000
43619  27.192  -39.928  49.193 0.0000000000
43670  27.606  -40.110  47.854 0.0000000000
44564  9.619  -38.701  57.972 0.0000000000
44598  26.686  -38.364  54.512 0.0000000000
44610  26.642  -38.374  54.262 0.0000000000
44622  26.447  -38.816  52.062 0.0000000000
44653  25.284  -40.135  50.454 0.0000000000
44713  27.374  -39.277  48.686 0.0000000000
44737  28.041  -39.345  47.791 0.0000000000
45735  9.637  -38.465  58.585 0.0000000000
45771  25.410  -37.761  53.909 0.0000000000
45783  26.252  -38.390  54.077 0.0000000000
45784  25.824  -38.252  53.743 0.0000000000
45796  26.154  -38.232  54.476 0.0000000000
45797  26.063  -38.312  54.254 0.0000000000
45798  25.915  -38.350  54.029 0.0000000000
45811  24.371  -38.673  52.323 0.0000000000
45846  26.670  -38.489  48.696 0.0000000000
45848  26.057  -38.267  49.272 0.0000000000
45860  26.652  -38.667  49.120 0.0000000000
45873  28.499  -38.772  48.200 0.0000000000
45923  28.694  -38.435  46.268 0.0000000000
45955  25.967  -37.124  44.548 0.0000000000
46936  20.067  -36.478  58.477 0.0000000000
46954  26.243  -38.096  54.791 0.0000000000
46957  24.876  -37.129  54.063 0.0000000000
46966  26.057  -38.066  54.630 0.0000000000
46967  25.758  -37.901  54.465 0.0000000000
46968  25.598  -37.965  54.100 0.0000000000
46979  25.933  -38.164  54.410 0.0000000000
46980  25.807  -38.187  54.196 0.0000000000
46981  25.735  -38.201  53.968 0.0000000000
46984  23.216  -36.459  53.022 0.0000000000
46988  10.983  -37.926  52.877 0.0000000000
46999  11.408  -38.160  52.398 0.0000000000
47041  26.483  -38.326  48.622 0.0000000000
47042  26.274  -38.207  48.656 0.0000000000
47058  26.620  -38.423  48.440 0.0000000000
47059  26.247  -38.247  48.403 0.0000000000
47060  23.461  -36.264  49.138 0.0000000000
47073  26.694  -38.435  48.018 0.0000000000
47075  24.212  -36.097  47.767 0.0000000000
47090  29.165  -37.685  47.163 0.0000000000
48043  17.058  -37.269  61.032 0.0000000000
48064  16.871  -36.362  59.461 0.0000000000
48075  21.454  -36.434  58.792 0.0000000000
48102  15.601  -36.262  57.726 0.0000000000
48142  22.619  -37.069  54.980 0.0000000000
48144  18.994  -36.538  56.345 0.0000000000
48145  18.874  -37.014  56.398 0.0000000000
48171  23.339  -35.753  54.102 0.0000000000
48174  11.304  -37.731  52.900 0.0000000000
48184  11.465  -37.790  52.713 0.0000000000
48266  25.951  -37.782  47.546 0.0000000000
48267  25.716  -37.708  47.911 0.0000000000
48288  25.760  -37.205  46.295 0.0000000000
48304  25.407  -36.783  46.164 0.0000000000
49249  16.764  -36.656  60.417 0.0000000000
49250  16.240  -36.419  60.259 0.0000000000
49251  15.864  -36.283  60.003 0.0000000000
49260  17.153  -36.656  60.301 0.0000000000
49262  16.288  -36.243  59.853 0.0000000000
49282  21.298  -35.713  57.675 0.0000000000
49294  18.960  -36.600  55.933 0.0000000000
49300  13.413  -36.296  55.586 0.0000000000
49335  16.790  -34.333  55.186 0.0000000000
49340  13.149  -35.655  54.135 0.0000000000
49356  12.918  -35.828  53.697 0.0000000000
49357  12.951  -35.657  54.004 0.0000000000
49366  20.944  -34.980  52.306 0.0000000000
49419  20.587  -33.950  48.446 0.0000000000
49441  25.398  -37.441  47.749 0.0000000000
49456  25.646  -37.406  47.326 0.0000000000
49457  25.336  -37.012  47.209 0.0000000000
49473  25.592  -37.130  46.946 0.0000000000
50491  19.072  -35.815  56.343 0.0000000000
50497  21.937  -35.659  55.261 0.0000000000
50502  14.744  -35.509  55.165 0.0000000000
50516  13.363  -35.630  54.031 0.0000000000
50554  13.715  -35.808  52.768 0.0000000000
50602  27.445  -34.551  48.818 0.0000000000
51731  20.248  -34.386  54.563 0.0000000000
51732  20.035  -34.061  54.468 0.0000000000
51739  20.504  -34.414  54.368 0.0000000000
51750  15.388  -35.004  52.192 0.0000000000
51751  15.194  -35.185  52.166 0.0000000000
51769  15.303  -35.124  51.962 0.0000000000
51800  27.286  -34.171  49.132 0.0000000000
54237  28.125  -31.754  47.289 0.0000000000
54238  27.784  -32.046  47.205 0.0000000000
54239  27.365  -32.593  46.721 0.0000000000
55394  27.652  -32.112  46.816 0.0000000000
56524  33.049  -29.686  46.139 0.0000000000
56535  31.548  -29.638  45.071 0.0000000000
57663  30.924  -28.897  44.660 0.0000000000
58648  30.635  -28.794  44.623 0.0000000000
60717  32.170  -26.177  47.072 0.0000000000
60739  30.800  -25.789  46.017 0.0000000000
60758  30.302  -25.614  44.918 0.0000000000
60777  29.412  -25.024  45.231 0.0000000000
60778  29.503  -25.168  44.889 0.0000000000
60797  29.297  -24.955  44.810 0.0000000000
61975  32.009  -25.452  47.108 0.0000000000
61994  30.118  -24.399  45.658 0.0000000000
61995  29.912  -24.661  45.653 0.0000000000
61997  30.040  -25.354  44.959 0.0000000000
62014  29.911  -24.368  45.445 0.0000000000
62016  29.701  -25.205  45.092 0.0000000000
62017  29.796  -25.335  44.863 0.0000000000
62031  29.243  -24.764  44.466 0.0000000000
63348  30.205  -24.962  46.419 0.0000000000
63349  29.957  -25.109  46.151 0.0000000000
63364  29.950  -24.852  46.034 0.0000000000
63380  29.215  -23.953  44.048 0.0000000000
64520  31.972  -23.346  48.207 0.0000000000
64537  31.483  -23.163  47.386 0.0000000000
64549  31.479  -23.261  47.201 0.0000000000
64563  31.254  -22.680  46.631 0.0000000000
64575  30.145  -23.147  45.164 0.0000000000
64585  29.289  -23.816  44.330 0.0000000000
65656  32.644  -22.801  48.889 0.0000000000
65663  31.638  -22.229  47.616 0.0000000000
65664  31.527  -22.611  47.881 0.0000000000
65670  31.484  -22.779  47.269 0.0000000000
65671  31.449  -23.014  47.197 0.0000000000
65678  31.447  -22.314  46.754 0.0000000000
65702  29.233  -22.912  44.660 0.0000000000
65703  28.702  -22.631  43.982 0.0000000000
66724  31.009  -22.080  48.714 0.0000000000
66733  31.565  -21.904  47.814 0.0000000000
66741  30.264  -20.522  46.254 0.0000000000
66742  30.110  -20.122  45.987 0.0000000000
66753  30.493  -22.392  45.925 0.0000000000
66754  30.122  -22.008  45.728 0.0000000000
66762  32.927  -18.683  42.876 0.0000000000
66764  29.089  -20.687  43.694 0.0000000000
66765  29.027  -20.552  43.314 0.0000000000
66773  33.074  -18.367  42.205 0.0000000000
66774  32.754  -18.532  42.401 0.0000000000
66775  28.434  -21.838  43.060 0.0000000000
66777  28.863  -20.654  43.208 0.0000000000
66787  33.526  -18.271  41.487 0.0000000000
66790  28.349  -22.181  42.523 0.0000000000
66799  34.101  -18.251  41.053 0.0000000000
67750  30.833  -21.090  47.359 0.0000000000
67758  30.468  -21.091  46.567 0.0000000000
67765  37.132  -17.635  43.958 0.0000000000
67772  29.521  -20.034  44.401 0.0000000000
67777  37.070  -17.658  43.717 0.0000000000
67778  36.599  -17.934  43.507 0.0000000000
67779  35.933  -18.184  43.301 0.0000000000
67782  33.805  -18.074  43.121 0.0000000000
67785  29.228  -20.354  43.282 0.0000000000
67794  34.934  -17.902  42.641 0.0000000000
67807  36.089  -17.970  42.487 0.0000000000
67846  34.068  -18.912  40.394 0.0000000000
68730  31.793  -19.168  51.846 0.0000000000
68775  31.525  -19.731  48.886 0.0000000000
68795  33.274  -16.781  45.353 0.0000000000
68798  30.519  -18.993  45.756 0.0000000000
68806  36.709  -17.607  45.024 0.0000000000
68809  34.506  -17.388  44.977 0.0000000000
68811  32.822  -16.822  44.784 0.0000000000
68823  35.331  -17.938  44.273 0.0000000000
68829  29.746  -19.764  43.962 0.0000000000
68847  31.965  -18.409  42.740 0.0000000000
68849  30.280  -19.268  42.439 0.0000000000
68850  29.983  -19.359  42.943 0.0000000000
68857  31.026  -19.111  41.395 0.0000000000
69778  31.857  -18.875  51.772 0.0000000000
69828  32.022  -17.961  48.082 0.0000000000
69842  36.360  -17.309  46.871 0.0000000000
69858  36.678  -17.492  46.014 0.0000000000
69861  35.124  -17.439  45.834 0.0000000000
69875  34.713  -17.384  45.742 0.0000000000
69886  32.477  -17.489  44.087 0.0000000000
69888  30.934  -18.116  44.010 0.0000000000
69889  30.510  -18.246  44.500 0.0000000000
69894  38.693  -16.425  43.939 0.0000000000
69895  32.486  -17.570  43.925 0.0000000000
69896  32.336  -17.834  43.671 0.0000000000
69897  31.440  -18.152  43.632 0.0000000000
69898  31.038  -18.553  43.170 0.0000000000
69904  30.863  -18.759  42.746 0.0000000000
70949  31.682  -18.390  49.285 0.0000000000
70970  31.701  -18.148  49.029 0.0000000000
70985  34.320  -16.995  47.187 0.0000000000
70988  31.933  -17.698  47.434 0.0000000000
70997  35.010  -17.168  46.403 0.0000000000
71011  34.855  -17.338  46.094 0.0000000000
71013  34.226  -17.223  46.178 0.0000000000
71015  30.935  -17.670  44.881 0.0000000000
71016  30.616  -17.881  44.828 0.0000000000
71023  32.272  -17.623  44.058 0.0000000000
71024  31.871  -17.702  44.226 0.0000000000
71025  31.164  -17.756  44.282 0.0000000000
71026  30.760  -17.809  44.617 0.0000000000
71031  32.297  -17.716  43.862 0.0000000000
71033  31.630  -17.856  44.006 0.0000000000
71040  37.718  -17.001  41.300 0.0000000000
71041  37.274  -17.291  41.195 0.0000000000
71050  38.158  -15.943  41.208 0.0000000000
72025  35.245  -16.630  52.037 0.0000000000
72087  35.796  -16.792  49.638 0.0000000000
72102  35.044  -16.423  48.155 0.0000000000
72103  34.418  -16.663  48.180 0.0000000000
72115  34.737  -16.630  47.722 0.0000000000
72171  37.471  -15.426  40.313 0.0000000000
74433  40.550  -14.040  42.675 0.0000000000
74434  40.564  -14.369  43.112 0.0000000000
74444  40.490  -13.911  42.346 0.0000000000
74459  38.640  -13.677  39.976 0.0000000000
75574  40.837  -14.229  43.474 0.0000000000
76615  40.684  -12.974  41.694 0.0000000000
78603  43.370  -10.992  40.872 0.0000000000
78627  41.450  -10.090  36.639 0.0000000000
81623  48.774  -7.656  36.617 0.0000000000
81624  48.533  -7.732  36.595 0.0000000000
132790  23.690  -36.673  49.509 0.0000000000
132791  23.589  -36.828  49.722 0.0000000000
132792  25.938  -38.082  48.753 0.0000000000
132793  23.640  -36.303  48.726 0.0000000000
