#!ascii label  , from subject sub-01 vox2ras=TkReg
1341
38970  10.478  -46.638  52.550 0.0000000000
62167  38.448  -26.186  36.613 0.0000000000
42602  26.924  -43.311  44.143 0.0000000000
43665  35.476  -41.217  46.038 0.0000000000
44740  18.731  -41.400  45.987 0.0000000000
41241  18.028  -44.969  55.703 0.0000000000
73312  45.910  -15.535  35.034 0.0000000000
64591  43.502  -23.604  41.468 0.0000000000
53114  36.309  -34.618  42.769 0.0000000000
77668  50.002  -11.721  30.511 0.0000000000
39043  26.551  -45.926  48.445 0.0000000000
40105  14.366  -45.369  54.918 0.0000000000
68900  45.404  -19.084  38.834 0.0000000000
67896  42.218  -19.783  36.433 0.0000000000
63394  37.432  -25.758  42.043 0.0000000000
63372  40.131  -25.509  42.847 0.0000000000
59750  35.877  -28.070  39.704 0.0000000000
45966  33.409  -39.329  43.002 0.0000000000
42579  32.019  -42.881  44.766 0.0000000000
40159  23.042  -45.514  50.024 0.0000000000
37805  22.584  -47.045  54.961 0.0000000000
42481  18.455  -44.119  50.526 0.0000000000
41324  14.526  -43.711  48.888 0.0000000000
42588  22.894  -43.431  45.491 0.0000000000
72201  50.959  -16.435  36.551 0.0000000000
68860  48.884  -19.160  39.665 0.0000000000
63453  41.551  -25.044  38.900 0.0000000000
54292  40.038  -32.207  42.223 0.0000000000
49453  36.737  -37.059  46.110 0.0000000000
74553  47.647  -14.452  31.685 0.0000000000
73360  52.917  -15.323  33.051 0.0000000000
74557  55.779  -14.623  29.907 0.0000000000
39010  26.303  -46.546  50.447 0.0000000000
38954  12.913  -46.149  54.406 0.0000000000
40071  14.117  -45.454  57.674 0.0000000000
38914  12.619  -46.715  57.118 0.0000000000
71123  42.229  -17.615  34.804 0.0000000000
59694  38.266  -26.920  43.636 0.0000000000
63345  38.762  -25.533  44.857 0.0000000000
36654  7.432  -48.117  53.642 0.0000000000
62103  34.718  -26.915  38.693 0.0000000000
43725  27.080  -41.930  42.746 0.0000000000
43722  30.049  -41.485  43.141 0.0000000000
42582  28.955  -42.996  44.838 0.0000000000
42532  21.067  -43.775  48.115 0.0000000000
40162  20.543  -44.948  50.631 0.0000000000
42534  19.099  -42.881  47.994 0.0000000000
43672  20.528  -42.612  45.343 0.0000000000
41360  22.606  -43.851  47.338 0.0000000000
38924  20.773  -46.038  56.147 0.0000000000
73310  48.654  -15.540  35.665 0.0000000000
71063  50.154  -17.820  39.026 0.0000000000
71091  48.315  -17.380  37.437 0.0000000000
67823  44.332  -20.912  40.061 0.0000000000
67805  45.824  -21.206  41.385 0.0000000000
64664  38.414  -23.605  35.587 0.0000000000
65777  40.284  -22.801  35.884 0.0000000000
62165  40.237  -25.708  37.733 0.0000000000
54317  35.183  -32.992  40.846 0.0000000000
55460  37.683  -31.864  40.505 0.0000000000
54272  38.893  -34.009  42.464 0.0000000000
45919  34.602  -39.850  44.504 0.0000000000
48300  34.596  -37.884  44.747 0.0000000000
47086  36.107  -38.868  45.747 0.0000000000
74504  45.300  -15.354  33.718 0.0000000000
76659  45.499  -12.734  31.935 0.0000000000
74522  46.783  -15.295  32.974 0.0000000000
75640  49.726  -14.449  34.845 0.0000000000
76695  53.519  -12.470  28.248 0.0000000000
75698  52.247  -13.443  29.317 0.0000000000
75677  54.622  -15.172  30.976 0.0000000000
74561  50.933  -14.146  30.291 0.0000000000
40222  26.297  -45.229  45.974 0.0000000000
40220  28.485  -45.188  45.990 0.0000000000
39041  28.403  -45.971  48.334 0.0000000000
41244  15.993  -44.651  54.671 0.0000000000
38898  18.432  -45.759  58.581 0.0000000000
40042  16.145  -44.980  59.310 0.0000000000
73314  44.469  -16.688  34.240 0.0000000000
71106  45.212  -17.379  36.223 0.0000000000
71108  43.939  -17.720  35.787 0.0000000000
68917  43.309  -19.383  37.030 0.0000000000
66814  43.119  -21.497  39.371 0.0000000000
60856  37.509  -26.696  39.254 0.0000000000
60833  38.942  -26.692  40.157 0.0000000000
63392  38.765  -25.105  42.287 0.0000000000
53099  33.966  -34.444  43.687 0.0000000000
44685  37.250  -40.262  47.461 0.0000000000
37838  8.588  -46.667  52.656 0.0000000000
37795  11.208  -47.858  55.543 0.0000000000
36652  9.040  -47.718  54.419 0.0000000000
62198  35.396  -25.619  36.069 0.0000000000
62135  35.528  -26.584  38.380 0.0000000000
60796  36.200  -26.818  40.864 0.0000000000
58632  38.144  -27.744  42.075 0.0000000000
45980  31.201  -39.337  41.997 0.0000000000
44767  32.476  -40.716  43.496 0.0000000000
43667  33.698  -41.947  45.407 0.0000000000
41356  31.362  -44.647  46.422 0.0000000000
41371  32.912  -43.838  45.771 0.0000000000
38996  24.809  -46.975  51.163 0.0000000000
37832  24.626  -47.381  53.631 0.0000000000
38982  23.046  -45.847  52.297 0.0000000000
40112  19.949  -45.215  52.846 0.0000000000
40114  18.378  -44.840  53.387 0.0000000000
44672  17.090  -41.632  48.625 0.0000000000
43570  16.986  -42.743  50.279 0.0000000000
41264  16.771  -44.057  53.068 0.0000000000
40129  15.013  -45.058  52.377 0.0000000000
39001  12.711  -46.038  51.284 0.0000000000
40132  10.461  -45.694  51.290 0.0000000000
44789  25.375  -42.266  42.161 0.0000000000
43729  22.734  -42.092  42.710 0.0000000000
42586  25.177  -43.632  44.609 0.0000000000
40213  24.187  -44.478  46.858 0.0000000000
40178  24.624  -44.972  48.763 0.0000000000
68899  48.632  -19.870  38.449 0.0000000000
68877  47.337  -19.228  39.634 0.0000000000
67907  40.229  -20.573  35.085 0.0000000000
65767  42.215  -22.318  37.835 0.0000000000
64625  42.387  -23.233  39.721 0.0000000000
60831  40.441  -26.661  40.537 0.0000000000
62045  42.307  -25.875  41.107 0.0000000000
57701  35.311  -29.573  38.415 0.0000000000
57688  38.523  -29.845  40.383 0.0000000000
57658  41.703  -29.893  42.730 0.0000000000
50648  34.828  -35.747  44.605 0.0000000000
51838  36.343  -35.505  45.093 0.0000000000
48237  37.800  -38.418  47.257 0.0000000000
50627  38.564  -36.624  46.359 0.0000000000
53072  38.776  -35.172  44.329 0.0000000000
53069  41.034  -33.612  44.704 0.0000000000
54257  42.607  -32.505  43.776 0.0000000000
75678  48.994  -13.256  30.883 0.0000000000
73347  50.264  -15.299  32.679 0.0000000000
75621  52.198  -14.437  35.015 0.0000000000
37858  27.414  -47.346  51.263 0.0000000000
38969  11.641  -46.738  52.793 0.0000000000
38941  12.312  -46.324  55.134 0.0000000000
38942  11.596  -46.997  54.574 0.0000000000
58609  40.084  -27.600  44.328 0.0000000000
59679  39.573  -26.811  44.781 0.0000000000
36670  4.735  -47.062  53.416 0.0000000000
43708  26.767  -42.890  43.461 0.0000000000
42600  28.409  -42.736  44.146 0.0000000000
42583  27.972  -43.057  44.816 0.0000000000
42554  19.474  -43.302  46.848 0.0000000000
42533  19.859  -43.863  48.211 0.0000000000
42555  18.919  -42.753  47.222 0.0000000000
44757  19.897  -41.405  45.020 0.0000000000
43673  20.232  -42.084  45.873 0.0000000000
41382  20.424  -43.315  46.511 0.0000000000
40088  18.738  -45.320  55.325 0.0000000000
38912  19.646  -45.833  56.941 0.0000000000
73311  47.377  -15.873  35.551 0.0000000000
72203  48.717  -17.101  36.610 0.0000000000
72205  47.015  -17.023  36.269 0.0000000000
66784  43.464  -21.937  40.822 0.0000000000
66783  44.346  -21.652  41.075 0.0000000000
63498  37.942  -24.812  35.996 0.0000000000
63497  38.913  -24.546  36.205 0.0000000000
62166  39.403  -25.876  37.288 0.0000000000
54276  34.424  -34.211  42.142 0.0000000000
54275  35.551  -34.253  42.061 0.0000000000
54295  36.995  -33.462  41.463 0.0000000000
53113  37.376  -34.699  42.721 0.0000000000
44732  35.162  -40.762  45.422 0.0000000000
45893  35.262  -39.751  44.845 0.0000000000
45871  36.297  -39.621  46.322 0.0000000000
73329  45.652  -15.421  34.300 0.0000000000
74523  45.404  -14.941  32.773 0.0000000000
74488  46.982  -15.354  34.788 0.0000000000
74487  48.053  -15.114  35.029 0.0000000000
77672  51.883  -11.828  29.417 0.0000000000
76667  51.282  -12.259  29.711 0.0000000000
74560  51.976  -14.142  30.056 0.0000000000
76668  50.470  -12.455  30.032 0.0000000000
40210  26.780  -45.266  46.986 0.0000000000
40209  27.895  -45.463  47.012 0.0000000000
39042  27.323  -46.050  48.515 0.0000000000
41245  15.591  -44.896  54.983 0.0000000000
40069  16.075  -45.338  57.086 0.0000000000
40081  15.263  -45.205  56.157 0.0000000000
40045  13.407  -45.403  59.178 0.0000000000
40032  14.404  -44.926  60.187 0.0000000000
73333  42.999  -16.585  33.580 0.0000000000
73297  44.220  -17.095  34.739 0.0000000000
73298  43.732  -17.474  34.395 0.0000000000
69979  42.363  -18.798  35.730 0.0000000000
69978  42.991  -18.697  35.895 0.0000000000
68918  42.668  -19.652  36.749 0.0000000000
67884  43.483  -20.207  37.761 0.0000000000
67885  42.682  -20.411  37.009 0.0000000000
62071  37.451  -26.507  40.180 0.0000000000
62050  37.937  -26.017  40.930 0.0000000000
63393  38.022  -25.227  42.199 0.0000000000
73351  43.892  -15.863  33.360 0.0000000000
36666  8.800  -47.427  53.505 0.0000000000
36667  8.030  -47.502  53.413 0.0000000000
62199  34.475  -25.360  36.170 0.0000000000
62169  35.886  -26.493  36.855 0.0000000000
60886  35.138  -26.289  37.187 0.0000000000
60838  34.708  -27.489  38.842 0.0000000000
62074  35.616  -27.138  39.134 0.0000000000
59742  36.370  -27.677  40.216 0.0000000000
59730  37.193  -27.459  41.232 0.0000000000
59741  37.008  -28.147  40.457 0.0000000000
44803  30.013  -40.321  41.885 0.0000000000
42597  30.896  -42.006  44.256 0.0000000000
44768  31.339  -41.349  43.316 0.0000000000
43703  31.738  -41.860  44.051 0.0000000000
43683  33.490  -41.704  44.618 0.0000000000
43684  32.681  -42.284  44.775 0.0000000000
39051  30.223  -45.755  47.526 0.0000000000
40207  29.998  -45.360  46.524 0.0000000000
40206  30.888  -45.222  46.931 0.0000000000
40204  32.721  -44.814  46.908 0.0000000000
41354  33.491  -43.850  46.506 0.0000000000
40139  23.395  -45.713  50.682 0.0000000000
38981  23.701  -46.913  52.320 0.0000000000
38998  22.778  -45.721  51.177 0.0000000000
41284  19.689  -44.736  51.085 0.0000000000
40124  20.694  -45.295  51.644 0.0000000000
40143  19.640  -44.854  51.557 0.0000000000
40113  18.962  -45.369  53.077 0.0000000000
41286  18.196  -44.213  51.205 0.0000000000
44694  17.214  -41.084  47.758 0.0000000000
41340  15.284  -43.430  48.050 0.0000000000
42513  16.201  -42.987  48.878 0.0000000000
41304  16.171  -43.679  50.239 0.0000000000
42469  16.724  -43.756  51.305 0.0000000000
41288  15.968  -43.983  50.835 0.0000000000
40128  15.742  -44.535  52.154 0.0000000000
41289  14.761  -44.314  50.588 0.0000000000
39002  11.776  -46.218  50.942 0.0000000000
44807  25.594  -40.797  42.224 0.0000000000
44808  24.591  -41.068  41.938 0.0000000000
43713  21.487  -42.220  43.906 0.0000000000
43712  22.279  -42.400  43.524 0.0000000000
43687  24.041  -43.446  43.918 0.0000000000
42587  23.931  -43.350  44.922 0.0000000000
42569  24.649  -43.740  45.352 0.0000000000
41395  23.607  -43.521  45.867 0.0000000000
41319  22.843  -44.879  48.575 0.0000000000
40195  23.485  -44.785  48.122 0.0000000000
40158  24.222  -45.442  49.682 0.0000000000
39012  24.283  -45.750  50.330 0.0000000000
37817  23.827  -47.301  54.494 0.0000000000
36618  10.796  -47.974  56.952 0.0000000000
37772  11.247  -47.457  57.492 0.0000000000
72191  51.517  -17.137  37.024 0.0000000000
69915  49.692  -18.313  39.470 0.0000000000
68875  50.068  -18.947  39.130 0.0000000000
68876  49.330  -19.362  39.390 0.0000000000
66828  47.845  -20.608  39.292 0.0000000000
69964  45.547  -18.440  38.034 0.0000000000
71082  46.273  -18.331  38.119 0.0000000000
69932  46.377  -18.962  39.273 0.0000000000
66780  46.670  -21.610  40.839 0.0000000000
64653  40.750  -24.218  37.431 0.0000000000
65776  41.203  -22.752  36.433 0.0000000000
64640  41.235  -23.981  38.251 0.0000000000
65753  42.050  -23.165  38.760 0.0000000000
64626  42.106  -23.961  39.484 0.0000000000
62047  39.501  -26.148  41.349 0.0000000000
60832  39.659  -26.714  40.475 0.0000000000
62026  40.362  -26.194  42.230 0.0000000000
56616  34.478  -30.407  38.339 0.0000000000
55442  38.890  -31.914  41.593 0.0000000000
55480  37.988  -31.102  40.115 0.0000000000
55458  39.870  -31.302  41.103 0.0000000000
57674  40.604  -29.986  41.492 0.0000000000
55439  41.316  -31.423  42.254 0.0000000000
48353  32.814  -37.542  42.641 0.0000000000
48352  33.548  -37.810  43.096 0.0000000000
49469  35.131  -37.161  45.359 0.0000000000
49470  34.664  -37.162  44.871 0.0000000000
50647  35.756  -36.244  45.346 0.0000000000
51839  35.329  -35.561  44.587 0.0000000000
50646  37.026  -36.153  45.821 0.0000000000
47056  37.603  -38.828  47.375 0.0000000000
50625  39.601  -36.112  46.840 0.0000000000
51836  38.611  -35.619  45.361 0.0000000000
51835  39.527  -35.513  45.426 0.0000000000
53070  40.098  -34.158  44.659 0.0000000000
51853  40.642  -34.350  45.239 0.0000000000
75681  46.942  -13.692  31.677 0.0000000000
74552  48.287  -14.371  31.243 0.0000000000
74551  49.073  -14.187  30.937 0.0000000000
74538  48.625  -15.087  32.200 0.0000000000
74485  49.976  -14.781  35.356 0.0000000000
75639  50.550  -14.459  34.771 0.0000000000
74483  51.827  -15.221  35.509 0.0000000000
73306  52.526  -15.617  35.594 0.0000000000
75696  54.434  -13.714  29.107 0.0000000000
74535  54.022  -15.309  31.910 0.0000000000
75653  54.162  -15.204  32.527 0.0000000000
75635  53.386  -15.133  33.706 0.0000000000
39030  26.396  -45.887  49.371 0.0000000000
39029  27.563  -46.524  49.450 0.0000000000
39009  27.163  -46.790  50.229 0.0000000000
38953  13.714  -45.730  54.666 0.0000000000
40082  14.266  -45.363  56.728 0.0000000000
38940  13.294  -45.774  55.546 0.0000000000
38913  13.267  -46.262  57.104 0.0000000000
38884  12.673  -45.892  58.950 0.0000000000
71124  41.253  -17.602  34.426 0.0000000000
68937  41.349  -19.497  35.097 0.0000000000
62011  37.765  -26.116  42.879 0.0000000000
63375  38.042  -25.434  43.149 0.0000000000
60753  38.539  -26.312  44.357 0.0000000000
60711  39.979  -25.996  46.010 0.0000000000
37824  6.544  -46.883  53.276 0.0000000000
36669  6.061  -47.390  53.445 0.0000000000
35511  6.766  -48.327  53.430 0.0000000000
60888  34.013  -26.072  37.217 0.0000000000
58680  34.419  -28.231  39.028 0.0000000000
44787  29.110  -41.045  42.563 0.0000000000
43723  29.154  -41.609  42.725 0.0000000000
42599  29.371  -42.616  44.110 0.0000000000
42581  30.031  -43.325  44.380 0.0000000000
40196  21.868  -44.698  48.830 0.0000000000
39014  21.839  -45.334  50.608 0.0000000000
41320  20.927  -44.701  49.171 0.0000000000
41322  19.647  -43.926  49.584 0.0000000000
43580  18.693  -42.598  49.757 0.0000000000
41325  13.567  -43.904  48.918 0.0000000000
42538  12.089  -42.540  48.274 0.0000000000
44756  20.478  -41.665  44.564 0.0000000000
42589  21.506  -43.240  45.338 0.0000000000
42571  22.779  -43.583  46.252 0.0000000000
42572  21.974  -43.537  46.479 0.0000000000
42552  21.763  -43.712  47.624 0.0000000000
38936  21.459  -46.617  54.898 0.0000000000
73293  49.489  -16.356  36.208 0.0000000000
72192  50.846  -16.960  37.351 0.0000000000
72202  49.485  -16.903  36.976 0.0000000000
72182  49.565  -17.351  38.062 0.0000000000
71065  48.623  -18.284  39.290 0.0000000000
67841  44.766  -20.366  39.793 0.0000000000
68864  45.750  -20.159  40.139 0.0000000000
67822  44.871  -20.937  40.492 0.0000000000
66782  45.299  -21.738  41.516 0.0000000000
66872  39.409  -21.530  35.142 0.0000000000
64663  39.571  -23.666  35.976 0.0000000000
63495  40.412  -24.592  36.935 0.0000000000
62164  40.675  -25.450  38.027 0.0000000000
61992  40.949  -26.039  44.112 0.0000000000
55463  34.436  -32.211  40.440 0.0000000000
55483  34.852  -31.794  39.605 0.0000000000
54316  36.235  -32.640  41.142 0.0000000000
54315  37.300  -32.556  41.090 0.0000000000
54293  38.936  -32.538  41.987 0.0000000000
47131  34.208  -39.226  44.204 0.0000000000
47130  34.423  -38.432  44.205 0.0000000000
47106  34.589  -38.932  44.823 0.0000000000
48283  35.552  -38.005  45.488 0.0000000000
48262  36.550  -38.068  45.814 0.0000000000
75659  44.431  -13.740  32.674 0.0000000000
76660  44.825  -13.052  32.247 0.0000000000
75658  45.114  -14.025  32.676 0.0000000000
74541  46.047  -14.871  32.362 0.0000000000
73367  47.180  -15.191  32.631 0.0000000000
74520  48.720  -14.834  33.410 0.0000000000
74521  47.758  -14.957  33.422 0.0000000000
74486  49.144  -14.799  35.229 0.0000000000
77671  52.487  -11.609  29.008 0.0000000000
75717  52.997  -13.140  28.652 0.0000000000
75687  53.961  -14.038  29.901 0.0000000000
75685  55.237  -14.792  30.447 0.0000000000
74559  53.210  -14.554  30.232 0.0000000000
73384  52.342  -14.883  30.718 0.0000000000
73376  52.069  -15.357  31.573 0.0000000000
41392  26.224  -44.014  44.946 0.0000000000
41375  27.948  -44.374  45.634 0.0000000000
40221  27.424  -45.248  46.013 0.0000000000
40208  28.920  -45.201  46.866 0.0000000000
39040  29.489  -46.162  48.262 0.0000000000
41242  17.512  -44.906  55.257 0.0000000000
40066  18.333  -45.221  57.123 0.0000000000
41223  17.377  -45.268  56.899 0.0000000000
40055  17.385  -45.438  58.500 0.0000000000
40058  14.604  -45.154  58.470 0.0000000000
40031  15.344  -44.891  60.355 0.0000000000
73313  45.105  -16.181  34.590 0.0000000000
71119  45.837  -17.274  35.855 0.0000000000
72206  44.991  -16.764  35.646 0.0000000000
71107  44.485  -17.584  36.232 0.0000000000
71095  44.808  -18.004  36.899 0.0000000000
71121  43.548  -17.726  35.209 0.0000000000
69977  43.615  -18.506  36.342 0.0000000000
69950  44.745  -18.985  38.011 0.0000000000
68881  44.083  -20.112  38.840 0.0000000000
66813  43.532  -21.058  39.518 0.0000000000
66798  43.106  -21.949  40.259 0.0000000000
62132  37.981  -26.891  37.539 0.0000000000
62131  38.851  -26.471  37.772 0.0000000000
60834  38.347  -26.622  39.997 0.0000000000
62048  38.962  -25.810  41.049 0.0000000000
63373  39.618  -24.842  43.278 0.0000000000
63360  38.980  -25.048  44.120 0.0000000000
64582  39.470  -24.699  43.992 0.0000000000
64571  40.555  -24.835  44.737 0.0000000000
53098  35.016  -34.652  43.544 0.0000000000
44708  36.468  -40.354  46.954 0.0000000000
76655  43.373  -12.708  32.856 0.0000000000
75660  43.324  -14.003  32.759 0.0000000000
73350  44.336  -15.707  33.373 0.0000000000
78655  50.673  -10.078  31.088 0.0000000000
78656  49.874  -10.239  31.295 0.0000000000
37837  9.702  -47.042  52.833 0.0000000000
37820  10.731  -47.320  54.057 0.0000000000
37821  9.932  -47.404  53.601 0.0000000000
36651  9.892  -47.955  54.725 0.0000000000
36619  10.306  -48.419  56.106 0.0000000000
36653  7.898  -47.945  54.329 0.0000000000
63499  36.933  -24.946  35.594 0.0000000000
63500  35.936  -24.995  35.563 0.0000000000
62168  37.249  -26.569  36.629 0.0000000000
62133  36.945  -26.755  37.880 0.0000000000
62099  36.833  -26.769  38.983 0.0000000000
62072  36.771  -26.624  39.839 0.0000000000
60857  35.205  -26.514  38.333 0.0000000000
62073  36.225  -26.753  39.802 0.0000000000
62051  36.803  -26.750  41.095 0.0000000000
60794  37.217  -26.765  41.784 0.0000000000
59712  38.545  -27.251  43.305 0.0000000000
58617  40.614  -28.545  43.360 0.0000000000
45967  32.695  -39.268  42.617 0.0000000000
44785  30.621  -41.068  42.736 0.0000000000
44784  31.619  -40.623  42.715 0.0000000000
45948  32.902  -39.877  43.152 0.0000000000
44766  33.396  -40.558  44.070 0.0000000000
44751  34.287  -40.962  44.586 0.0000000000
43666  34.825  -41.839  45.954 0.0000000000
41374  29.019  -44.216  45.795 0.0000000000
41388  30.185  -43.859  44.947 0.0000000000
42567  31.492  -43.530  45.074 0.0000000000
40205  31.789  -45.070  47.088 0.0000000000
41355  32.381  -44.385  46.506 0.0000000000
42566  32.483  -43.147  45.240 0.0000000000
42565  33.423  -43.074  45.453 0.0000000000
42564  34.164  -42.677  45.688 0.0000000000
43642  35.121  -42.260  46.514 0.0000000000
37847  24.785  -47.412  52.223 0.0000000000
37848  24.345  -47.059  52.826 0.0000000000
38962  23.394  -46.856  53.108 0.0000000000
37835  22.498  -46.858  53.514 0.0000000000
38999  21.679  -45.552  51.170 0.0000000000
38984  21.165  -45.467  51.982 0.0000000000
38950  20.989  -46.478  54.019 0.0000000000
38951  19.879  -45.806  54.181 0.0000000000
38952  19.208  -45.515  54.791 0.0000000000
41252  17.993  -44.703  54.701 0.0000000000
44692  18.242  -41.547  47.512 0.0000000000
44671  17.724  -41.669  48.362 0.0000000000
43581  18.112  -42.425  50.184 0.0000000000
44696  16.383  -42.194  48.195 0.0000000000
43596  16.992  -42.148  49.322 0.0000000000
43568  17.725  -43.260  50.527 0.0000000000
42467  17.706  -43.949  51.461 0.0000000000
41263  17.334  -44.199  53.366 0.0000000000
41253  17.338  -44.563  54.351 0.0000000000
41255  16.214  -44.442  53.634 0.0000000000
40103  15.613  -44.853  54.033 0.0000000000
40116  14.965  -45.073  53.486 0.0000000000
41290  13.866  -44.409  50.400 0.0000000000
40146  13.801  -45.133  51.276 0.0000000000
38985  13.205  -45.963  52.397 0.0000000000
38986  12.141  -46.237  52.089 0.0000000000
38987  11.029  -46.083  51.696 0.0000000000
38988  9.947  -45.933  51.558 0.0000000000
38971  9.378  -46.458  52.135 0.0000000000
38972  8.599  -46.259  51.938 0.0000000000
44806  26.741  -40.651  42.061 0.0000000000
43726  26.248  -42.549  42.668 0.0000000000
42603  26.220  -43.377  44.013 0.0000000000
43727  24.047  -42.798  42.478 0.0000000000
43686  24.751  -43.555  43.615 0.0000000000
42585  26.554  -43.562  44.575 0.0000000000
41393  25.501  -44.159  44.957 0.0000000000
40223  25.196  -45.098  45.970 0.0000000000
40193  25.113  -45.151  47.858 0.0000000000
41335  23.707  -44.354  47.194 0.0000000000
40194  24.081  -44.770  47.791 0.0000000000
40177  25.382  -45.422  48.668 0.0000000000
39011  25.134  -45.795  50.163 0.0000000000
38995  25.694  -47.062  50.961 0.0000000000
38928  12.041  -47.215  55.879 0.0000000000
38901  12.022  -46.600  58.109 0.0000000000
69944  51.346  -17.965  38.222 0.0000000000
71093  46.740  -18.049  37.477 0.0000000000
71081  48.063  -18.178  38.816 0.0000000000
69918  48.205  -18.983  39.877 0.0000000000
68863  46.288  -20.025  40.179 0.0000000000
67819  47.571  -20.197  40.045 0.0000000000
67839  47.477  -20.643  39.945 0.0000000000
68938  40.514  -19.567  34.580 0.0000000000
67897  41.414  -20.523  36.019 0.0000000000
66862  40.661  -21.716  36.101 0.0000000000
66861  41.622  -21.824  36.677 0.0000000000
67886  42.090  -21.162  36.938 0.0000000000
66851  42.448  -22.030  38.041 0.0000000000
65738  42.596  -22.548  39.518 0.0000000000
64610  43.106  -22.946  40.560 0.0000000000
62130  39.761  -26.379  38.109 0.0000000000
62129  40.836  -26.103  38.693 0.0000000000
62097  41.287  -26.122  39.783 0.0000000000
60793  41.096  -26.725  42.287 0.0000000000
60811  41.707  -26.626  41.368 0.0000000000
63438  41.711  -25.175  39.987 0.0000000000
63421  41.830  -25.095  41.021 0.0000000000
63405  42.297  -24.915  41.503 0.0000000000
58714  34.246  -28.734  38.224 0.0000000000
58694  35.661  -28.794  38.798 0.0000000000
56606  36.096  -30.818  39.119 0.0000000000
57699  36.594  -29.721  39.155 0.0000000000
57678  37.873  -28.882  40.097 0.0000000000
57662  38.901  -28.959  41.225 0.0000000000
57645  40.601  -29.166  42.478 0.0000000000
57622  41.498  -28.737  43.779 0.0000000000
49486  34.408  -37.220  44.397 0.0000000000
51859  34.849  -34.813  44.403 0.0000000000
51858  35.665  -35.181  44.374 0.0000000000
53073  36.625  -34.485  44.104 0.0000000000
45870  36.844  -39.456  46.824 0.0000000000
47068  37.257  -38.851  46.892 0.0000000000
48282  37.072  -37.626  46.308 0.0000000000
48259  38.528  -37.675  46.920 0.0000000000
49452  37.711  -36.864  46.277 0.0000000000
51837  37.518  -35.421  45.431 0.0000000000
51856  38.113  -35.156  44.620 0.0000000000
53096  37.034  -34.451  43.687 0.0000000000
53095  38.463  -34.993  43.483 0.0000000000
54260  39.772  -33.787  43.286 0.0000000000
54259  40.507  -33.217  43.376 0.0000000000
51852  41.469  -34.086  45.241 0.0000000000
53091  41.680  -33.189  44.104 0.0000000000
54269  41.679  -32.159  42.706 0.0000000000
55428  42.726  -31.374  43.260 0.0000000000
77661  49.505  -11.013  30.802 0.0000000000
77669  49.227  -11.870  30.449 0.0000000000
75691  49.538  -13.508  30.606 0.0000000000
73377  51.083  -15.014  31.598 0.0000000000
73362  51.414  -15.318  32.373 0.0000000000
74519  49.862  -15.181  33.223 0.0000000000
74498  51.365  -14.611  34.116 0.0000000000
75657  52.316  -14.351  34.170 0.0000000000
74481  53.005  -14.955  34.835 0.0000000000
37846  25.525  -47.612  51.860 0.0000000000
37845  26.462  -47.471  51.608 0.0000000000
38956  11.241  -47.180  53.475 0.0000000000
38955  12.097  -46.726  53.960 0.0000000000
58608  40.901  -27.845  44.233 0.0000000000
59678  40.275  -27.135  44.756 0.0000000000
42601  27.509  -42.899  44.137 0.0000000000
42584  27.267  -43.267  44.599 0.0000000000
43649  19.216  -42.054  46.885 0.0000000000
43674  19.597  -41.779  46.265 0.0000000000
43648  19.739  -42.351  46.453 0.0000000000
40089  18.398  -45.220  55.877 0.0000000000
40077  19.084  -45.458  56.181 0.0000000000
40065  18.866  -45.427  57.029 0.0000000000
72216  47.218  -16.511  35.998 0.0000000000
72217  46.343  -16.708  35.651 0.0000000000
65711  43.775  -22.670  41.107 0.0000000000
62195  38.110  -25.554  36.224 0.0000000000
63477  38.527  -25.305  36.323 0.0000000000
53115  35.257  -34.482  42.868 0.0000000000
54274  36.630  -34.286  41.992 0.0000000000
44731  35.885  -40.553  46.162 0.0000000000
77667  50.737  -11.502  30.264 0.0000000000
40192  26.056  -45.627  47.884 0.0000000000
40191  27.089  -45.883  47.704 0.0000000000
40091  15.063  -45.050  55.189 0.0000000000
73315  43.925  -17.181  33.867 0.0000000000
73316  42.842  -17.266  33.969 0.0000000000
68929  41.810  -19.257  35.954 0.0000000000
68928  42.580  -19.181  36.383 0.0000000000
63409  37.538  -25.999  41.168 0.0000000000
37839  7.306  -46.591  52.835 0.0000000000
62170  34.865  -25.954  36.681 0.0000000000
62171  33.911  -25.668  36.763 0.0000000000
59751  35.382  -28.149  39.504 0.0000000000
60836  35.757  -27.617  39.731 0.0000000000
58663  36.782  -27.991  40.117 0.0000000000
42580  31.195  -42.823  44.352 0.0000000000
43685  31.968  -42.466  44.469 0.0000000000
39050  31.132  -45.726  47.557 0.0000000000
39013  22.236  -45.558  50.587 0.0000000000
41303  19.031  -44.060  50.080 0.0000000000
41285  19.026  -44.448  51.310 0.0000000000
41274  18.810  -44.503  52.190 0.0000000000
41341  14.753  -43.516  48.072 0.0000000000
41323  15.276  -43.482  48.655 0.0000000000
41305  15.393  -43.712  49.720 0.0000000000
40144  15.825  -44.317  51.553 0.0000000000
41306  14.228  -43.987  49.759 0.0000000000
43689  21.963  -43.008  44.450 0.0000000000
43688  23.033  -43.211  44.247 0.0000000000
41394  23.842  -43.476  45.558 0.0000000000
40180  22.476  -44.905  49.143 0.0000000000
40138  23.794  -45.670  50.376 0.0000000000
37818  23.197  -47.162  54.333 0.0000000000
36605  10.457  -48.363  56.998 0.0000000000
73291  51.647  -16.056  36.107 0.0000000000
73283  51.706  -16.628  36.587 0.0000000000
72200  51.363  -16.679  36.699 0.0000000000
69916  49.404  -18.509  39.510 0.0000000000
69928  49.587  -18.856  39.493 0.0000000000
67861  49.065  -19.960  39.111 0.0000000000
67837  48.739  -19.619  39.617 0.0000000000
69948  45.869  -18.762  38.628 0.0000000000
63390  39.955  -25.747  42.280 0.0000000000
62027  39.892  -25.932  41.899 0.0000000000
56617  33.310  -30.873  38.375 0.0000000000
55441  39.498  -31.817  41.565 0.0000000000
55459  38.842  -31.584  40.752 0.0000000000
55440  40.436  -31.438  41.667 0.0000000000
55457  40.224  -31.173  41.297 0.0000000000
47160  33.242  -38.518  42.721 0.0000000000
47159  34.081  -38.715  43.379 0.0000000000
49454  35.908  -37.215  45.734 0.0000000000
50661  35.366  -36.719  45.371 0.0000000000
51834  40.383  -35.265  45.455 0.0000000000
75680  47.655  -13.573  31.265 0.0000000000
73292  50.591  -15.767  35.994 0.0000000000
74484  50.806  -14.943  35.520 0.0000000000
74473  51.336  -15.473  35.783 0.0000000000
74472  51.638  -15.598  35.748 0.0000000000
75695  55.404  -14.166  29.196 0.0000000000
75694  55.625  -13.680  28.687 0.0000000000
74569  56.147  -14.625  29.516 0.0000000000
74536  53.517  -15.335  32.503 0.0000000000
74513  53.852  -15.344  32.554 0.0000000000
74514  53.692  -15.267  32.878 0.0000000000
75634  54.138  -15.322  33.142 0.0000000000
75655  53.206  -15.000  33.734 0.0000000000
37873  27.008  -46.973  50.702 0.0000000000
38927  12.650  -46.155  56.195 0.0000000000
38900  12.763  -46.009  57.956 0.0000000000
69991  41.882  -18.585  34.997 0.0000000000
69992  40.866  -18.583  34.557 0.0000000000
60775  38.043  -26.583  43.332 0.0000000000
37825  5.302  -46.509  53.137 0.0000000000
35512  5.523  -48.066  53.519 0.0000000000
43737  27.640  -41.247  42.433 0.0000000000
43736  28.417  -41.167  42.462 0.0000000000
43724  28.199  -42.022  42.592 0.0000000000
43706  28.823  -42.398  43.329 0.0000000000
42598  30.305  -42.344  44.099 0.0000000000
41338  21.415  -44.404  48.538 0.0000000000
40197  21.455  -44.721  48.957 0.0000000000
41339  20.702  -44.184  48.659 0.0000000000
42511  19.833  -43.620  49.156 0.0000000000
42512  19.106  -43.310  49.225 0.0000000000
43691  20.320  -42.128  45.033 0.0000000000
43690  20.950  -42.449  44.684 0.0000000000
42590  20.918  -42.841  45.354 0.0000000000
42573  20.681  -43.120  46.018 0.0000000000
42553  20.703  -43.432  47.089 0.0000000000
42531  21.659  -44.023  48.136 0.0000000000
38937  20.507  -46.276  55.229 0.0000000000
38910  21.256  -46.161  56.605 0.0000000000
72194  49.158  -17.213  37.565 0.0000000000
71080  48.848  -17.609  38.441 0.0000000000
65779  38.532  -22.933  35.229 0.0000000000
65778  39.209  -22.675  35.243 0.0000000000
63475  40.009  -25.253  36.991 0.0000000000
63496  39.865  -24.598  36.436 0.0000000000
63474  40.625  -25.006  37.535 0.0000000000
55462  35.575  -32.240  40.298 0.0000000000
54294  38.170  -33.175  41.520 0.0000000000
53128  38.505  -32.686  41.613 0.0000000000
47107  34.357  -39.428  44.426 0.0000000000
47087  35.446  -38.889  45.153 0.0000000000
75672  45.001  -13.615  32.595 0.0000000000
74540  46.674  -14.586  32.163 0.0000000000
73349  47.207  -15.298  32.911 0.0000000000
73348  47.325  -15.233  33.122 0.0000000000
73309  49.709  -15.399  35.592 0.0000000000
76676  51.814  -12.596  29.306 0.0000000000
76675  52.267  -12.463  29.056 0.0000000000
75718  52.516  -12.896  28.809 0.0000000000
75697  53.360  -13.849  29.230 0.0000000000
74570  52.820  -14.154  29.474 0.0000000000
73383  52.893  -15.296  31.122 0.0000000000
74548  51.506  -14.715  30.850 0.0000000000
41376  26.893  -44.686  45.290 0.0000000000
40190  27.869  -45.633  47.902 0.0000000000
39053  28.469  -45.599  47.534 0.0000000000
39052  29.228  -45.707  47.492 0.0000000000
41232  16.931  -45.231  55.710 0.0000000000
41231  17.687  -45.242  56.254 0.0000000000
41224  16.956  -45.406  56.587 0.0000000000
40056  16.435  -44.942  58.158 0.0000000000
40041  16.982  -45.593  59.709 0.0000000000
72218  45.403  -16.397  35.307 0.0000000000
73296  44.721  -16.600  35.115 0.0000000000
72207  44.440  -17.100  35.610 0.0000000000
71096  44.209  -18.040  36.527 0.0000000000
72221  42.219  -17.168  34.281 0.0000000000
72220  42.927  -17.573  34.557 0.0000000000
71122  42.993  -17.856  35.026 0.0000000000
68927  43.134  -18.971  36.406 0.0000000000
69966  44.281  -18.705  37.244 0.0000000000
68902  44.085  -19.556  38.216 0.0000000000
67866  43.118  -21.053  38.210 0.0000000000
67843  43.386  -20.830  39.095 0.0000000000
60873  37.681  -26.852  38.506 0.0000000000
60855  38.070  -26.713  39.251 0.0000000000
63408  38.212  -25.438  41.476 0.0000000000
62049  38.425  -25.806  41.013 0.0000000000
63407  38.805  -25.463  41.548 0.0000000000
63406  39.149  -25.678  41.508 0.0000000000
63361  38.636  -25.512  44.357 0.0000000000
64573  39.525  -24.624  44.857 0.0000000000
64561  40.009  -24.389  45.642 0.0000000000
64572  40.080  -24.569  44.589 0.0000000000
64560  40.805  -24.879  45.415 0.0000000000
53116  34.205  -34.191  43.038 0.0000000000
73332  43.845  -16.542  33.596 0.0000000000
73331  44.606  -15.992  33.716 0.0000000000
37822  9.209  -47.289  53.219 0.0000000000
36636  9.993  -48.493  54.932 0.0000000000
36668  7.240  -47.667  53.348 0.0000000000
64665  37.364  -24.063  35.452 0.0000000000
64666  36.795  -24.260  35.316 0.0000000000
62197  36.477  -26.028  35.797 0.0000000000
62134  35.942  -26.653  38.039 0.0000000000
62100  36.112  -26.793  38.958 0.0000000000
60877  33.977  -26.637  37.489 0.0000000000
60858  34.790  -26.652  38.317 0.0000000000
62053  36.077  -26.773  40.001 0.0000000000
62052  36.422  -26.895  40.559 0.0000000000
63424  36.699  -26.671  40.604 0.0000000000
62030  36.673  -26.908  41.024 0.0000000000
62029  37.031  -26.594  41.534 0.0000000000
60795  36.744  -27.063  41.126 0.0000000000
59729  37.808  -27.693  41.719 0.0000000000
59713  37.951  -27.253  42.520 0.0000000000
58631  38.886  -27.794  42.570 0.0000000000
45979  31.717  -38.939  42.402 0.0000000000
45978  32.161  -38.970  42.600 0.0000000000
44801  31.682  -39.770  42.381 0.0000000000
44786  29.633  -41.039  42.547 0.0000000000
44783  32.372  -40.076  42.659 0.0000000000
45947  33.414  -39.712  43.800 0.0000000000
44733  34.513  -41.420  45.390 0.0000000000
41390  28.457  -43.667  45.229 0.0000000000
41357  30.710  -44.868  46.385 0.0000000000
41373  30.429  -44.295  45.710 0.0000000000
42568  30.747  -43.703  44.793 0.0000000000
41372  31.905  -44.197  45.609 0.0000000000
42551  33.942  -43.377  45.827 0.0000000000
38980  24.343  -47.343  52.123 0.0000000000
38963  22.983  -46.566  52.981 0.0000000000
37834  23.075  -47.012  53.556 0.0000000000
40161  21.031  -44.873  50.128 0.0000000000
40140  21.536  -45.172  50.611 0.0000000000
40141  20.995  -45.153  50.979 0.0000000000
40111  20.542  -45.388  52.302 0.0000000000
38965  20.794  -45.746  52.971 0.0000000000
38966  20.049  -45.529  53.375 0.0000000000
40127  18.667  -44.820  52.646 0.0000000000
40101  18.718  -45.262  54.258 0.0000000000
40102  18.176  -44.819  54.064 0.0000000000
43595  17.612  -42.078  49.240 0.0000000000
43651  15.389  -41.186  46.999 0.0000000000
43623  15.694  -42.266  47.506 0.0000000000
43583  16.758  -42.604  49.911 0.0000000000
43597  16.534  -42.503  49.117 0.0000000000
43582  17.295  -42.347  50.015 0.0000000000
43569  17.292  -42.975  50.473 0.0000000000
43557  17.544  -43.700  50.869 0.0000000000
42483  16.971  -43.457  50.902 0.0000000000
41277  16.807  -44.022  52.095 0.0000000000
41276  17.329  -43.938  52.340 0.0000000000
41254  16.702  -44.406  54.007 0.0000000000
40145  15.229  -44.625  51.456 0.0000000000
40115  15.692  -44.753  53.089 0.0000000000
41326  12.481  -43.789  49.013 0.0000000000
41307  13.323  -44.333  49.723 0.0000000000
40147  12.419  -45.420  50.544 0.0000000000
40164  12.995  -44.964  50.557 0.0000000000
40130  14.250  -45.614  52.848 0.0000000000
40131  10.813  -45.580  51.151 0.0000000000
39003  11.206  -45.887  51.058 0.0000000000
38989  8.965  -45.859  51.571 0.0000000000
38990  8.042  -45.398  51.941 0.0000000000
44788  26.191  -41.608  42.455 0.0000000000
43709  25.541  -43.442  43.039 0.0000000000
43739  23.124  -41.725  42.348 0.0000000000
43738  23.441  -41.811  42.283 0.0000000000
43728  23.541  -42.414  42.486 0.0000000000
40224  24.567  -44.460  46.239 0.0000000000
40211  25.726  -45.197  46.964 0.0000000000
40212  24.791  -44.912  46.926 0.0000000000
41381  22.822  -43.691  46.695 0.0000000000
41359  23.284  -43.955  47.005 0.0000000000
41336  23.228  -44.414  47.691 0.0000000000
40157  25.014  -45.410  49.326 0.0000000000
39031  25.585  -45.638  49.267 0.0000000000
37860  25.361  -47.266  51.385 0.0000000000
40054  18.289  -45.438  57.772 0.0000000000
38897  19.112  -45.956  57.805 0.0000000000
38881  19.238  -46.107  58.901 0.0000000000
37808  11.197  -47.679  54.797 0.0000000000
37771  11.348  -46.963  58.017 0.0000000000
38902  11.573  -47.017  57.766 0.0000000000
37759  11.559  -47.094  58.605 0.0000000000
71089  50.522  -17.184  37.875 0.0000000000
71078  50.706  -17.416  38.211 0.0000000000
68898  49.359  -19.517  38.705 0.0000000000
71105  46.316  -17.490  36.499 0.0000000000
69947  46.815  -18.630  38.758 0.0000000000
69962  47.468  -18.357  38.590 0.0000000000
69946  47.582  -18.539  39.095 0.0000000000
71066  47.998  -18.436  39.196 0.0000000000
69930  47.872  -18.774  39.630 0.0000000000
67821  45.703  -20.686  40.653 0.0000000000
66795  46.588  -21.243  40.792 0.0000000000
66794  46.917  -21.172  40.435 0.0000000000
66809  47.642  -20.604  39.687 0.0000000000
67906  40.923  -20.079  35.131 0.0000000000
66863  39.900  -21.997  35.659 0.0000000000
65768  41.706  -22.819  37.539 0.0000000000
66852  42.199  -21.859  37.479 0.0000000000
67867  42.599  -21.248  37.472 0.0000000000
65739  42.293  -23.209  39.380 0.0000000000
64611  42.586  -23.305  40.392 0.0000000000
60854  38.707  -26.786  39.347 0.0000000000
60871  39.189  -26.775  38.645 0.0000000000
60853  39.450  -26.928  39.505 0.0000000000
60852  40.350  -26.844  39.628 0.0000000000
60851  40.827  -26.551  40.007 0.0000000000
62098  40.912  -26.513  39.490 0.0000000000
60792  41.901  -26.597  42.334 0.0000000000
62067  41.736  -25.997  40.600 0.0000000000
57712  34.474  -29.455  38.081 0.0000000000
58713  34.947  -28.951  38.326 0.0000000000
57700  36.235  -29.411  38.883 0.0000000000
55461  36.617  -31.940  40.502 0.0000000000
55482  36.015  -31.387  39.549 0.0000000000
55481  37.017  -31.114  40.093 0.0000000000
56603  38.190  -30.387  40.218 0.0000000000
56604  37.413  -30.261  40.029 0.0000000000
57689  37.900  -29.606  40.169 0.0000000000
57690  37.205  -29.174  39.369 0.0000000000
57677  38.422  -29.082  40.598 0.0000000000
57676  39.128  -29.700  40.830 0.0000000000
57659  41.073  -29.747  42.137 0.0000000000
57660  40.250  -29.301  41.832 0.0000000000
57644  41.235  -29.132  42.899 0.0000000000
57643  42.176  -29.572  43.438 0.0000000000
48321  34.325  -37.613  43.998 0.0000000000
50662  34.767  -36.427  44.739 0.0000000000
50678  34.297  -36.718  44.382 0.0000000000
50663  33.888  -35.816  44.441 0.0000000000
51840  34.513  -35.235  44.507 0.0000000000
53074  35.869  -34.839  44.022 0.0000000000
51857  36.811  -34.768  44.660 0.0000000000
44686  36.740  -40.711  47.273 0.0000000000
44707  36.946  -39.834  47.127 0.0000000000
48238  37.518  -38.552  47.038 0.0000000000
48261  37.242  -38.173  46.579 0.0000000000
48260  37.980  -37.952  46.882 0.0000000000
50626  38.949  -36.454  46.499 0.0000000000
49411  38.964  -37.485  47.091 0.0000000000
49433  38.660  -37.052  46.606 0.0000000000
49451  38.202  -37.009  46.433 0.0000000000
49434  38.294  -36.753  46.331 0.0000000000
50645  38.290  -36.359  45.869 0.0000000000
51855  39.012  -35.064  44.937 0.0000000000
51878  37.469  -34.859  44.112 0.0000000000
53094  39.625  -34.370  43.844 0.0000000000
53093  40.308  -33.657  44.054 0.0000000000
53092  41.008  -33.353  43.935 0.0000000000
51832  42.230  -34.532  45.424 0.0000000000
53068  42.317  -33.663  44.584 0.0000000000
54258  41.396  -32.860  43.430 0.0000000000
54268  42.321  -31.885  43.051 0.0000000000
54256  43.249  -32.073  44.310 0.0000000000
79646  49.305  -9.403  31.456 0.0000000000
77658  44.725  -11.918  32.074 0.0000000000
76663  48.617  -12.431  30.753 0.0000000000
77662  48.669  -11.279  30.835 0.0000000000
76662  49.176  -12.887  30.637 0.0000000000
76669  49.653  -12.610  30.349 0.0000000000
73379  49.461  -14.956  31.446 0.0000000000
74550  49.819  -14.621  30.909 0.0000000000
73378  50.227  -15.044  31.512 0.0000000000
73363  50.605  -15.255  32.222 0.0000000000
74500  49.711  -14.592  34.236 0.0000000000
75622  51.244  -14.495  35.153 0.0000000000
74499  50.707  -14.696  34.191 0.0000000000
75638  51.656  -14.424  34.549 0.0000000000
74517  51.891  -14.536  33.840 0.0000000000
75637  52.512  -14.402  34.540 0.0000000000
75620  52.752  -14.515  34.743 0.0000000000
73289  52.966  -16.006  35.952 0.0000000000
77689  53.103  -11.553  28.358 0.0000000000
77688  54.058  -11.552  27.838 0.0000000000
76694  54.510  -12.670  28.251 0.0000000000
37859  26.280  -47.175  51.174 0.0000000000
59693  39.046  -26.819  44.093 0.0000000000
43707  27.838  -42.667  43.278 0.0000000000
43621  18.443  -42.232  47.525 0.0000000000
42574  19.925  -43.050  46.245 0.0000000000
41361  20.087  -43.386  46.603 0.0000000000
38938  19.534  -45.751  55.326 0.0000000000
38911  20.589  -45.885  56.844 0.0000000000
38925  20.024  -45.878  56.138 0.0000000000
38896  20.279  -46.084  57.629 0.0000000000
73294  48.261  -16.282  36.112 0.0000000000
73295  47.637  -16.315  36.053 0.0000000000
72204  47.761  -16.857  36.382 0.0000000000
71104  47.433  -17.500  36.942 0.0000000000
66796  44.328  -21.240  40.453 0.0000000000
65701  44.077  -23.124  41.553 0.0000000000
63476  39.235  -25.370  36.569 0.0000000000
54297  34.788  -33.722  41.411 0.0000000000
54296  35.881  -33.365  41.718 0.0000000000
54273  37.697  -34.062  42.150 0.0000000000
44750  34.917  -40.351  44.772 0.0000000000
45892  35.812  -39.757  45.542 0.0000000000
74503  46.170  -15.291  34.031 0.0000000000
74502  47.406  -14.996  34.182 0.0000000000
75699  51.587  -12.936  29.413 0.0000000000
75688  51.821  -13.663  29.702 0.0000000000
75689  51.272  -13.343  29.758 0.0000000000
75690  50.302  -13.388  30.223 0.0000000000
41233  16.100  -44.940  55.589 0.0000000000
41225  16.401  -45.265  56.209 0.0000000000
40080  15.929  -45.162  56.239 0.0000000000
40057  15.537  -44.916  58.338 0.0000000000
40059  13.813  -45.443  58.521 0.0000000000
40044  14.137  -45.166  59.306 0.0000000000
72208  43.851  -17.446  35.048 0.0000000000
69990  42.675  -18.305  35.258 0.0000000000
60835  37.873  -26.577  39.855 0.0000000000
63344  39.273  -25.073  45.269 0.0000000000
72246  43.465  -16.235  33.511 0.0000000000
36682  8.741  -47.124  53.124 0.0000000000
36683  8.305  -47.080  53.110 0.0000000000
63501  34.816  -24.731  35.485 0.0000000000
60875  35.489  -26.425  37.478 0.0000000000
62102  34.927  -26.985  38.749 0.0000000000
60837  35.350  -27.578  39.213 0.0000000000
60814  36.453  -27.290  40.627 0.0000000000
59731  36.679  -27.335  40.792 0.0000000000
58647  37.671  -27.829  41.158 0.0000000000
58646  38.306  -28.204  41.313 0.0000000000
45981  30.579  -39.566  41.757 0.0000000000
43704  30.617  -41.671  43.771 0.0000000000
43721  30.483  -41.530  43.237 0.0000000000
43702  32.936  -41.489  44.064 0.0000000000
43668  33.038  -42.549  45.186 0.0000000000
40219  29.390  -45.099  45.915 0.0000000000
38997  23.856  -46.063  51.047 0.0000000000
41302  19.929  -44.645  50.274 0.0000000000
40142  20.209  -45.015  51.159 0.0000000000
40125  20.009  -45.269  51.944 0.0000000000
40126  19.289  -44.911  52.228 0.0000000000
41275  18.168  -44.254  52.451 0.0000000000
44695  16.507  -41.650  47.855 0.0000000000
42535  15.110  -43.136  47.627 0.0000000000
42514  15.787  -43.182  48.200 0.0000000000
42498  16.243  -43.156  49.660 0.0000000000
42484  16.601  -43.435  50.551 0.0000000000
41287  16.273  -43.701  50.565 0.0000000000
42470  16.410  -43.803  51.076 0.0000000000
41278  16.302  -44.163  51.675 0.0000000000
41265  16.310  -44.358  52.654 0.0000000000
41292  11.951  -44.878  50.438 0.0000000000
40166  10.650  -44.655  50.747 0.0000000000
43711  23.247  -42.969  43.242 0.0000000000
42570  24.394  -43.574  45.336 0.0000000000
41379  24.228  -43.740  45.990 0.0000000000
40225  24.199  -44.187  46.419 0.0000000000
41318  23.081  -44.797  48.234 0.0000000000
40179  23.524  -44.901  48.837 0.0000000000
37782  10.731  -48.253  55.561 0.0000000000
37781  11.201  -47.774  56.430 0.0000000000
69927  49.993  -18.367  39.400 0.0000000000
67862  48.533  -20.245  38.940 0.0000000000
66845  48.028  -20.631  38.771 0.0000000000
71094  45.667  -17.947  37.463 0.0000000000
65699  46.157  -21.811  41.490 0.0000000000
67804  46.061  -21.286  41.377 0.0000000000
64662  40.670  -23.756  36.527 0.0000000000
64661  41.240  -23.269  36.900 0.0000000000
62068  39.097  -26.357  40.774 0.0000000000
60813  40.063  -26.542  41.083 0.0000000000
60812  40.699  -26.621  41.393 0.0000000000
56627  34.019  -29.809  38.067 0.0000000000
55479  38.537  -30.952  40.197 0.0000000000
56592  39.544  -30.638  40.815 0.0000000000
56591  40.259  -30.727  41.288 0.0000000000
56570  40.977  -30.629  41.757 0.0000000000
56569  41.600  -30.582  42.387 0.0000000000
48299  34.886  -37.667  45.247 0.0000000000
45857  37.301  -39.386  47.243 0.0000000000
45856  37.830  -39.377  47.846 0.0000000000
47039  38.291  -38.972  48.148 0.0000000000
47055  38.094  -38.740  47.740 0.0000000000
50644  39.157  -35.947  46.066 0.0000000000
53071  39.394  -34.921  44.339 0.0000000000
51854  39.896  -34.919  44.965 0.0000000000
75670  46.220  -13.458  32.000 0.0000000000
76658  46.379  -12.505  31.603 0.0000000000
76664  47.792  -12.634  31.152 0.0000000000
75679  48.405  -13.392  31.045 0.0000000000
73380  48.883  -14.804  31.523 0.0000000000
73365  49.188  -15.156  31.957 0.0000000000
75624  49.636  -14.515  35.106 0.0000000000
75623  50.307  -14.498  35.170 0.0000000000
74482  52.592  -14.910  35.126 0.0000000000
76674  55.182  -13.252  28.683 0.0000000000
76672  55.794  -13.429  28.547 0.0000000000
74534  54.240  -15.436  32.022 0.0000000000
74495  54.850  -15.585  32.723 0.0000000000
40092  14.225  -45.358  55.754 0.0000000000
38939  13.882  -45.537  55.251 0.0000000000
40093  13.754  -45.531  56.310 0.0000000000
40083  13.748  -45.710  57.019 0.0000000000
38926  13.371  -45.936  56.423 0.0000000000
40072  13.452  -45.715  57.825 0.0000000000
40060  13.150  -45.614  58.598 0.0000000000
40046  13.010  -45.514  59.069 0.0000000000
71138  41.700  -17.157  34.342 0.0000000000
63395  37.098  -26.075  41.924 0.0000000000
61993  38.308  -25.971  43.802 0.0000000000
61974  38.462  -25.844  44.706 0.0000000000
60752  38.770  -26.460  44.636 0.0000000000
60732  39.063  -26.237  45.204 0.0000000000
61973  38.852  -25.677  45.145 0.0000000000
59752  34.882  -27.827  38.982 0.0000000000
58679  34.916  -28.055  38.956 0.0000000000
43705  29.737  -41.990  43.579 0.0000000000
40160  21.973  -45.182  50.075 0.0000000000
40181  21.635  -44.856  49.394 0.0000000000
41301  20.504  -44.645  49.689 0.0000000000
41321  20.237  -44.146  49.284 0.0000000000
42496  18.518  -43.269  50.118 0.0000000000
42536  14.253  -43.042  47.693 0.0000000000
41343  13.009  -43.424  48.303 0.0000000000
41337  22.301  -44.491  48.173 0.0000000000
73284  50.285  -16.462  36.840 0.0000000000
72193  50.012  -17.132  37.618 0.0000000000
71079  49.905  -17.458  38.417 0.0000000000
71064  49.440  -17.906  39.133 0.0000000000
71048  49.168  -18.325  39.466 0.0000000000
69917  48.820  -18.797  39.635 0.0000000000
68901  44.959  -19.329  38.666 0.0000000000
68879  45.562  -19.538  39.540 0.0000000000
67840  45.354  -20.366  40.110 0.0000000000
67806  45.189  -21.192  41.167 0.0000000000
65786  39.015  -22.129  34.580 0.0000000000
64641  40.867  -24.546  37.850 0.0000000000
63454  41.044  -25.052  38.146 0.0000000000
63358  40.517  -25.197  44.115 0.0000000000
55484  33.733  -31.821  39.764 0.0000000000
55499  34.117  -31.438  38.866 0.0000000000
54314  38.174  -32.376  41.204 0.0000000000
48284  34.921  -38.256  45.197 0.0000000000
49436  36.526  -37.498  45.943 0.0000000000
75671  45.589  -13.913  32.361 0.0000000000
74554  47.208  -14.430  31.971 0.0000000000
74539  47.678  -15.012  32.468 0.0000000000
74501  48.796  -14.617  34.520 0.0000000000
75625  49.269  -14.537  34.961 0.0000000000
76696  52.778  -12.363  28.629 0.0000000000
75716  53.783  -13.289  28.541 0.0000000000
75686  54.588  -14.292  30.191 0.0000000000
74558  54.014  -14.285  30.351 0.0000000000
74546  54.113  -14.933  30.760 0.0000000000
74571  52.534  -14.178  29.694 0.0000000000
74547  53.591  -15.332  31.385 0.0000000000
73375  52.961  -15.465  32.065 0.0000000000
41391  27.321  -43.690  45.110 0.0000000000
39028  28.833  -46.445  49.063 0.0000000000
37888  29.253  -47.032  49.508 0.0000000000
45900  18.248  -40.695  46.433 0.0000000000
41230  18.036  -45.108  56.261 0.0000000000
40079  18.023  -45.110  56.692 0.0000000000
40067  17.745  -45.196  57.245 0.0000000000
40068  16.992  -45.106  57.439 0.0000000000
38899  18.053  -45.683  59.018 0.0000000000
38883  17.812  -45.721  59.519 0.0000000000
40070  14.965  -45.390  57.424 0.0000000000
40043  15.010  -44.718  59.384 0.0000000000
71120  45.511  -16.922  35.661 0.0000000000
69965  45.045  -18.443  37.692 0.0000000000
73299  43.271  -17.568  34.421 0.0000000000
72219  43.375  -17.712  34.963 0.0000000000
69989  43.345  -18.134  35.520 0.0000000000
68880  44.563  -19.903  39.099 0.0000000000
67842  43.939  -20.553  39.448 0.0000000000
67865  43.674  -20.367  38.622 0.0000000000
66797  43.750  -21.359  40.149 0.0000000000
65712  43.358  -22.322  40.762 0.0000000000
60872  38.407  -26.792  38.494 0.0000000000
62070  38.082  -26.339  40.490 0.0000000000
62069  38.607  -26.315  40.652 0.0000000000
63391  39.444  -25.513  42.137 0.0000000000
63374  38.735  -24.806  43.156 0.0000000000
63359  40.040  -24.667  43.960 0.0000000000
63342  40.828  -24.969  44.802 0.0000000000
43641  35.785  -41.566  46.707 0.0000000000
74524  44.393  -15.171  33.204 0.0000000000
74525  43.282  -14.992  33.340 0.0000000000
74505  44.931  -15.549  33.703 0.0000000000
73330  45.238  -15.625  34.226 0.0000000000
77660  50.290  -10.824  30.730 0.0000000000
37836  10.477  -47.356  53.202 0.0000000000
37809  10.073  -47.627  54.390 0.0000000000
37810  9.392  -47.453  53.897 0.0000000000
37796  10.628  -48.207  54.848 0.0000000000
37823  7.295  -47.153  53.273 0.0000000000
36637  8.868  -48.414  54.951 0.0000000000
36620  9.715  -48.836  55.276 0.0000000000
64674  37.620  -23.176  35.186 0.0000000000
62196  37.573  -25.835  35.976 0.0000000000
60874  37.221  -26.786  38.665 0.0000000000
63422  37.180  -26.465  40.481 0.0000000000
63423  36.973  -26.527  40.534 0.0000000000
60887  34.476  -26.156  37.172 0.0000000000
60876  35.054  -26.363  37.838 0.0000000000
62101  35.513  -26.794  38.739 0.0000000000
63410  37.076  -26.406  41.256 0.0000000000
62013  37.084  -26.304  42.015 0.0000000000
60776  37.621  -26.655  42.460 0.0000000000
59714  37.515  -27.033  42.003 0.0000000000
58619  39.003  -27.466  43.466 0.0000000000
58618  39.730  -27.807  43.674 0.0000000000
47176  32.260  -38.309  42.547 0.0000000000
44802  30.906  -40.052  42.351 0.0000000000
44769  30.758  -41.508  43.268 0.0000000000
45920  34.006  -39.908  44.272 0.0000000000
43701  33.617  -41.245  44.176 0.0000000000
41389  29.494  -43.758  45.135 0.0000000000
37833  23.787  -47.068  53.486 0.0000000000
37819  22.550  -47.066  54.198 0.0000000000
38983  21.942  -45.784  52.125 0.0000000000
39000  21.127  -45.388  51.449 0.0000000000
38964  22.003  -46.387  53.070 0.0000000000
38949  21.871  -46.877  54.048 0.0000000000
38935  22.083  -46.886  54.735 0.0000000000
40100  19.529  -45.461  53.557 0.0000000000
41251  18.212  -45.075  55.136 0.0000000000
44714  18.554  -41.359  47.010 0.0000000000
44670  18.100  -41.804  47.960 0.0000000000
43594  18.392  -42.308  48.832 0.0000000000
43622  16.016  -41.459  47.206 0.0000000000
43598  16.335  -42.674  48.355 0.0000000000
44673  16.660  -42.021  48.675 0.0000000000
42497  18.112  -43.125  50.372 0.0000000000
42482  17.997  -43.794  50.572 0.0000000000
42468  17.192  -43.706  51.404 0.0000000000
41262  17.836  -44.566  53.747 0.0000000000
41243  16.751  -44.777  54.913 0.0000000000
40090  15.486  -44.910  54.699 0.0000000000
40104  14.963  -45.071  54.412 0.0000000000
40163  13.305  -44.722  50.383 0.0000000000
40117  14.368  -45.554  54.027 0.0000000000
38967  13.535  -45.976  53.625 0.0000000000
38968  12.600  -46.321  53.238 0.0000000000
37849  8.208  -46.211  52.097 0.0000000000
37850  7.750  -46.161  52.231 0.0000000000
44790  24.212  -42.252  42.242 0.0000000000
44770  24.741  -43.024  42.398 0.0000000000
43710  24.221  -43.373  42.820 0.0000000000
41377  25.819  -44.614  45.337 0.0000000000
41378  24.907  -44.257  45.393 0.0000000000
41380  23.367  -43.680  46.295 0.0000000000
41358  23.825  -44.076  46.620 0.0000000000
40176  25.996  -45.682  48.763 0.0000000000
38915  11.940  -47.288  57.215 0.0000000000
38885  12.151  -46.456  59.182 0.0000000000
72180  51.199  -17.289  37.689 0.0000000000
71077  51.355  -17.647  37.896 0.0000000000
71092  47.727  -17.936  37.997 0.0000000000
69929  48.500  -18.663  39.603 0.0000000000
68878  46.700  -19.412  39.649 0.0000000000
67820  46.498  -20.801  40.692 0.0000000000
68862  47.398  -19.648  39.933 0.0000000000
68861  48.054  -19.202  40.124 0.0000000000
67818  48.373  -19.625  39.821 0.0000000000
67838  48.192  -20.189  39.647 0.0000000000
66871  40.168  -21.361  35.544 0.0000000000
67898  40.620  -21.037  35.690 0.0000000000
66833  42.603  -21.600  37.966 0.0000000000
66832  42.657  -21.838  38.610 0.0000000000
65752  42.295  -22.460  38.389 0.0000000000
65723  43.035  -22.504  40.444 0.0000000000
64600  43.246  -23.253  40.875 0.0000000000
60870  40.019  -27.044  38.757 0.0000000000
62128  41.421  -25.656  39.313 0.0000000000
62010  40.731  -26.254  43.259 0.0000000000
60774  41.435  -26.598  42.974 0.0000000000
60830  41.158  -26.560  40.591 0.0000000000
64612  42.037  -24.298  40.709 0.0000000000
64602  42.050  -24.523  41.298 0.0000000000
64601  42.588  -23.984  41.396 0.0000000000
64592  43.030  -24.012  41.695 0.0000000000
58696  34.175  -28.135  38.696 0.0000000000
58695  34.890  -28.459  38.696 0.0000000000
58678  35.507  -28.252  39.234 0.0000000000
55498  35.193  -31.156  38.950 0.0000000000
55497  35.805  -30.996  39.017 0.0000000000
56615  35.765  -30.350  38.845 0.0000000000
56605  36.618  -30.376  39.330 0.0000000000
56614  36.293  -29.960  39.070 0.0000000000
57691  36.607  -28.893  39.067 0.0000000000
58677  36.456  -28.403  39.515 0.0000000000
58662  37.427  -28.167  40.245 0.0000000000
58661  38.037  -28.558  40.544 0.0000000000
58645  39.185  -28.656  41.894 0.0000000000
57661  39.560  -29.141  41.419 0.0000000000
58644  39.687  -28.985  41.978 0.0000000000
58630  39.853  -28.791  42.682 0.0000000000
47158  34.351  -38.157  43.747 0.0000000000
53076  33.843  -34.648  44.139 0.0000000000
53075  34.823  -34.801  44.081 0.0000000000
53097  36.041  -34.695  43.522 0.0000000000
47069  36.662  -38.809  46.454 0.0000000000
49435  36.824  -37.681  46.163 0.0000000000
48236  38.770  -38.270  47.616 0.0000000000
49410  39.413  -37.516  47.339 0.0000000000
48281  37.476  -37.544  46.421 0.0000000000
51879  36.998  -34.299  44.271 0.0000000000
53112  38.128  -34.583  42.659 0.0000000000
54261  39.227  -34.342  43.264 0.0000000000
54271  39.815  -33.060  42.696 0.0000000000
54270  40.795  -32.705  42.666 0.0000000000
51833  41.254  -34.947  45.426 0.0000000000
53059  42.857  -33.929  45.157 0.0000000000
54291  40.936  -31.964  42.325 0.0000000000
54290  41.334  -31.864  42.404 0.0000000000
55429  42.082  -31.349  42.654 0.0000000000
56550  42.341  -30.494  42.879 0.0000000000
56549  42.920  -30.417  43.644 0.0000000000
74562  50.132  -14.105  30.583 0.0000000000
74563  49.635  -14.123  30.743 0.0000000000
74549  50.615  -14.650  30.922 0.0000000000
73361  52.264  -15.346  32.647 0.0000000000
74537  49.351  -15.171  32.443 0.0000000000
74518  51.060  -14.874  33.632 0.0000000000
73345  51.658  -15.091  33.196 0.0000000000
73344  52.390  -14.975  33.419 0.0000000000
73343  52.790  -14.964  33.532 0.0000000000
75656  52.781  -14.566  34.013 0.0000000000
75619  53.089  -14.839  34.350 0.0000000000
73305  53.044  -15.463  35.293 0.0000000000
38882  18.558  -45.859  59.371 0.0000000000
38923  21.270  -46.463  55.791 0.0000000000
40053  18.648  -45.444  57.432 0.0000000000
40078  18.337  -45.200  56.436 0.0000000000
41234  15.623  -44.947  55.294 0.0000000000
41240  18.233  -45.128  55.554 0.0000000000
41362  19.867  -43.294  46.468 0.0000000000
41370  33.486  -43.619  45.851 0.0000000000
41383  20.184  -43.259  46.351 0.0000000000
42485  16.356  -43.744  50.842 0.0000000000
42499  15.790  -43.284  49.041 0.0000000000
43558  17.308  -43.483  50.749 0.0000000000
43625  13.877  -42.505  47.581 0.0000000000
43735  28.872  -41.088  42.531 0.0000000000
44674  16.488  -42.324  48.621 0.0000000000
44716  17.011  -40.747  47.194 0.0000000000
44771  24.294  -42.932  42.458 0.0000000000
44791  23.651  -41.936  42.231 0.0000000000
44800  32.125  -39.410  42.518 0.0000000000
44809  23.504  -41.228  42.039 0.0000000000
48280  38.113  -37.389  46.540 0.0000000000
48351  34.093  -37.872  43.484 0.0000000000
50649  34.334  -35.389  44.513 0.0000000000
53129  38.292  -32.707  41.476 0.0000000000
53137  38.609  -32.440  41.694 0.0000000000
53138  38.437  -32.470  41.519 0.0000000000
54313  38.601  -32.178  41.541 0.0000000000
56593  38.874  -30.519  40.387 0.0000000000
56628  33.451  -30.025  38.108 0.0000000000
57675  39.889  -29.911  41.278 0.0000000000
58629  40.536  -28.971  42.900 0.0000000000
58676  37.099  -28.506  39.588 0.0000000000
58693  36.261  -28.818  38.956 0.0000000000
59692  39.723  -27.249  44.344 0.0000000000
59743  35.932  -27.650  39.967 0.0000000000
60712  39.505  -25.760  45.757 0.0000000000
60731  40.016  -26.548  45.273 0.0000000000
60733  38.490  -26.047  45.000 0.0000000000
60815  36.102  -27.308  40.206 0.0000000000
60816  35.785  -27.366  39.630 0.0000000000
62012  37.298  -26.315  42.235 0.0000000000
62028  37.128  -26.454  41.888 0.0000000000
62046  40.096  -26.314  41.598 0.0000000000
62075  35.070  -27.308  38.855 0.0000000000
63376  37.399  -25.940  42.403 0.0000000000
63377  37.159  -26.093  42.153 0.0000000000
63411  36.774  -26.695  40.864 0.0000000000
64581  39.773  -24.665  43.970 0.0000000000
64652  41.045  -23.584  37.358 0.0000000000
65698  46.378  -21.751  41.368 0.0000000000
65707  46.792  -21.804  41.074 0.0000000000
65722  43.353  -22.734  40.720 0.0000000000
66770  46.197  -21.593  41.445 0.0000000000
66771  45.913  -21.647  41.549 0.0000000000
66781  46.390  -21.389  41.145 0.0000000000
66785  43.214  -22.136  40.632 0.0000000000
67789  46.081  -21.438  41.460 0.0000000000
67790  45.995  -21.419  41.515 0.0000000000
67817  48.621  -19.439  39.726 0.0000000000
69931  47.145  -18.954  39.319 0.0000000000
69949  45.290  -18.865  38.284 0.0000000000
69963  47.039  -18.433  38.129 0.0000000000
71047  49.670  -18.072  39.451 0.0000000000
71049  48.816  -18.504  39.521 0.0000000000
71083  45.802  -18.310  38.097 0.0000000000
71090  50.327  -17.313  38.068 0.0000000000
71103  48.069  -17.268  36.805 0.0000000000
72179  51.364  -17.400  37.549 0.0000000000
72181  49.852  -17.358  38.061 0.0000000000
72209  43.485  -17.579  34.657 0.0000000000
72234  43.311  -16.450  33.555 0.0000000000
72247  43.122  -16.139  33.547 0.0000000000
73285  49.826  -16.600  36.983 0.0000000000
73308  50.289  -15.188  35.539 0.0000000000
73346  50.811  -15.236  32.934 0.0000000000
73364  49.825  -15.263  32.217 0.0000000000
73366  47.459  -15.186  32.923 0.0000000000
74515  52.930  -14.940  33.324 0.0000000000
74516  52.584  -14.649  33.809 0.0000000000
75633  54.661  -15.537  32.735 0.0000000000
75636  52.922  -14.638  34.242 0.0000000000
75641  49.462  -14.473  34.846 0.0000000000
75654  53.827  -15.246  33.077 0.0000000000
75714  55.907  -13.849  28.521 0.0000000000
76670  49.131  -12.471  30.478 0.0000000000
76673  55.616  -13.331  28.602 0.0000000000
