#!ascii label  , from subject sub-01 vox2ras=TkReg
1422
62087  52.232  -25.397  39.682 0.0000000000
43733  35.061  -41.411  42.709 0.0000000000
37914  23.056  -46.397  45.643 0.0000000000
36732  18.762  -47.427  49.738 0.0000000000
34431  32.345  -48.744  47.527 0.0000000000
40268  27.282  -44.696  40.927 0.0000000000
58707  50.257  -28.161  38.834 0.0000000000
65766  43.863  -22.632  37.352 0.0000000000
55413  45.794  -31.199  44.633 0.0000000000
51937  38.225  -34.315  39.840 0.0000000000
48427  29.865  -37.495  37.168 0.0000000000
34413  25.360  -48.416  50.037 0.0000000000
36743  20.446  -47.084  48.222 0.0000000000
34359  23.199  -49.232  52.558 0.0000000000
35626  27.965  -47.998  46.548 0.0000000000
58579  48.215  -27.521  48.166 0.0000000000
41368  37.334  -43.185  46.311 0.0000000000
43696  40.162  -40.104  45.631 0.0000000000
49509  41.043  -36.739  43.603 0.0000000000
47184  37.052  -37.950  41.892 0.0000000000
49576  34.202  -36.064  38.702 0.0000000000
46006  32.730  -40.061  40.380 0.0000000000
39149  22.494  -45.282  38.333 0.0000000000
42648  24.150  -42.354  37.034 0.0000000000
62159  47.280  -26.009  37.356 0.0000000000
62261  46.104  -25.425  34.043 0.0000000000
40260  21.344  -44.807  41.032 0.0000000000
39093  18.430  -45.555  43.417 0.0000000000
37939  33.606  -46.250  44.535 0.0000000000
41416  31.977  -43.503  41.284 0.0000000000
37954  29.725  -46.016  43.619 0.0000000000
36822  25.726  -46.549  42.661 0.0000000000
59748  53.478  -27.071  40.580 0.0000000000
34298  21.339  -48.678  56.599 0.0000000000
36692  17.369  -47.152  52.485 0.0000000000
60826  45.776  -26.926  40.276 0.0000000000
63386  50.308  -25.119  44.024 0.0000000000
59684  51.239  -26.636  44.399 0.0000000000
58660  47.836  -28.675  42.017 0.0000000000
57710  44.375  -29.469  38.573 0.0000000000
51876  45.686  -34.343  44.526 0.0000000000
53134  43.744  -33.393  40.826 0.0000000000
55527  40.363  -31.108  37.072 0.0000000000
54385  35.957  -32.255  36.434 0.0000000000
44831  29.344  -41.042  39.038 0.0000000000
35551  25.397  -48.459  51.342 0.0000000000
34399  24.074  -48.393  51.057 0.0000000000
35519  25.126  -48.449  53.254 0.0000000000
34395  27.442  -49.280  50.087 0.0000000000
41399  36.882  -43.067  45.237 0.0000000000
43718  37.475  -40.784  44.240 0.0000000000
45964  37.651  -39.115  43.930 0.0000000000
45977  36.206  -39.781  42.567 0.0000000000
47187  34.691  -39.106  41.088 0.0000000000
43747  34.028  -40.909  41.164 0.0000000000
39162  20.795  -45.485  37.630 0.0000000000
40303  21.836  -44.791  36.239 0.0000000000
62120  50.027  -25.915  38.591 0.0000000000
62189  49.352  -25.957  36.709 0.0000000000
62118  52.164  -25.397  38.477 0.0000000000
37960  22.346  -45.729  43.516 0.0000000000
39107  19.565  -45.175  41.973 0.0000000000
37944  20.619  -45.568  44.853 0.0000000000
36731  19.608  -47.457  49.262 0.0000000000
37908  18.402  -46.481  47.230 0.0000000000
36759  17.089  -46.925  47.501 0.0000000000
36747  16.472  -47.157  48.748 0.0000000000
37913  35.134  -46.583  46.279 0.0000000000
36779  33.316  -47.556  45.397 0.0000000000
37952  31.710  -46.402  43.570 0.0000000000
35649  31.382  -47.696  45.226 0.0000000000
36766  25.721  -47.642  45.934 0.0000000000
35655  26.555  -47.510  43.944 0.0000000000
36784  24.257  -47.174  44.339 0.0000000000
37975  23.511  -45.603  42.247 0.0000000000
58687  52.410  -28.269  39.541 0.0000000000
58703  53.961  -28.147  38.648 0.0000000000
58740  52.259  -27.909  37.413 0.0000000000
36663  15.924  -47.040  54.555 0.0000000000
63335  52.186  -24.878  44.929 0.0000000000
63314  51.002  -24.924  46.813 0.0000000000
57581  47.096  -29.328  46.935 0.0000000000
59688  47.755  -27.728  44.510 0.0000000000
57656  46.451  -29.253  43.015 0.0000000000
57685  46.341  -29.049  40.740 0.0000000000
57673  44.694  -30.166  41.421 0.0000000000
50737  39.819  -35.528  41.687 0.0000000000
51903  42.694  -34.619  42.202 0.0000000000
53146  40.768  -33.587  40.293 0.0000000000
54360  41.745  -32.340  38.904 0.0000000000
54363  39.402  -32.691  38.291 0.0000000000
54383  37.853  -31.917  36.915 0.0000000000
53167  37.244  -33.661  38.556 0.0000000000
51962  32.892  -34.818  37.228 0.0000000000
41418  29.764  -44.077  41.316 0.0000000000
42629  30.618  -42.127  39.837 0.0000000000
42631  28.793  -42.590  39.973 0.0000000000
44861  25.109  -40.674  36.395 0.0000000000
68935  45.596  -19.635  35.727 0.0000000000
66870  43.569  -21.915  35.802 0.0000000000
35599  24.325  -47.505  48.151 0.0000000000
36770  22.028  -46.530  46.756 0.0000000000
35600  23.102  -47.554  48.637 0.0000000000
35570  22.394  -48.129  50.306 0.0000000000
35554  21.433  -48.483  51.676 0.0000000000
32096  31.017  -49.588  48.865 0.0000000000
35624  29.993  -48.366  46.826 0.0000000000
34423  28.241  -48.938  48.456 0.0000000000
35597  26.478  -48.561  48.005 0.0000000000
63266  49.058  -25.419  48.602 0.0000000000
55383  47.212  -31.191  46.999 0.0000000000
47129  40.450  -38.482  44.650 0.0000000000
48373  38.678  -37.351  42.615 0.0000000000
49565  37.679  -36.158  40.804 0.0000000000
51939  36.540  -34.708  39.563 0.0000000000
49567  35.820  -36.942  40.507 0.0000000000
48415  33.135  -37.531  39.177 0.0000000000
47213  31.488  -38.593  38.668 0.0000000000
39138  24.914  -45.094  39.547 0.0000000000
42634  25.801  -43.230  39.386 0.0000000000
41438  23.778  -43.807  38.083 0.0000000000
63472  44.454  -25.443  37.292 0.0000000000
63514  44.688  -24.907  35.737 0.0000000000
62220  46.763  -25.393  36.197 0.0000000000
37918  19.356  -45.785  46.237 0.0000000000
39073  35.992  -44.890  44.737 0.0000000000
40238  34.896  -43.873  44.153 0.0000000000
42613  33.238  -43.145  42.433 0.0000000000
40244  32.564  -44.410  42.598 0.0000000000
39099  30.858  -45.489  42.589 0.0000000000
39115  28.778  -44.924  42.366 0.0000000000
35652  28.566  -47.640  44.915 0.0000000000
36819  27.409  -47.038  42.862 0.0000000000
37981  26.314  -46.163  41.452 0.0000000000
37991  24.460  -45.914  40.380 0.0000000000
40278  21.585  -44.863  39.683 0.0000000000
62059  53.341  -25.396  40.932 0.0000000000
63433  54.592  -24.704  39.060 0.0000000000
60866  54.703  -26.122  38.905 0.0000000000
34326  22.538  -49.526  54.563 0.0000000000
34348  20.624  -48.536  53.621 0.0000000000
35495  20.170  -47.902  54.969 0.0000000000
36704  18.155  -47.450  51.336 0.0000000000
62096  43.669  -25.218  39.057 0.0000000000
60846  46.574  -26.299  39.296 0.0000000000
62063  49.243  -26.062  40.595 0.0000000000
62038  51.900  -25.313  41.900 0.0000000000
63367  53.348  -24.844  42.833 0.0000000000
59724  52.413  -27.056  42.419 0.0000000000
58657  50.739  -27.726  41.750 0.0000000000
60706  49.883  -26.545  46.556 0.0000000000
59727  49.445  -27.520  42.860 0.0000000000
58673  49.106  -28.311  40.737 0.0000000000
58710  46.957  -28.527  38.568 0.0000000000
58733  45.096  -28.724  37.367 0.0000000000
53090  46.233  -32.947  44.092 0.0000000000
50698  43.806  -36.024  43.487 0.0000000000
51912  44.810  -34.051  42.188 0.0000000000
54311  44.962  -32.551  41.702 0.0000000000
55494  43.460  -31.555  39.689 0.0000000000
56635  42.102  -30.686  37.640 0.0000000000
51960  34.812  -33.981  37.733 0.0000000000
43749  32.518  -41.683  40.608 0.0000000000
44829  31.110  -40.847  39.335 0.0000000000
46014  30.086  -39.564  38.151 0.0000000000
43767  26.891  -41.551  38.778 0.0000000000
44850  27.361  -40.144  37.619 0.0000000000
35533  25.072  -48.426  52.214 0.0000000000
35518  25.305  -47.938  52.520 0.0000000000
42606  35.481  -42.310  43.693 0.0000000000
43700  36.797  -41.774  44.728 0.0000000000
43720  35.811  -41.347  43.556 0.0000000000
44781  36.715  -40.259  43.581 0.0000000000
44799  35.866  -40.472  42.919 0.0000000000
44815  34.763  -40.450  41.838 0.0000000000
43741  34.766  -40.949  42.146 0.0000000000
62088  50.765  -25.528  39.655 0.0000000000
62119  51.109  -25.415  38.588 0.0000000000
62086  52.863  -25.469  39.067 0.0000000000
37929  22.477  -45.981  45.076 0.0000000000
37943  21.617  -45.646  44.273 0.0000000000
37915  22.253  -46.146  46.013 0.0000000000
35589  19.798  -47.684  50.139 0.0000000000
36745  18.715  -47.154  48.669 0.0000000000
36746  17.615  -47.008  48.507 0.0000000000
36760  16.520  -47.163  47.714 0.0000000000
36733  17.470  -47.146  49.683 0.0000000000
34407  33.214  -49.222  49.232 0.0000000000
34418  33.843  -48.765  47.966 0.0000000000
34452  34.026  -48.375  46.515 0.0000000000
35622  32.744  -48.291  46.353 0.0000000000
35648  32.237  -47.736  45.356 0.0000000000
34455  31.799  -48.420  46.360 0.0000000000
36768  24.001  -47.046  45.739 0.0000000000
36783  25.046  -47.448  44.857 0.0000000000
37928  23.425  -46.513  44.788 0.0000000000
37941  23.975  -46.235  43.876 0.0000000000
58706  51.426  -28.094  38.912 0.0000000000
58705  52.146  -28.413  38.751 0.0000000000
59783  51.063  -27.847  37.283 0.0000000000
63340  47.899  -25.132  46.414 0.0000000000
63338  49.877  -24.919  45.780 0.0000000000
63316  49.020  -25.170  46.920 0.0000000000
56519  46.547  -30.270  46.039 0.0000000000
57618  46.102  -28.865  44.847 0.0000000000
57619  45.926  -29.400  44.342 0.0000000000
57657  45.726  -29.730  42.803 0.0000000000
56548  45.531  -30.334  43.495 0.0000000000
51925  39.236  -34.530  40.670 0.0000000000
51924  40.222  -34.273  40.742 0.0000000000
53147  39.754  -33.794  40.219 0.0000000000
53156  40.290  -33.128  39.509 0.0000000000
53157  39.051  -33.704  39.522 0.0000000000
53166  38.547  -33.170  38.452 0.0000000000
53158  37.911  -33.754  39.261 0.0000000000
40267  28.310  -44.551  41.028 0.0000000000
42624  28.497  -43.344  40.479 0.0000000000
42625  27.810  -43.523  40.488 0.0000000000
67895  44.654  -20.663  36.711 0.0000000000
66860  43.779  -21.907  36.820 0.0000000000
35584  25.044  -48.122  49.336 0.0000000000
36740  23.328  -46.907  48.063 0.0000000000
35568  24.359  -47.868  50.000 0.0000000000
34378  23.383  -48.702  51.485 0.0000000000
35552  22.896  -48.374  50.863 0.0000000000
35553  22.311  -48.630  51.083 0.0000000000
35571  21.440  -48.251  50.473 0.0000000000
34379  22.407  -48.950  51.966 0.0000000000
33194  30.158  -49.584  49.739 0.0000000000
33208  29.895  -49.301  49.034 0.0000000000
33196  29.067  -49.652  49.520 0.0000000000
34396  26.531  -48.779  50.242 0.0000000000
34411  26.931  -48.980  49.220 0.0000000000
35583  26.097  -48.525  48.816 0.0000000000
35598  25.514  -48.214  48.046 0.0000000000
43681  39.024  -41.405  45.846 0.0000000000
43680  40.108  -40.817  46.099 0.0000000000
43695  40.690  -39.826  45.718 0.0000000000
45944  41.312  -38.598  45.354 0.0000000000
45946  39.922  -39.031  45.023 0.0000000000
47174  37.434  -38.449  42.536 0.0000000000
47173  38.389  -38.012  42.877 0.0000000000
48374  38.066  -37.677  42.405 0.0000000000
49552  38.372  -36.372  41.617 0.0000000000
49553  37.213  -36.636  41.390 0.0000000000
49566  36.569  -36.452  40.668 0.0000000000
48408  36.037  -37.255  40.847 0.0000000000
46004  34.259  -39.565  40.833 0.0000000000
47206  34.153  -38.265  40.270 0.0000000000
47207  33.483  -38.458  39.928 0.0000000000
48416  32.571  -37.991  38.910 0.0000000000
47209  32.020  -38.853  39.278 0.0000000000
39139  24.230  -45.317  39.327 0.0000000000
40283  24.328  -44.589  38.901 0.0000000000
39148  23.420  -45.097  38.307 0.0000000000
63470  46.101  -25.498  37.170 0.0000000000
63512  46.145  -25.323  36.497 0.0000000000
62192  46.745  -25.437  36.891 0.0000000000
62217  49.458  -25.935  35.788 0.0000000000
39133  20.441  -45.236  39.974 0.0000000000
39134  19.682  -45.529  40.224 0.0000000000
36756  21.711  -46.694  47.511 0.0000000000
37917  20.553  -45.890  46.437 0.0000000000
37906  19.986  -46.173  46.870 0.0000000000
37934  17.277  -46.479  45.376 0.0000000000
37933  17.912  -46.061  45.153 0.0000000000
37926  34.713  -46.140  45.477 0.0000000000
37925  35.460  -45.660  45.512 0.0000000000
39074  35.160  -45.148  44.950 0.0000000000
40234  35.505  -44.182  44.655 0.0000000000
39075  34.305  -45.207  44.376 0.0000000000
40240  33.254  -44.406  43.236 0.0000000000
39083  33.568  -45.286  43.744 0.0000000000
37953  30.778  -46.311  43.703 0.0000000000
37965  31.793  -45.964  43.100 0.0000000000
37967  30.564  -45.854  43.141 0.0000000000
39114  30.160  -45.095  42.018 0.0000000000
39086  29.333  -45.436  43.271 0.0000000000
35625  29.002  -48.088  46.691 0.0000000000
35638  29.752  -47.981  45.925 0.0000000000
35639  28.756  -47.822  45.752 0.0000000000
35667  26.263  -47.309  43.461 0.0000000000
35666  26.871  -47.512  43.615 0.0000000000
36820  26.666  -46.791  42.708 0.0000000000
37970  27.272  -46.384  42.430 0.0000000000
37972  25.892  -46.373  42.125 0.0000000000
37990  25.345  -46.051  40.697 0.0000000000
37983  24.735  -46.178  41.257 0.0000000000
40247  22.203  -44.662  41.861 0.0000000000
39120  23.225  -45.526  41.222 0.0000000000
40272  21.184  -44.804  40.149 0.0000000000
60801  53.865  -25.980  41.321 0.0000000000
62058  53.761  -25.468  40.328 0.0000000000
59747  53.877  -26.632  40.243 0.0000000000
58702  54.603  -27.581  38.644 0.0000000000
34312  21.957  -49.339  55.461 0.0000000000
34347  21.267  -48.953  53.710 0.0000000000
34328  21.030  -48.851  54.497 0.0000000000
36645  18.598  -47.309  55.234 0.0000000000
35522  18.720  -47.522  53.909 0.0000000000
35521  19.203  -47.682  53.275 0.0000000000
36691  18.401  -47.398  52.229 0.0000000000
36705  17.317  -47.193  51.558 0.0000000000
36706  16.369  -47.151  51.849 0.0000000000
63436  43.819  -23.924  39.012 0.0000000000
60847  45.329  -26.426  39.453 0.0000000000
60825  46.962  -26.683  40.424 0.0000000000
60845  47.840  -26.416  39.574 0.0000000000
60824  48.061  -26.538  40.631 0.0000000000
62025  49.096  -26.026  42.787 0.0000000000
62040  49.488  -25.977  41.792 0.0000000000
62023  51.234  -25.191  42.904 0.0000000000
62022  52.335  -24.694  42.674 0.0000000000
62003  52.160  -24.705  43.227 0.0000000000
60721  51.900  -25.789  44.877 0.0000000000
60764  52.615  -25.940  43.675 0.0000000000
60765  52.076  -26.572  43.805 0.0000000000
58638  52.120  -27.658  41.976 0.0000000000
58624  51.152  -27.711  43.057 0.0000000000
60662  48.785  -26.498  48.785 0.0000000000
60681  49.735  -26.130  47.845 0.0000000000
60692  49.130  -26.574  47.004 0.0000000000
58626  48.145  -28.121  43.348 0.0000000000
59708  48.485  -27.732  43.697 0.0000000000
58642  48.543  -28.093  42.609 0.0000000000
58658  49.696  -27.731  41.614 0.0000000000
58659  48.710  -28.249  41.678 0.0000000000
58709  48.089  -28.458  38.755 0.0000000000
58692  47.256  -28.481  39.820 0.0000000000
57697  45.233  -29.169  39.757 0.0000000000
57709  45.606  -28.867  38.769 0.0000000000
57721  44.099  -28.906  37.185 0.0000000000
53109  46.540  -33.966  44.090 0.0000000000
49485  42.141  -36.965  44.212 0.0000000000
48346  43.450  -36.670  44.252 0.0000000000
49532  42.499  -35.853  43.269 0.0000000000
51914  43.247  -34.182  41.536 0.0000000000
51902  43.501  -34.599  42.444 0.0000000000
51913  44.015  -33.937  41.953 0.0000000000
53127  45.396  -33.466  42.492 0.0000000000
54312  44.487  -32.620  40.735 0.0000000000
55456  44.696  -31.776  40.939 0.0000000000
54331  43.587  -32.428  40.101 0.0000000000
55519  40.648  -31.731  37.855 0.0000000000
55517  41.974  -31.150  38.193 0.0000000000
56636  41.525  -31.012  37.470 0.0000000000
57732  41.443  -30.184  36.527 0.0000000000
56642  40.596  -30.628  36.432 0.0000000000
55537  39.323  -31.169  35.815 0.0000000000
54384  37.018  -31.866  36.532 0.0000000000
55539  37.470  -31.563  35.262 0.0000000000
50770  35.420  -35.118  39.044 0.0000000000
51950  35.437  -34.252  38.427 0.0000000000
51951  34.568  -34.551  38.101 0.0000000000
51977  33.808  -33.814  36.528 0.0000000000
41411  32.524  -43.577  42.068 0.0000000000
43744  32.779  -42.175  41.230 0.0000000000
42620  32.033  -42.672  40.602 0.0000000000
43755  29.965  -41.520  39.372 0.0000000000
43754  30.786  -41.444  39.460 0.0000000000
43764  30.280  -41.005  38.988 0.0000000000
44837  30.599  -40.401  38.789 0.0000000000
44838  29.710  -40.526  38.514 0.0000000000
42640  25.353  -42.627  38.994 0.0000000000
42639  26.156  -42.122  38.977 0.0000000000
43769  25.006  -41.932  38.351 0.0000000000
46025  26.144  -39.950  36.912 0.0000000000
46023  28.030  -39.451  36.861 0.0000000000
62243  45.558  -25.080  34.555 0.0000000000
63526  44.786  -24.832  34.633 0.0000000000
63449  54.845  -24.558  38.218 0.0000000000
34397  25.654  -48.631  50.463 0.0000000000
34398  24.741  -48.449  50.503 0.0000000000
34376  25.208  -48.734  51.080 0.0000000000
34357  24.952  -49.020  51.862 0.0000000000
34343  24.708  -49.043  52.836 0.0000000000
34374  26.856  -49.181  50.911 0.0000000000
41387  37.342  -43.321  45.838 0.0000000000
41367  38.262  -43.016  46.362 0.0000000000
41398  37.418  -42.530  45.344 0.0000000000
43682  38.336  -41.615  45.484 0.0000000000
44765  38.717  -40.196  45.125 0.0000000000
44778  38.942  -39.297  44.568 0.0000000000
44780  37.668  -40.095  43.880 0.0000000000
45976  36.722  -39.360  42.890 0.0000000000
45990  36.385  -39.302  42.239 0.0000000000
47186  35.255  -38.672  41.221 0.0000000000
45991  35.596  -39.694  42.037 0.0000000000
45992  34.745  -39.633  41.462 0.0000000000
44823  33.800  -40.424  40.855 0.0000000000
39161  21.634  -45.279  37.503 0.0000000000
39160  22.510  -44.999  37.323 0.0000000000
39189  21.146  -45.427  36.345 0.0000000000
62122  47.818  -26.232  38.130 0.0000000000
62158  48.162  -26.201  37.479 0.0000000000
62157  49.175  -25.978  37.603 0.0000000000
62155  51.250  -25.396  37.562 0.0000000000
39105  21.924  -45.034  42.629 0.0000000000
40262  19.896  -44.917  41.706 0.0000000000
39091  20.752  -44.991  43.274 0.0000000000
39077  20.533  -45.280  44.012 0.0000000000
39078  19.535  -45.446  44.520 0.0000000000
36730  20.409  -47.259  49.034 0.0000000000
37907  19.415  -46.370  47.281 0.0000000000
37898  19.001  -46.565  47.740 0.0000000000
37920  17.345  -46.604  46.489 0.0000000000
36774  15.938  -47.480  47.076 0.0000000000
36778  33.945  -47.285  45.705 0.0000000000
36790  33.486  -47.015  45.157 0.0000000000
37951  32.662  -46.401  43.777 0.0000000000
36791  32.931  -47.269  44.828 0.0000000000
36793  31.493  -47.296  44.593 0.0000000000
35661  30.923  -47.449  44.756 0.0000000000
35627  26.986  -48.099  46.326 0.0000000000
36780  27.254  -47.697  45.035 0.0000000000
36782  26.004  -47.576  45.279 0.0000000000
36796  25.926  -47.387  44.172 0.0000000000
36813  24.980  -46.523  43.123 0.0000000000
37974  24.081  -45.936  41.979 0.0000000000
37958  24.558  -46.185  42.982 0.0000000000
39089  22.418  -45.485  42.940 0.0000000000
58669  52.694  -27.795  40.261 0.0000000000
59759  53.712  -27.285  39.860 0.0000000000
58686  53.305  -27.890  39.507 0.0000000000
58725  52.708  -28.142  37.866 0.0000000000
36646  17.550  -46.926  55.342 0.0000000000
36662  16.955  -46.914  54.432 0.0000000000
36693  16.394  -47.181  52.750 0.0000000000
36694  15.564  -47.535  52.989 0.0000000000
61984  49.683  -25.215  44.863 0.0000000000
64579  51.013  -24.632  44.164 0.0000000000
64557  50.656  -24.614  45.295 0.0000000000
63336  51.525  -24.856  45.539 0.0000000000
60722  51.540  -26.026  45.363 0.0000000000
58589  47.433  -28.723  47.498 0.0000000000
58595  48.085  -27.615  46.098 0.0000000000
58604  47.334  -28.179  45.365 0.0000000000
58628  47.025  -28.467  44.110 0.0000000000
57670  47.023  -28.865  42.458 0.0000000000
57684  47.046  -28.931  41.617 0.0000000000
57671  46.246  -29.214  42.086 0.0000000000
57686  44.891  -29.581  40.851 0.0000000000
57698  44.387  -29.946  40.060 0.0000000000
50720  40.352  -35.800  42.326 0.0000000000
50718  42.000  -35.058  42.811 0.0000000000
50736  40.772  -35.126  41.955 0.0000000000
51922  41.908  -34.157  40.898 0.0000000000
53145  41.996  -33.438  40.344 0.0000000000
54346  42.274  -32.671  39.558 0.0000000000
53155  41.206  -33.036  39.837 0.0000000000
54361  40.773  -32.404  38.932 0.0000000000
54375  39.903  -32.316  37.927 0.0000000000
55521  38.975  -31.687  37.204 0.0000000000
54376  38.922  -32.337  37.747 0.0000000000
54378  37.328  -32.439  37.347 0.0000000000
54379  36.514  -32.558  37.159 0.0000000000
50773  33.187  -35.891  38.289 0.0000000000
50779  33.421  -35.215  37.880 0.0000000000
50780  32.527  -35.654  37.751 0.0000000000
51979  32.176  -34.928  36.510 0.0000000000
51992  31.379  -34.857  35.687 0.0000000000
40264  31.208  -43.919  41.144 0.0000000000
41423  31.255  -43.485  40.714 0.0000000000
41424  30.277  -43.653  40.909 0.0000000000
42630  29.756  -42.287  39.953 0.0000000000
43756  29.005  -41.687  39.472 0.0000000000
43782  25.061  -41.196  37.084 0.0000000000
44862  24.565  -41.161  35.887 0.0000000000
68926  45.846  -19.874  36.300 0.0000000000
67905  44.604  -20.426  35.617 0.0000000000
66881  43.530  -21.723  34.576 0.0000000000
36754  23.823  -46.879  47.169 0.0000000000
36769  22.986  -46.586  46.477 0.0000000000
36741  22.427  -46.852  48.283 0.0000000000
35601  22.223  -47.424  48.858 0.0000000000
35569  23.559  -47.964  50.493 0.0000000000
35586  22.744  -47.741  49.497 0.0000000000
35587  21.496  -47.689  49.388 0.0000000000
35588  20.536  -47.859  49.811 0.0000000000
35572  20.592  -48.023  50.779 0.0000000000
35573  19.866  -47.757  50.904 0.0000000000
33236  31.514  -49.121  48.354 0.0000000000
34446  31.089  -48.467  46.937 0.0000000000
34420  30.430  -48.663  48.076 0.0000000000
34435  29.551  -48.656  47.827 0.0000000000
35610  28.231  -48.430  47.629 0.0000000000
34410  27.899  -49.542  49.235 0.0000000000
35596  27.401  -48.738  48.282 0.0000000000
35611  27.185  -48.415  47.292 0.0000000000
35612  26.217  -48.210  47.118 0.0000000000
35613  25.261  -47.653  46.991 0.0000000000
58742  49.322  -28.225  37.184 0.0000000000
59784  50.261  -28.006  37.342 0.0000000000
58756  49.259  -27.930  36.323 0.0000000000
64506  47.621  -24.730  48.474 0.0000000000
58556  48.404  -28.303  49.600 0.0000000000
57558  47.546  -29.333  48.155 0.0000000000
56501  47.144  -30.240  47.252 0.0000000000
55400  46.931  -31.124  46.152 0.0000000000
47127  41.728  -37.867  44.755 0.0000000000
48349  40.654  -37.493  43.756 0.0000000000
45962  39.464  -38.830  44.461 0.0000000000
48350  39.833  -37.595  43.505 0.0000000000
49510  40.122  -36.879  43.413 0.0000000000
49535  39.412  -36.520  42.555 0.0000000000
50738  38.993  -35.637  41.537 0.0000000000
50750  38.068  -35.587  40.450 0.0000000000
51938  37.362  -34.353  39.637 0.0000000000
50751  37.251  -35.542  40.473 0.0000000000
49569  36.085  -35.918  40.131 0.0000000000
49571  34.516  -36.469  39.288 0.0000000000
48409  35.198  -37.674  40.499 0.0000000000
48413  34.851  -37.013  39.908 0.0000000000
49572  33.894  -37.049  39.185 0.0000000000
48420  32.917  -37.054  38.599 0.0000000000
48421  32.186  -37.569  38.316 0.0000000000
48422  31.450  -38.007  38.192 0.0000000000
40269  26.427  -44.755  40.599 0.0000000000
41432  26.177  -43.814  39.792 0.0000000000
40276  25.436  -44.671  39.730 0.0000000000
41437  24.439  -43.878  38.622 0.0000000000
42642  23.643  -43.349  37.811 0.0000000000
40291  22.864  -44.432  37.303 0.0000000000
41455  22.740  -44.012  36.654 0.0000000000
64651  43.544  -23.799  37.379 0.0000000000
63494  43.895  -24.673  36.380 0.0000000000
63524  46.073  -25.288  35.851 0.0000000000
62242  46.522  -25.431  35.136 0.0000000000
62190  48.340  -26.121  36.700 0.0000000000
62241  47.659  -25.784  35.006 0.0000000000
37916  21.409  -45.971  46.376 0.0000000000
37931  20.566  -45.655  45.564 0.0000000000
39069  19.048  -45.561  45.379 0.0000000000
39061  18.721  -45.725  45.997 0.0000000000
39070  18.485  -45.739  45.534 0.0000000000
40232  36.719  -43.783  45.593 0.0000000000
40233  36.117  -44.133  45.159 0.0000000000
41401  35.314  -43.219  44.282 0.0000000000
41404  34.642  -43.104  43.541 0.0000000000
42611  34.703  -42.317  42.994 0.0000000000
41405  33.661  -43.316  43.225 0.0000000000
41406  33.082  -43.724  42.720 0.0000000000
40252  32.248  -44.512  42.261 0.0000000000
39084  32.689  -45.366  43.157 0.0000000000
39098  31.844  -45.512  42.600 0.0000000000
39112  31.883  -44.766  42.084 0.0000000000
40255  30.596  -44.297  41.443 0.0000000000
40256  29.462  -44.540  41.634 0.0000000000
40258  27.710  -44.893  41.367 0.0000000000
35637  30.782  -48.218  46.088 0.0000000000
35650  30.436  -47.732  45.267 0.0000000000
36808  29.115  -46.801  44.082 0.0000000000
35653  27.657  -47.722  44.555 0.0000000000
35664  28.409  -47.371  44.274 0.0000000000
37955  28.867  -46.402  43.537 0.0000000000
37969  28.224  -46.364  42.661 0.0000000000
39116  27.760  -45.223  41.845 0.0000000000
39117  26.840  -45.447  41.286 0.0000000000
39127  26.126  -45.705  40.578 0.0000000000
39129  24.471  -45.699  39.875 0.0000000000
37999  23.848  -45.702  39.622 0.0000000000
39119  23.688  -45.804  41.455 0.0000000000
37993  23.305  -45.702  40.189 0.0000000000
39141  22.345  -45.175  39.370 0.0000000000
39150  21.520  -45.259  38.357 0.0000000000
63435  53.039  -25.228  40.307 0.0000000000
63434  53.565  -24.973  39.472 0.0000000000
63416  54.206  -24.948  39.784 0.0000000000
58684  54.366  -27.424  39.118 0.0000000000
59769  55.050  -26.917  38.253 0.0000000000
59791  51.401  -27.650  36.500 0.0000000000
36658  25.668  -47.820  53.860 0.0000000000
35505  25.191  -48.324  54.243 0.0000000000
34344  23.981  -49.504  53.315 0.0000000000
34310  24.093  -49.004  55.537 0.0000000000
34345  22.949  -49.502  53.567 0.0000000000
34346  21.980  -49.340  53.652 0.0000000000
35534  20.922  -48.392  52.198 0.0000000000
35556  19.682  -47.937  51.582 0.0000000000
34299  20.698  -48.418  56.412 0.0000000000
34329  20.555  -48.432  54.475 0.0000000000
35536  19.310  -47.809  52.286 0.0000000000
36718  18.293  -47.441  50.583 0.0000000000
36719  17.304  -47.147  50.644 0.0000000000
64638  44.093  -23.372  38.427 0.0000000000
64639  43.556  -23.865  38.203 0.0000000000
62163  44.362  -25.517  37.676 0.0000000000
62125  45.321  -26.182  37.945 0.0000000000
60850  43.522  -25.450  39.513 0.0000000000
62094  44.871  -26.250  38.701 0.0000000000
62123  46.952  -26.286  38.029 0.0000000000
60867  48.077  -26.351  38.795 0.0000000000
62089  49.665  -25.934  39.632 0.0000000000
62062  50.160  -25.539  40.704 0.0000000000
60803  49.035  -26.288  41.248 0.0000000000
62061  51.395  -25.463  40.801 0.0000000000
62037  52.736  -24.760  41.842 0.0000000000
63382  53.531  -24.807  42.170 0.0000000000
60802  53.695  -26.067  41.715 0.0000000000
62002  52.531  -25.262  43.727 0.0000000000
60783  53.276  -25.923  42.814 0.0000000000
59723  53.069  -26.609  42.131 0.0000000000
58655  52.364  -27.693  41.092 0.0000000000
58671  51.194  -28.081  40.657 0.0000000000
58689  50.750  -28.079  39.762 0.0000000000
63289  50.006  -25.379  47.576 0.0000000000
60689  50.818  -25.967  46.809 0.0000000000
59671  50.404  -26.699  45.294 0.0000000000
59673  48.699  -27.130  45.322 0.0000000000
59686  49.521  -27.066  44.476 0.0000000000
59706  50.297  -27.186  43.429 0.0000000000
59726  50.352  -27.493  42.577 0.0000000000
58672  50.208  -28.046  40.722 0.0000000000
58690  49.690  -28.394  39.777 0.0000000000
58729  48.791  -28.361  37.869 0.0000000000
58730  47.812  -28.225  37.735 0.0000000000
57696  46.230  -28.666  39.402 0.0000000000
58711  46.216  -28.715  38.140 0.0000000000
54245  46.864  -31.932  45.670 0.0000000000
54255  46.302  -32.296  44.660 0.0000000000
50696  45.071  -35.139  43.659 0.0000000000
50717  42.926  -35.118  42.977 0.0000000000
50715  44.592  -35.040  43.163 0.0000000000
51892  45.752  -34.464  43.442 0.0000000000
53110  46.098  -33.548  43.489 0.0000000000
54288  45.958  -32.897  43.068 0.0000000000
54267  45.573  -31.954  43.050 0.0000000000
55455  45.140  -31.683  41.751 0.0000000000
56602  44.191  -30.878  40.533 0.0000000000
56612  43.719  -30.639  39.521 0.0000000000
55496  42.456  -32.084  39.220 0.0000000000
55508  42.494  -31.194  38.768 0.0000000000
57711  43.562  -30.043  38.389 0.0000000000
57731  42.311  -29.910  36.716 0.0000000000
55538  38.391  -31.383  35.550 0.0000000000
55553  38.231  -31.248  34.610 0.0000000000
51948  36.976  -34.200  39.107 0.0000000000
53168  36.175  -33.672  38.234 0.0000000000
53182  35.536  -33.265  37.464 0.0000000000
51961  34.030  -34.338  37.214 0.0000000000
53183  34.632  -33.633  37.251 0.0000000000
42615  33.617  -42.065  41.842 0.0000000000
43748  33.584  -41.212  40.940 0.0000000000
44827  32.416  -40.609  40.190 0.0000000000
42621  31.347  -42.500  40.285 0.0000000000
43753  31.577  -41.547  39.935 0.0000000000
44828  31.782  -40.512  39.635 0.0000000000
46011  31.579  -39.507  39.277 0.0000000000
47214  30.668  -38.825  38.405 0.0000000000
47221  30.290  -38.501  37.755 0.0000000000
41431  26.863  -43.318  39.925 0.0000000000
43758  27.506  -42.157  39.329 0.0000000000
43766  28.128  -41.395  39.060 0.0000000000
43774  25.494  -41.213  37.819 0.0000000000
44841  26.883  -40.666  38.197 0.0000000000
44849  28.428  -40.273  37.676 0.0000000000
46022  29.193  -39.575  37.496 0.0000000000
47223  28.797  -38.872  36.998 0.0000000000
64660  43.378  -23.832  35.901 0.0000000000
64672  43.506  -23.747  34.722 0.0000000000
65794  43.502  -22.833  33.935 0.0000000000
62117  53.142  -25.324  38.434 0.0000000000
42605  36.154  -41.908  43.843 0.0000000000
35590  19.393  -47.622  50.377 0.0000000000
33234  32.566  -49.013  47.896 0.0000000000
34419  33.303  -49.164  48.514 0.0000000000
34430  33.113  -48.904  47.619 0.0000000000
34444  32.702  -48.369  46.922 0.0000000000
34454  32.304  -48.373  46.467 0.0000000000
34445  31.965  -48.411  46.981 0.0000000000
58727  50.757  -28.261  37.990 0.0000000000
63317  48.056  -25.068  46.955 0.0000000000
63292  47.435  -24.919  47.464 0.0000000000
56530  46.309  -30.059  44.964 0.0000000000
56531  45.693  -30.199  44.239 0.0000000000
55414  45.521  -30.786  44.019 0.0000000000
51926  38.446  -34.829  40.401 0.0000000000
51936  38.858  -34.341  40.050 0.0000000000
41426  28.056  -44.082  40.632 0.0000000000
66850  44.288  -21.935  37.408 0.0000000000
34392  30.463  -49.353  50.389 0.0000000000
33195  29.480  -49.688  49.668 0.0000000000
34393  29.593  -49.515  50.338 0.0000000000
34412  25.968  -48.502  49.711 0.0000000000
43697  39.267  -40.524  45.482 0.0000000000
43679  41.075  -40.177  46.132 0.0000000000
44763  40.276  -39.440  45.478 0.0000000000
44764  39.325  -39.602  45.139 0.0000000000
48392  37.538  -37.322  41.984 0.0000000000
48393  36.623  -37.283  41.491 0.0000000000
46005  33.307  -39.559  40.416 0.0000000000
47202  33.979  -38.893  40.419 0.0000000000
46009  33.004  -39.048  39.844 0.0000000000
46010  32.416  -39.574  39.830 0.0000000000
62160  46.461  -25.766  37.337 0.0000000000
63491  46.183  -25.336  36.980 0.0000000000
39122  20.368  -45.042  40.693 0.0000000000
36742  21.399  -46.942  48.438 0.0000000000
36757  20.581  -46.633  47.414 0.0000000000
37938  34.371  -45.605  44.934 0.0000000000
39100  29.809  -45.333  42.884 0.0000000000
35640  27.725  -47.795  45.500 0.0000000000
35676  25.915  -46.752  42.961 0.0000000000
35675  26.238  -46.986  42.997 0.0000000000
36821  26.145  -46.594  42.660 0.0000000000
37973  25.109  -46.523  42.260 0.0000000000
39121  20.810  -44.975  40.407 0.0000000000
60822  53.646  -26.546  40.943 0.0000000000
60821  53.785  -26.046  40.800 0.0000000000
34297  22.024  -49.177  56.351 0.0000000000
33126  21.588  -49.001  56.159 0.0000000000
34313  21.338  -49.025  55.265 0.0000000000
33134  21.192  -48.748  55.814 0.0000000000
36661  18.133  -47.202  54.299 0.0000000000
36660  18.699  -47.393  54.571 0.0000000000
36678  18.293  -47.334  53.197 0.0000000000
64624  44.721  -23.324  39.514 0.0000000000
63419  43.824  -24.255  39.880 0.0000000000
62024  49.990  -25.542  43.130 0.0000000000
63385  50.675  -25.100  43.650 0.0000000000
62004  51.749  -24.816  43.241 0.0000000000
63370  51.185  -24.931  43.636 0.0000000000
60744  51.831  -26.303  44.441 0.0000000000
59705  51.385  -26.923  43.696 0.0000000000
59725  51.842  -27.505  42.839 0.0000000000
59644  48.430  -27.073  48.500 0.0000000000
60682  49.124  -26.498  48.138 0.0000000000
59652  48.648  -26.801  47.900 0.0000000000
58643  47.668  -28.515  42.884 0.0000000000
58674  47.767  -28.717  40.853 0.0000000000
51890  46.424  -34.085  44.407 0.0000000000
49508  42.019  -36.662  43.795 0.0000000000
53135  42.802  -33.749  40.869 0.0000000000
53133  44.538  -33.284  41.702 0.0000000000
53143  43.375  -33.001  40.270 0.0000000000
55526  41.102  -31.222  37.417 0.0000000000
55536  39.984  -30.976  36.308 0.0000000000
54396  36.760  -31.606  35.512 0.0000000000
50771  34.657  -35.360  38.699 0.0000000000
41412  32.103  -43.856  41.922 0.0000000000
41415  32.467  -43.106  41.538 0.0000000000
44830  29.843  -41.062  38.910 0.0000000000
42641  24.130  -42.757  38.271 0.0000000000
34375  25.994  -48.851  50.910 0.0000000000
35550  26.281  -48.460  51.157 0.0000000000
41386  37.729  -42.761  45.615 0.0000000000
43699  37.375  -41.509  44.735 0.0000000000
43698  38.281  -40.960  44.957 0.0000000000
43717  38.009  -40.480  44.302 0.0000000000
44798  36.379  -39.979  42.960 0.0000000000
44822  34.325  -40.438  41.284 0.0000000000
39174  20.977  -45.511  36.855 0.0000000000
62121  48.830  -26.330  38.583 0.0000000000
62156  50.226  -25.684  37.614 0.0000000000
62154  52.307  -25.330  37.494 0.0000000000
39090  21.613  -45.358  43.332 0.0000000000
39106  21.223  -45.015  42.869 0.0000000000
36744  19.525  -47.010  48.231 0.0000000000
37900  18.161  -46.799  48.262 0.0000000000
37899  18.598  -46.695  48.018 0.0000000000
37909  17.763  -46.742  47.587 0.0000000000
36772  17.153  -46.799  47.050 0.0000000000
36773  16.466  -47.046  46.634 0.0000000000
36761  15.771  -47.677  47.863 0.0000000000
35606  34.441  -47.600  47.173 0.0000000000
35634  33.291  -48.086  46.040 0.0000000000
35633  33.920  -47.944  46.244 0.0000000000
36792  32.116  -47.352  44.705 0.0000000000
35628  26.089  -47.957  46.096 0.0000000000
35642  26.464  -47.710  45.529 0.0000000000
36797  25.089  -47.448  43.775 0.0000000000
36798  24.694  -46.812  43.500 0.0000000000
37942  22.829  -46.084  44.056 0.0000000000
37959  23.382  -45.721  43.010 0.0000000000
59781  53.261  -27.832  37.157 0.0000000000
59782  52.675  -27.828  37.332 0.0000000000
36680  16.243  -47.139  53.648 0.0000000000
63356  50.075  -24.895  44.967 0.0000000000
61964  49.773  -25.085  45.257 0.0000000000
63315  50.063  -24.716  46.870 0.0000000000
63337  50.792  -24.593  45.784 0.0000000000
61963  51.389  -25.417  45.985 0.0000000000
61947  51.046  -25.564  46.660 0.0000000000
58596  47.394  -28.338  46.603 0.0000000000
57598  46.950  -28.876  46.223 0.0000000000
57640  46.518  -28.788  43.883 0.0000000000
58616  46.843  -28.531  44.617 0.0000000000
57655  47.013  -28.771  43.233 0.0000000000
57672  45.210  -29.654  41.880 0.0000000000
51923  41.193  -34.214  40.760 0.0000000000
53154  41.767  -32.957  39.777 0.0000000000
53165  39.632  -33.106  38.791 0.0000000000
53164  40.207  -32.834  38.908 0.0000000000
54362  40.059  -32.593  38.515 0.0000000000
53180  37.721  -32.906  37.953 0.0000000000
53181  36.772  -33.113  37.782 0.0000000000
49578  32.715  -36.527  38.301 0.0000000000
51980  31.562  -35.177  36.337 0.0000000000
40265  30.895  -43.880  40.980 0.0000000000
42623  29.515  -43.109  40.460 0.0000000000
43757  28.240  -42.189  39.497 0.0000000000
66869  44.072  -21.172  36.270 0.0000000000
66880  43.905  -21.141  35.351 0.0000000000
35614  24.507  -47.279  47.292 0.0000000000
35555  20.450  -48.219  51.621 0.0000000000
33193  30.968  -49.570  49.825 0.0000000000
34390  32.214  -49.196  50.081 0.0000000000
33192  31.852  -49.733  49.902 0.0000000000
33205  32.127  -49.723  49.209 0.0000000000
33223  31.580  -49.534  48.803 0.0000000000
33237  31.033  -49.048  48.436 0.0000000000
32110  30.785  -49.288  48.646 0.0000000000
34408  29.467  -49.127  48.680 0.0000000000
34421  29.947  -48.897  48.313 0.0000000000
34422  29.148  -48.931  48.371 0.0000000000
34436  28.880  -48.683  47.935 0.0000000000
34394  28.617  -49.754  50.045 0.0000000000
35582  26.707  -48.729  48.585 0.0000000000
34424  27.589  -49.159  48.792 0.0000000000
36753  24.572  -47.198  46.676 0.0000000000
58569  48.093  -28.861  49.110 0.0000000000
57541  48.312  -29.640  48.994 0.0000000000
55365  47.876  -30.857  47.791 0.0000000000
55366  47.553  -30.548  47.562 0.0000000000
56518  46.819  -30.636  46.689 0.0000000000
42563  38.682  -42.577  46.415 0.0000000000
47128  40.904  -38.304  44.693 0.0000000000
47153  41.083  -37.814  44.240 0.0000000000
45963  38.522  -38.840  44.235 0.0000000000
47172  38.881  -37.808  42.961 0.0000000000
47155  39.119  -38.209  43.516 0.0000000000
48372  39.243  -37.461  43.051 0.0000000000
49511  39.556  -37.058  43.275 0.0000000000
49564  38.253  -35.985  40.824 0.0000000000
50749  38.661  -35.460  40.937 0.0000000000
49570  35.520  -36.457  39.976 0.0000000000
47200  35.062  -38.334  40.748 0.0000000000
48410  34.530  -37.984  40.353 0.0000000000
48414  34.196  -37.522  39.856 0.0000000000
47212  32.240  -38.347  38.837 0.0000000000
40270  25.776  -45.044  40.285 0.0000000000
40275  25.999  -44.491  40.199 0.0000000000
40284  23.891  -44.481  38.413 0.0000000000
41434  24.642  -44.221  39.050 0.0000000000
41436  24.698  -43.236  38.867 0.0000000000
39172  22.108  -44.814  36.676 0.0000000000
41454  23.123  -43.690  36.539 0.0000000000
63473  43.884  -25.107  37.383 0.0000000000
63493  44.726  -25.328  36.737 0.0000000000
63513  45.444  -25.254  36.138 0.0000000000
62218  48.483  -25.913  35.828 0.0000000000
40249  20.131  -44.786  42.235 0.0000000000
37932  19.888  -45.713  45.509 0.0000000000
37919  18.296  -46.038  46.227 0.0000000000
37947  17.539  -46.511  44.417 0.0000000000
37946  17.816  -46.020  44.680 0.0000000000
39065  35.980  -45.253  45.262 0.0000000000
39056  35.969  -45.123  45.874 0.0000000000
40229  36.226  -44.381  45.678 0.0000000000
41410  34.132  -42.778  43.239 0.0000000000
37950  33.179  -45.899  43.714 0.0000000000
39113  31.158  -44.854  42.118 0.0000000000
40257  28.482  -44.706  41.618 0.0000000000
34447  30.480  -48.475  46.992 0.0000000000
35623  30.583  -48.404  46.702 0.0000000000
35651  29.520  -47.647  45.134 0.0000000000
35663  29.333  -47.311  44.557 0.0000000000
36794  27.094  -47.747  44.604 0.0000000000
35654  27.032  -47.907  44.091 0.0000000000
35673  27.221  -47.349  43.361 0.0000000000
35665  27.578  -47.548  43.829 0.0000000000
36810  27.698  -47.250  43.348 0.0000000000
36809  28.300  -47.042  43.630 0.0000000000
36818  28.077  -47.026  43.042 0.0000000000
39088  28.593  -46.142  43.177 0.0000000000
37980  27.011  -45.771  42.028 0.0000000000
39118  26.362  -46.063  40.913 0.0000000000
37998  24.133  -45.822  39.814 0.0000000000
37992  23.689  -45.843  40.059 0.0000000000
40271  22.069  -44.767  40.245 0.0000000000
39131  22.881  -45.401  40.346 0.0000000000
39130  23.144  -45.587  39.842 0.0000000000
39142  21.245  -45.003  39.085 0.0000000000
63417  53.456  -25.310  40.430 0.0000000000
60843  54.302  -25.993  39.880 0.0000000000
62085  55.019  -25.055  39.353 0.0000000000
58685  54.084  -27.615  39.239 0.0000000000
58701  54.967  -27.510  38.314 0.0000000000
59792  50.552  -27.727  36.602 0.0000000000
59800  50.829  -27.771  35.620 0.0000000000
36676  25.317  -47.613  53.612 0.0000000000
34309  24.969  -48.863  54.943 0.0000000000
34324  24.738  -49.139  54.179 0.0000000000
34311  22.969  -49.470  55.565 0.0000000000
34325  23.661  -49.608  54.517 0.0000000000
34360  22.291  -49.178  52.808 0.0000000000
34362  20.908  -48.731  53.164 0.0000000000
35535  20.376  -48.418  52.541 0.0000000000
35496  19.393  -47.621  55.552 0.0000000000
34300  19.828  -48.163  56.770 0.0000000000
35482  20.037  -48.078  55.973 0.0000000000
34314  20.729  -48.572  55.358 0.0000000000
36690  18.954  -47.591  52.626 0.0000000000
35537  18.733  -47.541  51.768 0.0000000000
35557  18.907  -47.637  51.368 0.0000000000
36734  16.316  -47.153  49.837 0.0000000000
36721  15.489  -47.527  51.237 0.0000000000
65750  45.410  -22.102  38.701 0.0000000000
63437  43.626  -24.525  39.136 0.0000000000
63452  43.683  -24.501  38.352 0.0000000000
62127  44.003  -25.384  38.210 0.0000000000
62126  44.563  -25.880  38.090 0.0000000000
62066  43.477  -25.055  39.682 0.0000000000
60829  43.406  -25.575  39.858 0.0000000000
62093  45.811  -26.180  38.668 0.0000000000
62092  46.493  -26.191  38.526 0.0000000000
60869  46.874  -26.191  38.660 0.0000000000
60868  47.380  -26.247  38.742 0.0000000000
62091  48.348  -26.355  40.045 0.0000000000
62090  48.755  -26.272  39.690 0.0000000000
60804  48.422  -26.390  41.739 0.0000000000
62039  50.692  -25.512  41.865 0.0000000000
62060  52.521  -25.353  41.001 0.0000000000
63383  53.078  -24.507  42.696 0.0000000000
62021  52.921  -24.549  42.313 0.0000000000
62020  53.604  -25.330  42.430 0.0000000000
63354  51.671  -24.682  44.739 0.0000000000
63369  51.849  -24.899  43.800 0.0000000000
63353  52.126  -25.094  44.178 0.0000000000
60784  52.708  -26.446  42.840 0.0000000000
60763  53.041  -25.706  43.227 0.0000000000
59738  52.698  -27.232  41.618 0.0000000000
58639  51.436  -27.772  42.292 0.0000000000
58656  51.669  -27.874  41.391 0.0000000000
63267  48.324  -24.813  48.560 0.0000000000
60690  50.288  -26.171  47.196 0.0000000000
60705  50.591  -26.329  46.460 0.0000000000
60724  50.303  -26.524  46.079 0.0000000000
58603  47.966  -27.467  45.431 0.0000000000
59674  47.881  -27.282  44.923 0.0000000000
59707  49.177  -27.451  43.673 0.0000000000
58625  50.747  -27.670  42.962 0.0000000000
59740  49.790  -27.497  42.278 0.0000000000
58708  49.189  -28.468  38.801 0.0000000000
58731  46.905  -28.464  37.508 0.0000000000
58675  47.114  -28.708  40.481 0.0000000000
58712  45.450  -28.757  38.061 0.0000000000
58732  46.058  -28.669  37.341 0.0000000000
53088  47.150  -33.109  45.496 0.0000000000
54254  46.872  -32.739  45.334 0.0000000000
49506  43.913  -36.378  43.794 0.0000000000
48345  43.878  -36.653  44.332 0.0000000000
49505  44.518  -36.211  43.951 0.0000000000
50697  44.274  -35.708  43.538 0.0000000000
51901  44.339  -34.580  42.627 0.0000000000
50714  44.962  -34.919  43.193 0.0000000000
51900  45.170  -34.529  42.857 0.0000000000
53111  45.648  -33.951  42.979 0.0000000000
53126  45.844  -33.105  42.865 0.0000000000
54289  45.514  -32.467  42.612 0.0000000000
55438  45.338  -31.491  42.568 0.0000000000
55478  44.111  -31.701  40.202 0.0000000000
54345  42.895  -32.248  39.640 0.0000000000
54359  42.200  -32.255  39.005 0.0000000000
56626  42.284  -31.035  38.408 0.0000000000
56625  42.974  -30.655  38.559 0.0000000000
56634  42.708  -30.319  37.832 0.0000000000
57722  43.227  -29.793  37.644 0.0000000000
57723  42.593  -30.193  37.448 0.0000000000
57740  41.451  -29.646  35.897 0.0000000000
55529  38.564  -31.495  36.544 0.0000000000
55554  37.385  -31.513  34.224 0.0000000000
53169  35.710  -33.710  38.083 0.0000000000
50778  34.067  -34.982  38.140 0.0000000000
53195  33.656  -33.586  36.212 0.0000000000
53194  34.359  -33.157  36.353 0.0000000000
42612  33.869  -42.458  42.614 0.0000000000
43734  34.451  -41.864  42.531 0.0000000000
43743  33.297  -41.847  41.337 0.0000000000
42622  30.498  -42.854  40.377 0.0000000000
44836  31.227  -40.189  39.088 0.0000000000
46013  30.922  -39.514  38.736 0.0000000000
46021  29.762  -39.070  37.654 0.0000000000
44852  25.472  -40.662  37.187 0.0000000000
46024  26.774  -39.651  36.931 0.0000000000
44851  26.227  -40.340  37.553 0.0000000000
44840  27.748  -40.712  38.372 0.0000000000
47234  28.337  -38.467  36.421 0.0000000000
47233  29.025  -38.361  36.743 0.0000000000
68934  46.087  -19.136  35.351 0.0000000000
63450  54.082  -24.857  38.439 0.0000000000
35532  25.661  -48.104  51.655 0.0000000000
35504  25.610  -48.065  53.424 0.0000000000
42595  36.333  -42.323  44.501 0.0000000000
42594  37.052  -42.146  45.140 0.0000000000
43719  36.596  -41.334  44.127 0.0000000000
44782  36.193  -40.820  43.600 0.0000000000
44814  35.180  -40.590  42.318 0.0000000000
43742  34.202  -41.375  41.789 0.0000000000
37930  21.422  -45.733  45.544 0.0000000000
35594  33.955  -48.250  48.196 0.0000000000
35607  34.238  -48.121  47.360 0.0000000000
34429  33.897  -48.732  47.294 0.0000000000
34443  33.529  -48.501  46.747 0.0000000000
35647  32.861  -47.821  45.479 0.0000000000
35635  32.423  -48.222  45.942 0.0000000000
35636  31.671  -48.179  45.857 0.0000000000
36767  25.236  -47.294  46.016 0.0000000000
59762  51.690  -28.312  39.268 0.0000000000
59761  51.897  -28.488  39.242 0.0000000000
59771  51.847  -28.497  38.998 0.0000000000
58726  51.734  -28.109  37.903 0.0000000000
58741  51.776  -27.792  37.183 0.0000000000
63339  48.693  -25.258  46.228 0.0000000000
57582  46.720  -29.549  46.350 0.0000000000
57599  46.523  -29.160  45.628 0.0000000000
57641  45.854  -29.539  43.638 0.0000000000
56568  45.311  -30.551  42.678 0.0000000000
50748  39.256  -35.132  41.270 0.0000000000
51918  39.796  -34.787  41.195 0.0000000000
41419  29.333  -44.262  41.285 0.0000000000
41425  29.118  -43.989  40.877 0.0000000000
42632  27.658  -42.930  39.992 0.0000000000
67882  45.415  -20.702  37.177 0.0000000000
66859  44.246  -21.222  37.169 0.0000000000
35585  23.840  -47.759  49.338 0.0000000000
34377  24.471  -48.734  51.441 0.0000000000
33207  30.641  -49.552  49.252 0.0000000000
32097  30.526  -49.419  48.883 0.0000000000
33209  29.334  -49.481  49.328 0.0000000000
34409  28.942  -49.334  49.084 0.0000000000
44749  41.498  -39.795  46.057 0.0000000000
44761  41.669  -39.081  45.637 0.0000000000
44762  41.119  -39.376  45.795 0.0000000000
45945  40.531  -38.749  45.200 0.0000000000
45961  40.123  -38.665  44.671 0.0000000000
47157  37.576  -38.725  43.301 0.0000000000
47156  38.060  -38.467  43.468 0.0000000000
49536  38.604  -36.784  42.315 0.0000000000
48391  38.222  -37.094  42.206 0.0000000000
49554  36.801  -36.774  41.196 0.0000000000
47201  34.653  -38.575  40.662 0.0000000000
47208  32.644  -38.491  39.461 0.0000000000
39147  23.932  -44.882  38.770 0.0000000000
40290  23.442  -44.490  37.810 0.0000000000
62194  45.341  -25.529  37.045 0.0000000000
63492  45.642  -25.388  36.812 0.0000000000
62188  50.352  -25.732  36.654 0.0000000000
39092  19.628  -44.800  43.117 0.0000000000
36771  21.247  -46.429  46.898 0.0000000000
37912  35.562  -45.764  45.760 0.0000000000
39066  35.363  -45.519  45.346 0.0000000000
40235  34.817  -44.542  44.416 0.0000000000
40239  34.149  -44.251  43.847 0.0000000000
37966  31.303  -46.052  43.000 0.0000000000
39101  28.780  -45.211  43.012 0.0000000000
35674  26.727  -47.236  43.122 0.0000000000
37971  26.496  -46.280  42.285 0.0000000000
37989  26.033  -46.326  40.814 0.0000000000
37982  25.577  -46.365  41.384 0.0000000000
39104  22.903  -45.321  42.180 0.0000000000
39103  23.525  -45.603  41.800 0.0000000000
40246  22.778  -45.059  41.601 0.0000000000
40259  22.551  -44.806  41.054 0.0000000000
40280  20.670  -45.116  39.704 0.0000000000
62035  53.799  -25.816  40.927 0.0000000000
58723  54.674  -28.296  37.775 0.0000000000
34296  23.057  -49.080  56.432 0.0000000000
34327  21.666  -49.236  54.530 0.0000000000
36631  18.107  -47.102  56.425 0.0000000000
35507  19.256  -47.569  54.462 0.0000000000
36677  18.733  -47.527  52.817 0.0000000000
36720  16.244  -47.064  50.886 0.0000000000
60848  44.257  -26.337  39.470 0.0000000000
62064  48.653  -26.307  40.350 0.0000000000
60785  48.332  -26.222  42.907 0.0000000000
62041  48.865  -26.195  42.305 0.0000000000
63384  52.522  -24.632  43.185 0.0000000000
60743  52.173  -25.686  44.534 0.0000000000
61983  52.276  -25.321  44.393 0.0000000000
59704  52.211  -26.810  43.236 0.0000000000
58640  50.935  -27.767  42.588 0.0000000000
61903  49.052  -26.008  49.218 0.0000000000
61922  49.523  -25.824  48.723 0.0000000000
60661  49.485  -26.212  48.429 0.0000000000
60691  49.413  -26.474  47.368 0.0000000000
60707  49.416  -26.569  46.844 0.0000000000
58614  47.905  -27.888  43.923 0.0000000000
59687  48.505  -27.454  44.333 0.0000000000
59728  48.737  -27.739  43.238 0.0000000000
58641  49.223  -27.749  42.209 0.0000000000
58691  48.527  -28.577  39.784 0.0000000000
53089  46.643  -33.429  44.680 0.0000000000
48320  42.329  -37.257  44.480 0.0000000000
48319  42.916  -36.908  44.438 0.0000000000
49484  42.496  -36.773  44.174 0.0000000000
49507  43.150  -36.343  43.657 0.0000000000
51915  42.383  -34.313  41.361 0.0000000000
54344  43.190  -31.941  39.692 0.0000000000
55510  41.262  -31.873  38.466 0.0000000000
55509  42.109  -31.676  38.648 0.0000000000
55518  41.545  -31.341  37.941 0.0000000000
56640  41.817  -30.441  36.914 0.0000000000
56641  41.267  -30.733  36.972 0.0000000000
57733  41.028  -30.394  36.521 0.0000000000
57741  40.829  -30.087  36.129 0.0000000000
56649  39.488  -30.773  35.270 0.0000000000
55530  37.729  -31.529  36.127 0.0000000000
55531  37.210  -31.506  35.803 0.0000000000
54395  37.113  -31.596  35.211 0.0000000000
50761  35.926  -35.493  39.549 0.0000000000
51940  35.908  -34.720  39.134 0.0000000000
51978  33.118  -34.035  36.330 0.0000000000
42616  33.022  -42.627  41.757 0.0000000000
42617  32.444  -42.637  41.152 0.0000000000
43763  30.679  -40.915  39.167 0.0000000000
46015  29.551  -40.027  37.980 0.0000000000
43768  25.835  -41.699  38.586 0.0000000000
46037  25.286  -40.331  35.829 0.0000000000
44860  25.744  -40.232  36.870 0.0000000000
63525  45.520  -25.054  35.328 0.0000000000
63515  43.908  -24.483  35.263 0.0000000000
63432  55.096  -24.658  38.702 0.0000000000
34358  24.148  -49.103  52.261 0.0000000000
34373  27.856  -49.208  50.786 0.0000000000
42578  38.287  -42.151  45.959 0.0000000000
42593  37.787  -41.959  45.325 0.0000000000
44779  38.423  -39.872  44.453 0.0000000000
45965  37.157  -39.555  43.546 0.0000000000
45975  37.277  -39.016  43.241 0.0000000000
47175  36.788  -38.962  42.269 0.0000000000
47185  36.459  -38.598  41.756 0.0000000000
39173  21.611  -45.120  36.667 0.0000000000
38027  20.834  -45.874  36.189 0.0000000000
40248  21.063  -44.738  42.239 0.0000000000
40261  20.388  -44.815  41.504 0.0000000000
40242  20.444  -44.802  42.744 0.0000000000
39076  21.128  -45.300  43.758 0.0000000000
36758  19.986  -46.939  47.721 0.0000000000
37935  16.831  -46.708  45.710 0.0000000000
35630  15.923  -47.625  46.558 0.0000000000
35620  34.371  -48.030  46.623 0.0000000000
36764  34.586  -47.346  46.479 0.0000000000
36777  34.723  -47.120  45.962 0.0000000000
37927  33.846  -46.627  45.290 0.0000000000
37940  32.940  -46.732  44.351 0.0000000000
36804  32.528  -46.901  44.392 0.0000000000
36805  31.945  -46.866  44.226 0.0000000000
36806  31.041  -46.913  44.286 0.0000000000
36807  30.064  -46.726  44.301 0.0000000000
35641  26.901  -47.747  45.602 0.0000000000
36781  26.760  -47.646  45.083 0.0000000000
36795  26.605  -47.600  44.500 0.0000000000
36811  25.724  -47.230  43.492 0.0000000000
36812  25.416  -46.731  43.135 0.0000000000
37957  25.059  -46.482  42.871 0.0000000000
59749  52.984  -27.417  40.855 0.0000000000
59760  53.205  -27.491  40.196 0.0000000000
58704  53.048  -28.184  38.674 0.0000000000
58724  53.827  -28.285  37.696 0.0000000000
36679  17.265  -47.018  53.446 0.0000000000
36707  15.566  -47.503  52.140 0.0000000000
64589  50.627  -24.867  44.070 0.0000000000
64580  50.499  -24.779  44.507 0.0000000000
64569  50.939  -24.571  44.904 0.0000000000
63355  51.278  -24.594  45.262 0.0000000000
64558  50.458  -24.678  45.459 0.0000000000
61962  51.957  -25.335  45.131 0.0000000000
60745  51.221  -26.518  44.911 0.0000000000
58588  47.848  -27.482  47.335 0.0000000000
58605  46.614  -28.620  45.143 0.0000000000
58615  47.410  -28.244  44.349 0.0000000000
58627  47.358  -28.446  43.652 0.0000000000
50677  45.313  -35.034  44.402 0.0000000000
49534  40.567  -36.184  43.027 0.0000000000
49533  41.517  -35.918  43.313 0.0000000000
50719  41.064  -35.416  42.678 0.0000000000
50735  41.421  -34.836  42.260 0.0000000000
51904  41.985  -34.572  42.071 0.0000000000
51917  40.554  -34.740  41.307 0.0000000000
51916  41.471  -34.556  41.499 0.0000000000
53144  42.952  -33.243  40.376 0.0000000000
54333  42.578  -33.017  40.080 0.0000000000
54347  41.463  -32.651  39.432 0.0000000000
54348  40.916  -32.705  39.497 0.0000000000
55511  40.783  -32.028  38.400 0.0000000000
55520  39.689  -31.708  37.453 0.0000000000
55528  39.457  -31.311  36.759 0.0000000000
54382  38.448  -31.913  37.245 0.0000000000
53179  38.321  -32.688  37.942 0.0000000000
54377  38.096  -32.366  37.546 0.0000000000
50772  33.852  -35.674  38.423 0.0000000000
51963  32.424  -35.229  37.165 0.0000000000
41417  31.518  -43.746  41.181 0.0000000000
43765  28.793  -41.101  39.128 0.0000000000
43775  24.678  -41.797  37.547 0.0000000000
43783  24.479  -41.591  36.508 0.0000000000
44871  24.618  -41.290  35.614 0.0000000000
67894  45.312  -20.203  36.286 0.0000000000
67904  45.156  -20.032  35.725 0.0000000000
67916  44.214  -20.792  34.425 0.0000000000
67917  43.805  -21.262  34.023 0.0000000000
36755  22.700  -46.746  47.376 0.0000000000
36729  20.929  -47.167  48.820 0.0000000000
33204  32.925  -49.881  48.925 0.0000000000
33222  32.174  -49.503  48.596 0.0000000000
33235  32.155  -49.083  48.061 0.0000000000
34432  31.671  -48.661  47.670 0.0000000000
34433  30.963  -48.568  47.998 0.0000000000
34434  30.274  -48.561  47.538 0.0000000000
33225  30.316  -49.164  48.646 0.0000000000
35608  29.781  -48.513  47.393 0.0000000000
35609  29.253  -48.439  47.392 0.0000000000
35595  27.952  -48.635  48.176 0.0000000000
35629  25.589  -47.627  46.293 0.0000000000
58728  49.774  -28.423  37.866 0.0000000000
59785  49.769  -28.142  37.314 0.0000000000
59793  49.816  -27.816  36.834 0.0000000000
59801  50.024  -27.681  35.971 0.0000000000
63248  48.506  -25.552  49.327 0.0000000000
61904  48.514  -26.240  49.385 0.0000000000
59628  48.451  -26.901  49.290 0.0000000000
59627  48.421  -27.449  49.262 0.0000000000
59612  48.523  -27.826  49.916 0.0000000000
58568  48.288  -28.006  48.853 0.0000000000
58580  47.683  -28.547  48.314 0.0000000000
58581  47.363  -29.047  47.988 0.0000000000
57568  47.425  -29.542  47.655 0.0000000000
56486  47.945  -30.217  47.966 0.0000000000
56487  47.637  -30.090  47.682 0.0000000000
56502  46.730  -30.031  46.739 0.0000000000
55401  46.441  -31.070  45.472 0.0000000000
48347  41.836  -37.277  44.252 0.0000000000
48348  41.382  -37.309  43.955 0.0000000000
47154  40.249  -38.242  44.104 0.0000000000
49551  39.122  -35.982  41.879 0.0000000000
51927  37.701  -34.856  40.249 0.0000000000
51928  36.980  -34.828  40.227 0.0000000000
50760  36.516  -35.442  40.160 0.0000000000
50762  35.219  -35.788  39.297 0.0000000000
48394  35.871  -37.859  41.233 0.0000000000
49577  33.610  -36.589  38.645 0.0000000000
48425  31.658  -37.067  37.789 0.0000000000
41427  27.041  -43.854  40.476 0.0000000000
41428  26.377  -44.205  40.336 0.0000000000
41433  25.117  -43.772  39.288 0.0000000000
40277  24.775  -44.636  39.305 0.0000000000
39159  23.155  -44.880  37.591 0.0000000000
40302  22.551  -44.422  36.445 0.0000000000
41445  22.717  -43.969  36.932 0.0000000000
41444  23.278  -43.832  37.418 0.0000000000
42649  23.636  -43.087  37.234 0.0000000000
62191  47.472  -25.761  36.767 0.0000000000
62219  47.551  -25.653  35.943 0.0000000000
39123  19.686  -45.163  41.128 0.0000000000
39135  19.274  -45.655  40.658 0.0000000000
39059  20.947  -45.822  46.364 0.0000000000
39068  20.984  -45.706  46.061 0.0000000000
37945  20.142  -45.763  45.074 0.0000000000
39060  18.890  -45.638  45.799 0.0000000000
39079  18.221  -45.646  44.628 0.0000000000
37961  17.987  -46.532  43.227 0.0000000000
40228  36.853  -43.900  46.033 0.0000000000
41400  36.003  -43.298  44.715 0.0000000000
42596  35.730  -42.753  44.372 0.0000000000
42607  33.484  -43.018  42.818 0.0000000000
42608  33.362  -43.314  42.798 0.0000000000
40253  31.968  -44.223  41.971 0.0000000000
39085  32.171  -45.947  43.219 0.0000000000
39097  32.314  -44.942  42.377 0.0000000000
39111  32.125  -44.663  42.147 0.0000000000
40254  31.490  -44.162  41.618 0.0000000000
40266  28.944  -44.395  41.299 0.0000000000
34456  31.353  -48.371  46.281 0.0000000000
35662  30.235  -47.384  44.656 0.0000000000
39087  28.944  -45.695  43.355 0.0000000000
37968  28.484  -45.742  42.751 0.0000000000
37978  28.411  -45.643  42.528 0.0000000000
37979  27.965  -45.823  42.219 0.0000000000
39126  26.632  -45.191  40.876 0.0000000000
39128  25.118  -45.518  40.001 0.0000000000
39140  23.341  -45.460  39.286 0.0000000000
37984  23.844  -46.049  40.956 0.0000000000
37985  23.413  -45.757  40.538 0.0000000000
39151  20.581  -45.383  38.454 0.0000000000
59758  54.392  -26.985  39.414 0.0000000000
59770  54.665  -26.904  38.812 0.0000000000
60865  55.215  -25.916  38.370 0.0000000000
59799  51.858  -27.587  35.545 0.0000000000
36675  25.428  -47.758  52.888 0.0000000000
34380  21.889  -48.855  52.328 0.0000000000
34361  21.383  -48.798  52.783 0.0000000000
35574  19.150  -47.646  50.758 0.0000000000
35506  20.103  -47.928  53.948 0.0000000000
35520  19.917  -48.183  53.112 0.0000000000
65765  44.543  -22.359  38.054 0.0000000000
64650  43.883  -22.986  37.863 0.0000000000
63451  43.654  -23.899  38.541 0.0000000000
62162  44.912  -25.712  37.416 0.0000000000
62161  45.730  -25.705  37.346 0.0000000000
62124  46.138  -26.225  37.907 0.0000000000
63420  43.564  -24.750  39.431 0.0000000000
60849  43.614  -25.867  39.449 0.0000000000
62095  44.027  -25.961  38.747 0.0000000000
60844  48.413  -26.423  39.130 0.0000000000
60806  46.171  -27.142  41.336 0.0000000000
60823  48.731  -26.392  40.893 0.0000000000
63418  53.033  -24.851  41.300 0.0000000000
63400  53.397  -25.076  41.462 0.0000000000
63401  53.246  -24.626  41.959 0.0000000000
62036  53.569  -25.371  41.484 0.0000000000
63368  52.778  -24.777  43.445 0.0000000000
62001  53.165  -25.345  43.236 0.0000000000
59737  53.308  -26.849  41.316 0.0000000000
58670  52.005  -28.001  40.444 0.0000000000
58688  51.644  -28.211  39.700 0.0000000000
63291  48.126  -24.801  47.763 0.0000000000
63290  49.077  -25.131  47.713 0.0000000000
63288  50.626  -25.216  47.243 0.0000000000
61933  50.112  -25.809  47.611 0.0000000000
61932  50.630  -25.550  47.181 0.0000000000
60704  51.134  -26.044  46.227 0.0000000000
60723  50.746  -26.524  45.605 0.0000000000
59653  48.636  -26.685  47.312 0.0000000000
59662  49.000  -26.794  46.459 0.0000000000
59661  49.630  -26.676  46.219 0.0000000000
59672  49.880  -26.727  45.626 0.0000000000
59685  50.576  -26.775  44.656 0.0000000000
59739  50.174  -27.502  42.063 0.0000000000
57708  46.238  -28.671  38.701 0.0000000000
54234  47.206  -31.594  46.283 0.0000000000
54246  46.340  -31.641  45.131 0.0000000000
50676  45.736  -34.988  44.113 0.0000000000
49531  43.113  -35.754  43.190 0.0000000000
50716  43.723  -35.387  43.161 0.0000000000
50695  45.942  -35.024  43.763 0.0000000000
51891  46.318  -34.550  43.939 0.0000000000
54266  45.880  -32.444  43.561 0.0000000000
55426  45.824  -31.866  44.115 0.0000000000
55427  45.483  -31.363  43.544 0.0000000000
56589  45.099  -30.765  41.882 0.0000000000
56590  44.556  -30.927  41.303 0.0000000000
57687  44.439  -30.260  40.870 0.0000000000
56624  43.639  -30.188  38.783 0.0000000000
54332  42.975  -32.776  39.999 0.0000000000
55495  42.787  -31.512  39.274 0.0000000000
56613  43.218  -31.076  39.292 0.0000000000
55552  38.933  -30.865  35.027 0.0000000000
53159  37.344  -33.950  39.147 0.0000000000
51949  36.379  -34.200  38.839 0.0000000000
53193  35.198  -32.677  36.643 0.0000000000
44824  33.061  -40.610  40.598 0.0000000000
41422  31.713  -43.118  40.610 0.0000000000
43750  31.825  -42.103  40.411 0.0000000000
42628  31.118  -41.951  39.830 0.0000000000
43752  32.087  -41.128  40.041 0.0000000000
47220  30.955  -38.255  38.209 0.0000000000
42633  26.550  -42.700  39.423 0.0000000000
43773  26.247  -41.031  38.251 0.0000000000
44839  28.768  -40.743  38.528 0.0000000000
44848  29.172  -40.330  37.921 0.0000000000
47222  29.458  -38.557  37.268 0.0000000000
48428  29.369  -38.062  36.843 0.0000000000
65775  43.469  -22.846  36.430 0.0000000000
65785  43.281  -22.827  35.222 0.0000000000
62262  45.193  -25.184  33.925 0.0000000000
32098  30.303  -49.303  48.842 0.0000000000
32109  31.228  -49.382  48.651 0.0000000000
32111  30.518  -49.263  48.711 0.0000000000
32119  31.261  -49.195  48.505 0.0000000000
32120  31.033  -49.263  48.590 0.0000000000
33125  21.761  -49.181  56.159 0.0000000000
33127  21.329  -48.752  56.151 0.0000000000
33132  21.721  -49.248  55.931 0.0000000000
33133  21.518  -49.056  55.820 0.0000000000
33206  31.379  -49.641  49.288 0.0000000000
33221  32.712  -49.309  48.289 0.0000000000
33224  30.577  -48.917  48.378 0.0000000000
34442  34.205  -48.571  46.858 0.0000000000
34453  33.698  -48.245  46.393 0.0000000000
35508  18.717  -47.451  54.305 0.0000000000
35621  33.055  -48.279  46.518 0.0000000000
35668  25.928  -46.999  43.197 0.0000000000
36752  34.255  -47.438  47.319 0.0000000000
36765  34.267  -47.535  46.209 0.0000000000
37956  28.424  -46.654  43.183 0.0000000000
39058  21.161  -45.819  46.284 0.0000000000
39067  21.285  -45.771  46.073 0.0000000000
39102  28.560  -45.735  43.014 0.0000000000
39132  20.773  -44.994  40.157 0.0000000000
40241  20.846  -44.894  42.792 0.0000000000
40245  32.200  -44.138  42.211 0.0000000000
40273  20.779  -44.995  39.907 0.0000000000
40301  23.042  -44.088  35.804 0.0000000000
41409  34.404  -42.611  43.128 0.0000000000
43678  41.691  -39.994  46.244 0.0000000000
44870  24.869  -40.997  35.434 0.0000000000
47151  43.271  -37.066  44.607 0.0000000000
47152  41.507  -37.580  44.291 0.0000000000
51877  45.393  -34.769  44.674 0.0000000000
53136  42.304  -33.935  40.843 0.0000000000
53148  39.241  -34.134  40.067 0.0000000000
54374  40.451  -32.229  38.302 0.0000000000
55540  37.157  -31.543  35.509 0.0000000000
57557  47.918  -29.571  48.483 0.0000000000
57567  47.752  -29.798  47.983 0.0000000000
57639  46.970  -28.647  43.572 0.0000000000
58587  48.263  -27.039  47.769 0.0000000000
59772  51.686  -28.340  39.027 0.0000000000
60663  48.618  -26.473  49.220 0.0000000000
61888  48.481  -25.924  49.390 0.0000000000
61902  49.517  -26.115  48.815 0.0000000000
61921  49.701  -25.879  48.198 0.0000000000
62193  45.676  -25.470  37.062 0.0000000000
63230  48.219  -25.773  49.502 0.0000000000
63265  49.581  -25.684  48.280 0.0000000000
63371  50.118  -25.070  44.514 0.0000000000
63471  45.919  -25.402  37.053 0.0000000000
64568  51.248  -24.611  44.527 0.0000000000
64570  50.401  -24.691  45.104 0.0000000000
64578  51.423  -24.715  44.325 0.0000000000
64588  50.810  -24.850  43.898 0.0000000000
