#!ascii label  , from subject sub-01 vox2ras=TkReg
685
37846  25.525  -47.612  51.860 0.0000000000
57602  41.634  -28.601  44.555 0.0000000000
63293  46.697  -25.183  47.368 0.0000000000
47085  43.462  -38.157  46.627 0.0000000000
39039  30.563  -46.391  48.310 0.0000000000
34372  28.869  -49.238  50.895 0.0000000000
61909  42.384  -25.725  48.314 0.0000000000
55334  46.438  -30.547  49.454 0.0000000000
44664  39.494  -39.959  48.744 0.0000000000
39047  33.837  -45.977  47.184 0.0000000000
64609  44.642  -23.548  40.536 0.0000000000
60771  43.742  -26.745  43.351 0.0000000000
50642  40.922  -35.785  45.820 0.0000000000
54216  44.349  -32.922  45.945 0.0000000000
37857  28.468  -47.433  50.799 0.0000000000
35530  27.528  -48.173  51.504 0.0000000000
59666  41.240  -27.113  46.221 0.0000000000
59630  44.914  -27.530  49.094 0.0000000000
58590  44.045  -28.808  47.409 0.0000000000
42577  38.738  -41.956  46.306 0.0000000000
35565  33.023  -48.151  49.868 0.0000000000
39037  32.346  -46.125  47.831 0.0000000000
36739  34.282  -47.547  47.992 0.0000000000
65710  44.631  -22.735  41.403 0.0000000000
62065  43.538  -25.126  40.344 0.0000000000
62042  43.725  -25.375  40.976 0.0000000000
63322  42.407  -25.585  46.323 0.0000000000
62008  42.114  -26.335  43.870 0.0000000000
61969  44.643  -26.180  45.540 0.0000000000
60747  46.610  -26.568  44.565 0.0000000000
61965  49.208  -25.329  45.461 0.0000000000
45839  42.143  -39.621  48.896 0.0000000000
48234  40.119  -37.799  47.498 0.0000000000
48256  42.235  -37.234  47.056 0.0000000000
51822  42.710  -34.758  45.831 0.0000000000
49407  43.700  -35.496  46.607 0.0000000000
51819  45.052  -34.284  46.402 0.0000000000
49468  44.505  -36.127  45.248 0.0000000000
36716  30.472  -47.413  50.445 0.0000000000
64545  40.784  -24.946  46.370 0.0000000000
64488  44.683  -25.309  48.542 0.0000000000
61876  46.465  -26.614  49.619 0.0000000000
57523  48.247  -29.199  49.631 0.0000000000
42547  36.943  -42.415  47.151 0.0000000000
43639  38.665  -42.006  47.427 0.0000000000
43636  40.881  -41.348  47.274 0.0000000000
44748  42.067  -39.576  46.017 0.0000000000
47126  42.857  -37.764  44.949 0.0000000000
42549  35.210  -42.681  46.869 0.0000000000
40217  35.988  -44.230  46.320 0.0000000000
65737  45.328  -22.665  39.342 0.0000000000
62044  42.757  -25.570  41.491 0.0000000000
60788  45.413  -27.368  42.352 0.0000000000
62041  48.865  -26.195  42.305 0.0000000000
55385  43.980  -30.649  45.493 0.0000000000
54180  45.349  -31.820  48.043 0.0000000000
53055  46.910  -33.390  46.359 0.0000000000
35532  25.661  -48.104  51.655 0.0000000000
37845  26.462  -47.471  51.608 0.0000000000
35531  26.645  -48.116  51.562 0.0000000000
59677  41.061  -27.276  45.249 0.0000000000
59664  42.944  -27.557  46.647 0.0000000000
58598  42.951  -28.626  46.437 0.0000000000
35580  34.086  -48.061  48.812 0.0000000000
65701  44.077  -23.124  41.553 0.0000000000
63387  44.058  -24.034  41.499 0.0000000000
63388  43.613  -24.040  41.643 0.0000000000
63295  44.688  -25.324  47.407 0.0000000000
61952  43.768  -25.597  46.069 0.0000000000
63320  45.585  -25.346  46.839 0.0000000000
61949  47.035  -25.407  46.308 0.0000000000
45868  42.981  -39.220  47.418 0.0000000000
48231  42.415  -38.048  47.406 0.0000000000
48255  43.052  -37.140  47.219 0.0000000000
49428  42.886  -36.176  46.709 0.0000000000
48279  44.177  -37.075  46.589 0.0000000000
49450  44.109  -36.128  45.970 0.0000000000
48298  44.151  -36.991  45.701 0.0000000000
37870  29.724  -47.283  50.268 0.0000000000
35546  30.143  -48.390  51.203 0.0000000000
34391  31.327  -49.232  50.241 0.0000000000
63301  39.560  -25.045  46.561 0.0000000000
63343  39.590  -24.590  45.637 0.0000000000
64535  40.405  -24.885  46.988 0.0000000000
64512  42.400  -24.947  47.744 0.0000000000
64469  42.793  -24.928  48.267 0.0000000000
63233  46.105  -25.823  49.458 0.0000000000
61893  43.926  -25.909  49.600 0.0000000000
57526  46.068  -29.283  49.060 0.0000000000
58542  46.555  -28.478  49.993 0.0000000000
56441  47.168  -30.117  50.228 0.0000000000
56472  48.230  -30.302  48.484 0.0000000000
55353  48.116  -31.156  48.530 0.0000000000
41350  37.293  -43.082  46.950 0.0000000000
42546  38.015  -42.344  47.373 0.0000000000
41349  38.249  -43.140  46.959 0.0000000000
43663  39.966  -41.724  46.547 0.0000000000
43661  42.106  -40.463  46.525 0.0000000000
39035  33.443  -46.081  47.344 0.0000000000
40203  33.648  -44.913  46.802 0.0000000000
41353  34.589  -43.724  46.494 0.0000000000
41352  35.450  -43.393  46.873 0.0000000000
40202  34.910  -44.650  46.653 0.0000000000
65709  45.921  -22.256  41.438 0.0000000000
64624  44.721  -23.324  39.514 0.0000000000
60827  44.625  -26.511  40.369 0.0000000000
60772  42.842  -26.294  43.391 0.0000000000
60792  41.901  -26.597  42.334 0.0000000000
60791  42.612  -26.324  42.485 0.0000000000
60810  42.433  -26.250  41.726 0.0000000000
60790  43.404  -26.435  42.466 0.0000000000
60789  44.311  -26.976  42.394 0.0000000000
60770  44.779  -27.459  43.627 0.0000000000
62006  48.543  -25.783  43.689 0.0000000000
60767  47.657  -26.315  43.740 0.0000000000
44684  38.087  -40.329  48.272 0.0000000000
47038  38.757  -38.777  48.466 0.0000000000
49431  40.007  -36.859  47.244 0.0000000000
49432  39.285  -36.882  46.968 0.0000000000
51821  43.381  -34.372  46.026 0.0000000000
53059  42.857  -33.929  45.157 0.0000000000
54236  44.110  -32.816  45.557 0.0000000000
55415  43.500  -31.815  44.561 0.0000000000
54215  44.596  -32.173  46.111 0.0000000000
55367  44.737  -31.161  46.745 0.0000000000
54195  45.179  -32.253  47.004 0.0000000000
51850  45.857  -34.322  45.343 0.0000000000
53056  46.061  -33.608  46.361 0.0000000000
51849  46.633  -34.149  45.815 0.0000000000
53088  47.150  -33.109  45.496 0.0000000000
36702  28.207  -47.893  51.316 0.0000000000
35548  28.138  -48.629  51.185 0.0000000000
34373  27.856  -49.208  50.786 0.0000000000
35549  27.216  -48.583  51.137 0.0000000000
60694  41.848  -26.373  47.435 0.0000000000
60666  42.893  -26.294  48.709 0.0000000000
59647  43.239  -26.889  48.077 0.0000000000
58571  44.944  -28.378  48.492 0.0000000000
56457  45.739  -30.205  48.668 0.0000000000
37885  31.660  -46.934  48.974 0.0000000000
39038  31.529  -46.137  48.068 0.0000000000
37866  32.769  -47.000  49.264 0.0000000000
37882  33.909  -46.893  48.521 0.0000000000
37904  34.150  -46.735  47.334 0.0000000000
37903  35.032  -46.385  46.977 0.0000000000
36751  34.689  -47.165  46.958 0.0000000000
64598  45.270  -22.972  40.984 0.0000000000
63402  44.115  -24.405  40.943 0.0000000000
63341  41.292  -25.360  44.997 0.0000000000
61972  42.067  -25.937  45.253 0.0000000000
61970  43.653  -25.803  45.480 0.0000000000
61988  44.064  -26.172  44.909 0.0000000000
59691  45.164  -27.234  44.291 0.0000000000
60726  45.609  -26.454  45.216 0.0000000000
61986  47.681  -26.071  44.604 0.0000000000
45841  40.740  -39.501  48.932 0.0000000000
47037  39.426  -38.712  48.872 0.0000000000
47052  41.015  -38.748  47.812 0.0000000000
48233  40.787  -38.049  47.292 0.0000000000
50623  41.422  -35.978  46.349 0.0000000000
50641  41.802  -35.348  45.805 0.0000000000
50622  42.488  -35.437  46.218 0.0000000000
50621  43.300  -35.183  46.406 0.0000000000
51811  43.835  -34.388  46.409 0.0000000000
53025  44.586  -33.619  46.585 0.0000000000
51820  44.551  -34.541  46.394 0.0000000000
50639  44.639  -35.395  45.727 0.0000000000
50659  45.258  -35.268  44.925 0.0000000000
37889  28.443  -46.910  49.658 0.0000000000
37887  30.064  -47.028  49.405 0.0000000000
37886  30.819  -46.910  49.098 0.0000000000
36698  31.711  -47.701  49.923 0.0000000000
33191  32.778  -49.784  49.780 0.0000000000
64544  41.653  -25.279  46.377 0.0000000000
64531  43.192  -25.436  47.364 0.0000000000
64530  45.681  -25.420  47.941 0.0000000000
64485  47.153  -25.051  48.861 0.0000000000
63231  47.761  -25.624  49.530 0.0000000000
59613  48.410  -27.277  49.794 0.0000000000
60649  45.742  -27.060  49.549 0.0000000000
59598  47.626  -27.755  50.425 0.0000000000
43640  36.353  -41.612  47.251 0.0000000000
43612  36.898  -41.196  47.445 0.0000000000
43611  37.612  -41.108  47.841 0.0000000000
44683  39.038  -40.533  48.235 0.0000000000
42562  39.165  -42.481  46.663 0.0000000000
43637  39.883  -41.704  47.271 0.0000000000
44681  40.757  -40.537  48.355 0.0000000000
43606  41.935  -40.911  48.161 0.0000000000
44706  42.462  -40.003  47.425 0.0000000000
45917  42.944  -38.684  45.920 0.0000000000
47104  43.725  -37.894  45.408 0.0000000000
45943  42.117  -38.618  45.442 0.0000000000
42548  36.067  -42.379  47.138 0.0000000000
41351  36.294  -43.241  46.869 0.0000000000
40216  36.691  -43.601  46.158 0.0000000000
39057  35.228  -45.398  46.297 0.0000000000
39056  35.969  -45.123  45.874 0.0000000000
66812  46.508  -21.663  39.262 0.0000000000
64592  43.030  -24.012  41.695 0.0000000000
62043  43.293  -25.472  41.328 0.0000000000
60808  43.847  -26.282  41.370 0.0000000000
60807  45.011  -26.892  41.340 0.0000000000
59709  46.080  -27.158  43.575 0.0000000000
60787  46.493  -27.103  42.395 0.0000000000
60805  47.286  -26.792  41.517 0.0000000000
48236  38.770  -38.270  47.616 0.0000000000
56532  43.190  -30.304  44.507 0.0000000000
57600  42.714  -29.483  45.815 0.0000000000
56489  44.053  -29.708  46.582 0.0000000000
56488  44.622  -29.987  47.298 0.0000000000
54179  45.763  -31.830  48.551 0.0000000000
53024  45.424  -33.064  47.194 0.0000000000
54193  46.258  -32.342  48.064 0.0000000000
54192  47.193  -32.001  48.696 0.0000000000
54232  48.088  -32.241  47.156 0.0000000000
47125  43.534  -37.162  44.762 0.0000000000
49505  44.518  -36.211  43.951 0.0000000000
36689  25.887  -47.701  51.785 0.0000000000
35518  25.305  -47.938  52.520 0.0000000000
36675  25.428  -47.758  52.888 0.0000000000
58607  41.645  -28.174  45.056 0.0000000000
59676  41.887  -27.623  45.707 0.0000000000
58606  42.451  -28.398  45.583 0.0000000000
64591  43.502  -23.604  41.468 0.0000000000
63294  45.620  -25.330  47.457 0.0000000000
63321  45.034  -25.235  47.020 0.0000000000
63319  46.379  -25.273  46.877 0.0000000000
63318  47.287  -25.055  46.820 0.0000000000
47067  43.004  -38.171  47.167 0.0000000000
47066  44.000  -37.842  47.015 0.0000000000
48254  43.716  -37.282  47.101 0.0000000000
47084  44.101  -37.967  46.288 0.0000000000
35547  29.109  -48.515  51.110 0.0000000000
36701  29.425  -47.696  51.040 0.0000000000
34371  29.864  -49.121  51.036 0.0000000000
34393  29.593  -49.515  50.338 0.0000000000
63299  40.515  -25.442  47.174 0.0000000000
63273  40.196  -24.940  47.156 0.0000000000
63271  41.367  -25.323  47.295 0.0000000000
64513  41.772  -25.171  47.344 0.0000000000
63254  42.072  -25.205  48.011 0.0000000000
63236  43.548  -25.587  48.966 0.0000000000
63252  42.949  -25.671  48.749 0.0000000000
56442  46.429  -29.887  49.317 0.0000000000
56422  46.640  -29.865  49.939 0.0000000000
55333  46.824  -30.666  50.085 0.0000000000
55341  47.942  -30.783  49.187 0.0000000000
55342  47.380  -30.974  49.299 0.0000000000
41368  37.334  -43.185  46.311 0.0000000000
40187  33.387  -45.830  47.194 0.0000000000
39046  34.818  -45.829  47.149 0.0000000000
65721  46.097  -22.527  40.570 0.0000000000
64608  45.490  -23.012  40.164 0.0000000000
60751  43.322  -26.310  44.015 0.0000000000
62005  49.639  -25.362  44.171 0.0000000000
44665  38.785  -39.930  48.652 0.0000000000
45844  38.434  -39.412  48.435 0.0000000000
45843  39.069  -39.314  48.922 0.0000000000
50624  40.464  -36.020  46.734 0.0000000000
50643  40.034  -35.971  45.971 0.0000000000
53046  43.958  -33.513  45.833 0.0000000000
54235  44.257  -32.017  45.377 0.0000000000
54196  44.574  -32.918  46.413 0.0000000000
51876  45.686  -34.343  44.526 0.0000000000
51875  46.436  -33.968  45.036 0.0000000000
36703  27.643  -47.657  51.623 0.0000000000
37858  27.414  -47.346  51.263 0.0000000000
36687  27.743  -47.984  51.792 0.0000000000
60710  40.603  -26.672  45.811 0.0000000000
60731  40.016  -26.548  45.273 0.0000000000
60695  40.760  -26.367  46.738 0.0000000000
59657  41.605  -26.819  46.801 0.0000000000
60683  42.604  -26.505  47.908 0.0000000000
59656  42.311  -26.918  47.031 0.0000000000
58591  43.554  -28.526  47.184 0.0000000000
58583  43.685  -28.050  47.802 0.0000000000
58582  44.204  -28.404  47.891 0.0000000000
57543  45.550  -29.230  48.589 0.0000000000
57559  45.000  -29.142  47.852 0.0000000000
37867  32.086  -47.428  49.366 0.0000000000
36713  32.886  -47.402  49.539 0.0000000000
35594  33.955  -48.250  48.196 0.0000000000
36727  33.956  -47.296  48.661 0.0000000000
37893  34.032  -46.918  48.116 0.0000000000
36752  34.255  -47.438  47.319 0.0000000000
64599  44.510  -23.553  41.278 0.0000000000
63403  43.640  -24.616  41.331 0.0000000000
63323  41.835  -25.564  45.788 0.0000000000
61954  42.434  -25.878  45.871 0.0000000000
61951  44.878  -25.502  46.399 0.0000000000
60728  43.508  -25.779  45.902 0.0000000000
61989  43.449  -25.983  44.723 0.0000000000
60727  45.079  -26.696  45.136 0.0000000000
61968  45.690  -25.952  45.723 0.0000000000
61966  47.973  -25.425  45.704 0.0000000000
61967  46.818  -25.973  45.480 0.0000000000
61985  48.843  -25.550  44.763 0.0000000000
61964  49.773  -25.085  45.257 0.0000000000
45840  41.565  -39.761  49.134 0.0000000000
47035  41.252  -39.263  48.529 0.0000000000
47034  41.816  -39.380  48.884 0.0000000000
48232  41.657  -38.120  47.389 0.0000000000
48257  41.341  -37.372  46.903 0.0000000000
49430  40.902  -36.667  46.752 0.0000000000
49429  41.893  -36.480  46.659 0.0000000000
49408  43.449  -35.615  46.569 0.0000000000
50609  43.694  -35.045  46.598 0.0000000000
51810  44.091  -34.524  46.554 0.0000000000
50608  44.050  -35.185  46.626 0.0000000000
50660  44.836  -35.549  45.374 0.0000000000
50638  45.153  -35.129  45.471 0.0000000000
49467  45.012  -35.847  45.102 0.0000000000
39029  27.563  -46.524  49.450 0.0000000000
36717  30.044  -47.402  50.849 0.0000000000
37869  30.554  -47.184  49.879 0.0000000000
37868  31.271  -47.323  49.697 0.0000000000
36699  31.163  -47.607  50.377 0.0000000000
64561  40.009  -24.389  45.642 0.0000000000
64572  40.080  -24.569  44.589 0.0000000000
64490  43.019  -24.773  48.150 0.0000000000
64511  43.407  -25.176  47.802 0.0000000000
64510  44.377  -25.361  48.077 0.0000000000
63269  44.912  -25.322  47.816 0.0000000000
64509  45.203  -25.356  48.197 0.0000000000
64508  45.981  -25.474  48.273 0.0000000000
64487  45.495  -25.406  48.660 0.0000000000
61905  45.942  -26.026  49.619 0.0000000000
63232  46.905  -25.686  49.408 0.0000000000
63219  47.035  -26.141  49.577 0.0000000000
61889  48.147  -26.211  49.624 0.0000000000
61874  47.701  -26.472  49.780 0.0000000000
60664  44.441  -26.924  49.248 0.0000000000
60650  44.840  -26.778  49.589 0.0000000000
59615  45.445  -27.364  49.460 0.0000000000
58541  47.033  -28.684  50.331 0.0000000000
58515  46.995  -28.179  50.535 0.0000000000
58539  48.097  -28.323  50.344 0.0000000000
58538  48.453  -28.136  50.101 0.0000000000
58557  48.256  -28.759  49.528 0.0000000000
42527  36.684  -41.879  47.429 0.0000000000
42525  37.882  -41.723  47.834 0.0000000000
43610  38.491  -41.391  47.761 0.0000000000
41366  38.877  -42.954  46.536 0.0000000000
43608  40.416  -41.151  47.856 0.0000000000
43607  41.363  -41.130  48.014 0.0000000000
43634  42.803  -40.432  46.925 0.0000000000
43660  42.608  -40.245  46.607 0.0000000000
44705  43.083  -39.744  46.988 0.0000000000
44747  42.553  -39.234  46.066 0.0000000000
45918  42.474  -38.939  45.775 0.0000000000
39049  31.812  -45.797  47.457 0.0000000000
42550  34.621  -42.975  46.208 0.0000000000
43642  35.121  -42.260  46.514 0.0000000000
40201  35.674  -43.872  46.787 0.0000000000
41369  36.644  -43.310  46.421 0.0000000000
40229  36.226  -44.381  45.678 0.0000000000
65751  44.756  -22.697  38.884 0.0000000000
62009  41.453  -26.360  43.684 0.0000000000
62010  40.731  -26.254  43.259 0.0000000000
60774  41.435  -26.598  42.974 0.0000000000
63405  42.297  -24.915  41.503 0.0000000000
64601  42.588  -23.984  41.396 0.0000000000
63404  43.030  -24.557  41.588 0.0000000000
59690  45.733  -27.091  44.221 0.0000000000
59711  45.307  -27.364  43.992 0.0000000000
59689  46.191  -27.126  43.948 0.0000000000
60786  47.468  -26.601  42.618 0.0000000000
48214  39.961  -38.297  48.025 0.0000000000
48215  39.524  -38.419  48.288 0.0000000000
48235  39.616  -38.056  47.645 0.0000000000
50640  42.340  -35.059  45.803 0.0000000000
54249  43.024  -33.146  44.339 0.0000000000
55403  43.740  -31.228  45.059 0.0000000000
55404  43.392  -30.780  44.785 0.0000000000
56521  43.276  -30.257  45.292 0.0000000000
57620  43.025  -29.393  44.882 0.0000000000
56505  43.090  -30.247  46.111 0.0000000000
56504  44.023  -30.042  45.818 0.0000000000
55355  45.085  -31.085  47.695 0.0000000000
55345  45.436  -31.060  48.473 0.0000000000
53045  44.813  -34.108  46.610 0.0000000000
53044  45.354  -33.737  46.539 0.0000000000
53043  46.181  -33.073  47.128 0.0000000000
54214  46.574  -32.581  47.549 0.0000000000
54213  46.939  -32.175  47.763 0.0000000000
53040  47.827  -32.202  47.717 0.0000000000
53054  47.666  -32.754  46.903 0.0000000000
54244  47.255  -32.671  45.741 0.0000000000
36688  27.105  -47.717  51.892 0.0000000000
60730  40.527  -26.844  45.241 0.0000000000
59665  42.079  -27.309  46.426 0.0000000000
59675  42.624  -27.797  46.024 0.0000000000
58592  43.198  -29.061  46.729 0.0000000000
34407  33.214  -49.222  49.232 0.0000000000
35581  33.376  -48.504  49.262 0.0000000000
34406  34.005  -48.835  48.812 0.0000000000
34418  33.843  -48.765  47.966 0.0000000000
65700  44.309  -23.110  41.553 0.0000000000
64590  44.098  -23.447  41.567 0.0000000000
63296  43.854  -25.478  47.310 0.0000000000
61936  43.456  -25.650  46.470 0.0000000000
61934  44.465  -25.370  46.982 0.0000000000
61950  46.068  -25.591  46.327 0.0000000000
61948  47.568  -25.217  46.351 0.0000000000
45854  42.711  -38.949  47.965 0.0000000000
47051  42.119  -38.909  48.240 0.0000000000
47050  42.723  -38.507  47.856 0.0000000000
49427  43.734  -36.150  46.677 0.0000000000
50620  44.337  -35.389  46.277 0.0000000000
37871  28.799  -47.266  50.157 0.0000000000
36700  30.452  -47.688  51.042 0.0000000000
35545  31.076  -48.240  50.928 0.0000000000
34370  30.799  -48.948  50.889 0.0000000000
61956  39.344  -25.432  45.859 0.0000000000
63325  39.357  -24.985  46.249 0.0000000000
63324  39.624  -24.654  46.064 0.0000000000
64546  40.224  -24.799  46.482 0.0000000000
64534  40.922  -24.906  46.939 0.0000000000
64491  42.371  -24.822  48.053 0.0000000000
64467  44.154  -25.382  48.771 0.0000000000
64466  45.002  -25.275  49.079 0.0000000000
63234  45.379  -25.806  49.460 0.0000000000
61891  45.618  -26.411  49.625 0.0000000000
58570  45.463  -28.379  49.028 0.0000000000
59629  45.579  -27.879  49.371 0.0000000000
57504  46.496  -29.213  49.617 0.0000000000
57503  46.912  -29.437  50.183 0.0000000000
56420  48.145  -29.850  50.516 0.0000000000
57541  48.312  -29.640  48.994 0.0000000000
56454  48.171  -30.229  49.316 0.0000000000
55364  48.408  -31.630  47.808 0.0000000000
43664  39.048  -41.658  46.227 0.0000000000
43662  41.153  -41.071  46.634 0.0000000000
43679  41.075  -40.177  46.132 0.0000000000
39036  33.191  -46.412  47.703 0.0000000000
40189  32.311  -45.543  47.192 0.0000000000
40188  32.913  -45.659  47.165 0.0000000000
41354  33.491  -43.850  46.506 0.0000000000
40218  35.286  -44.689  46.285 0.0000000000
65735  46.762  -22.019  40.153 0.0000000000
64623  45.484  -22.877  39.661 0.0000000000
60828  43.562  -26.094  40.269 0.0000000000
60773  42.067  -26.552  43.151 0.0000000000
60809  43.058  -26.095  41.791 0.0000000000
60746  47.360  -26.392  44.334 0.0000000000
60766  48.158  -26.054  43.428 0.0000000000
49409  39.789  -37.550  47.426 0.0000000000
50625  39.601  -36.112  46.840 0.0000000000
51831  42.964  -34.275  45.582 0.0000000000
53058  43.510  -33.615  45.361 0.0000000000
54248  43.581  -32.497  44.779 0.0000000000
54256  43.249  -32.073  44.310 0.0000000000
55402  44.135  -31.561  45.311 0.0000000000
55384  44.339  -31.113  45.755 0.0000000000
56503  44.466  -30.328  46.397 0.0000000000
51829  45.279  -34.564  45.990 0.0000000000
53057  45.651  -33.980  46.290 0.0000000000
51828  46.005  -34.173  46.044 0.0000000000
51827  46.426  -33.850  46.157 0.0000000000
53065  47.485  -33.064  46.071 0.0000000000
53066  47.148  -33.699  45.556 0.0000000000
37872  27.830  -47.063  50.320 0.0000000000
61955  39.666  -25.585  46.059 0.0000000000
61938  40.252  -25.816  46.996 0.0000000000
61923  42.094  -25.999  48.009 0.0000000000
60667  42.465  -26.028  48.607 0.0000000000
60684  42.380  -26.058  48.179 0.0000000000
59632  43.602  -26.770  48.604 0.0000000000
59631  44.210  -27.067  48.779 0.0000000000
59654  43.439  -27.637  47.673 0.0000000000
59646  43.805  -27.500  48.196 0.0000000000
59645  44.398  -27.759  48.510 0.0000000000
57542  45.765  -28.844  49.054 0.0000000000
57527  45.876  -29.623  48.736 0.0000000000
56456  46.155  -30.313  48.930 0.0000000000
41367  38.262  -43.016  46.362 0.0000000000
37897  31.303  -46.616  48.539 0.0000000000
37896  31.954  -46.543  48.387 0.0000000000
39025  32.671  -46.504  48.195 0.0000000000
36728  33.406  -47.695  49.146 0.0000000000
37883  33.342  -46.902  48.787 0.0000000000
39024  32.942  -46.680  48.366 0.0000000000
37894  33.730  -46.704  48.122 0.0000000000
37905  33.872  -46.597  47.673 0.0000000000
36764  34.586  -47.346  46.479 0.0000000000
63357  41.036  -25.694  44.488 0.0000000000
61991  41.605  -26.034  44.476 0.0000000000
60709  43.154  -26.221  46.033 0.0000000000
61971  42.964  -26.014  45.516 0.0000000000
61990  42.623  -26.094  44.472 0.0000000000
60750  43.988  -26.550  44.209 0.0000000000
60749  44.673  -26.834  44.682 0.0000000000
60748  45.469  -26.813  44.687 0.0000000000
61987  47.052  -26.214  44.901 0.0000000000
44663  40.288  -40.051  48.829 0.0000000000
45842  39.910  -39.319  49.077 0.0000000000
47036  40.282  -38.758  48.545 0.0000000000
47053  40.361  -38.364  47.850 0.0000000000
48258  40.585  -37.355  47.082 0.0000000000
53026  44.152  -33.654  46.192 0.0000000000
51830  44.754  -35.020  46.199 0.0000000000
51851  45.337  -34.593  45.065 0.0000000000
37888  29.253  -47.032  49.508 0.0000000000
39027  29.734  -46.670  48.874 0.0000000000
39026  30.291  -46.809  48.883 0.0000000000
37854  31.617  -47.528  49.720 0.0000000000
36714  32.308  -47.879  49.883 0.0000000000
35567  31.526  -48.690  50.326 0.0000000000
35566  32.309  -48.537  50.053 0.0000000000
34389  33.060  -49.033  50.031 0.0000000000
64559  41.375  -25.244  45.670 0.0000000000
64543  42.393  -25.436  46.721 0.0000000000
64533  41.665  -24.793  46.924 0.0000000000
64532  42.487  -25.323  47.212 0.0000000000
63268  45.339  -25.371  47.875 0.0000000000
64529  46.325  -25.398  47.833 0.0000000000
64527  47.425  -24.832  47.969 0.0000000000
64507  46.888  -25.238  48.272 0.0000000000
64484  47.781  -24.705  49.103 0.0000000000
64464  46.628  -25.439  49.124 0.0000000000
64463  47.391  -25.155  49.248 0.0000000000
60651  44.317  -26.271  49.583 0.0000000000
61877  46.058  -26.832  49.548 0.0000000000
59614  46.075  -27.735  49.662 0.0000000000
59600  46.625  -27.725  50.172 0.0000000000
60636  46.873  -27.202  49.902 0.0000000000
59597  48.308  -27.739  50.192 0.0000000000
43613  36.453  -41.086  47.122 0.0000000000
44685  37.250  -40.262  47.461 0.0000000000
42526  37.300  -41.834  47.682 0.0000000000
41348  38.875  -43.099  46.818 0.0000000000
42545  39.000  -42.604  47.219 0.0000000000
42561  39.635  -42.281  46.982 0.0000000000
43638  39.110  -41.789  47.368 0.0000000000
43609  39.463  -41.249  47.833 0.0000000000
44682  39.924  -40.536  48.291 0.0000000000
44662  41.062  -40.142  48.935 0.0000000000
44679  42.219  -40.203  48.343 0.0000000000
43635  42.065  -40.972  47.436 0.0000000000
45869  42.440  -39.557  47.851 0.0000000000
45891  43.053  -38.739  46.560 0.0000000000
45890  43.480  -38.289  46.371 0.0000000000
45916  43.605  -38.445  46.089 0.0000000000
47105  43.076  -38.232  45.432 0.0000000000
39050  31.132  -45.726  47.557 0.0000000000
43641  35.785  -41.566  46.707 0.0000000000
37831  25.174  -47.540  52.880 0.0000000000
65750  45.410  -22.102  38.701 0.0000000000
63389  43.281  -24.041  41.679 0.0000000000
60806  46.171  -27.142  41.336 0.0000000000
60769  45.847  -27.274  43.183 0.0000000000
60768  46.650  -26.933  43.439 0.0000000000
48216  39.115  -38.524  48.420 0.0000000000
55416  43.199  -31.338  44.226 0.0000000000
57642  42.814  -29.678  44.137 0.0000000000
57621  42.287  -29.048  44.315 0.0000000000
57601  42.195  -28.917  45.088 0.0000000000
57583  42.989  -29.554  46.500 0.0000000000
57570  44.016  -29.239  47.116 0.0000000000
57569  44.437  -29.076  47.446 0.0000000000
56473  45.089  -30.170  48.251 0.0000000000
55344  45.981  -31.041  49.100 0.0000000000
54194  45.507  -32.600  48.010 0.0000000000
53023  45.828  -33.026  47.809 0.0000000000
54178  46.436  -31.811  49.032 0.0000000000
54177  46.918  -31.516  49.154 0.0000000000
54191  47.763  -31.715  48.246 0.0000000000
54211  48.286  -32.130  47.909 0.0000000000
55382  47.825  -31.710  47.036 0.0000000000
54233  47.518  -32.173  46.469 0.0000000000
48318  44.050  -36.707  44.844 0.0000000000
47150  43.521  -36.856  44.523 0.0000000000
48345  43.878  -36.653  44.332 0.0000000000
48317  44.284  -36.356  44.581 0.0000000000
49482  44.936  -36.034  44.566 0.0000000000
35544  31.734  -48.077  50.357 0.0000000000
35619  34.667  -47.702  46.944 0.0000000000
36715  30.878  -47.352  50.135 0.0000000000
37855  31.444  -47.533  49.954 0.0000000000
37856  29.112  -47.422  50.582 0.0000000000
37884  32.495  -46.800  48.728 0.0000000000
37895  32.373  -46.498  48.288 0.0000000000
39048  33.654  -46.499  47.626 0.0000000000
42544  39.359  -42.073  47.160 0.0000000000
44660  42.038  -39.997  49.111 0.0000000000
44661  41.710  -40.189  48.957 0.0000000000
44680  41.460  -40.523  48.470 0.0000000000
44729  42.761  -39.663  46.468 0.0000000000
44730  42.401  -40.027  46.453 0.0000000000
45855  42.255  -39.440  48.267 0.0000000000
45942  42.685  -38.448  45.509 0.0000000000
47054  38.478  -38.699  48.012 0.0000000000
48344  44.242  -36.390  44.339 0.0000000000
49483  44.360  -36.339  44.812 0.0000000000
53041  47.484  -32.448  47.534 0.0000000000
53042  47.016  -32.722  47.213 0.0000000000
53053  47.871  -32.277  47.429 0.0000000000
53067  43.161  -33.473  44.755 0.0000000000
54190  48.049  -31.599  48.245 0.0000000000
54212  47.549  -32.233  48.087 0.0000000000
54247  44.002  -31.841  45.084 0.0000000000
54253  47.132  -32.838  45.527 0.0000000000
55324  46.749  -30.273  50.061 0.0000000000
55325  46.607  -30.276  49.831 0.0000000000
55332  47.259  -30.464  49.885 0.0000000000
55343  46.658  -31.122  49.417 0.0000000000
55352  48.263  -31.642  48.131 0.0000000000
55354  47.528  -31.400  48.626 0.0000000000
55381  48.416  -31.997  47.438 0.0000000000
56419  48.318  -29.545  50.326 0.0000000000
56421  46.848  -30.080  50.179 0.0000000000
56439  48.352  -29.813  50.098 0.0000000000
56440  47.723  -30.183  49.976 0.0000000000
56443  46.127  -29.838  48.827 0.0000000000
56455  47.761  -30.454  49.373 0.0000000000
56490  43.418  -29.830  46.398 0.0000000000
56520  43.622  -30.388  45.484 0.0000000000
57500  48.289  -28.631  49.997 0.0000000000
57501  48.127  -29.130  50.326 0.0000000000
57502  47.506  -29.408  50.479 0.0000000000
57522  48.296  -28.688  49.760 0.0000000000
57524  47.457  -30.001  50.520 0.0000000000
57525  47.227  -29.733  50.397 0.0000000000
57571  43.483  -29.333  46.744 0.0000000000
58514  47.118  -28.234  50.506 0.0000000000
58516  46.784  -28.170  50.390 0.0000000000
58540  47.471  -28.475  50.451 0.0000000000
58558  45.982  -28.536  49.452 0.0000000000
58597  43.301  -28.113  46.789 0.0000000000
59578  47.307  -28.074  50.518 0.0000000000
59579  47.118  -27.904  50.538 0.0000000000
59580  46.882  -27.889  50.477 0.0000000000
59596  48.460  -27.880  50.132 0.0000000000
59599  47.070  -27.569  50.387 0.0000000000
59655  42.899  -27.109  47.450 0.0000000000
59663  43.302  -27.774  47.135 0.0000000000
59710  45.653  -27.311  43.766 0.0000000000
60634  48.088  -26.966  50.141 0.0000000000
60635  47.437  -27.125  50.088 0.0000000000
60637  46.343  -27.216  49.691 0.0000000000
60648  48.367  -26.672  49.605 0.0000000000
60665  43.875  -26.464  49.269 0.0000000000
60693  42.405  -26.693  47.485 0.0000000000
60696  40.158  -25.913  46.680 0.0000000000
60708  43.341  -25.898  46.078 0.0000000000
60725  46.192  -26.245  45.274 0.0000000000
60729  43.300  -25.989  45.850 0.0000000000
61875  47.163  -26.663  49.716 0.0000000000
61890  46.078  -26.220  49.604 0.0000000000
61892  44.727  -26.088  49.674 0.0000000000
61906  45.793  -26.207  49.618 0.0000000000
61907  43.195  -25.958  49.187 0.0000000000
61908  42.646  -25.886  48.742 0.0000000000
61924  40.144  -25.356  47.150 0.0000000000
61925  39.961  -25.106  47.175 0.0000000000
61935  43.908  -25.518  46.688 0.0000000000
61937  40.898  -25.994  47.277 0.0000000000
61939  39.832  -25.387  46.599 0.0000000000
61940  39.532  -25.163  46.349 0.0000000000
61953  43.066  -25.981  46.253 0.0000000000
62007  47.894  -25.938  43.974 0.0000000000
63218  47.422  -26.223  49.623 0.0000000000
63220  46.506  -26.082  49.568 0.0000000000
63235  44.446  -25.597  49.330 0.0000000000
63237  42.955  -25.282  48.458 0.0000000000
63238  42.490  -25.006  48.243 0.0000000000
63249  48.275  -24.960  49.258 0.0000000000
63250  45.761  -25.923  49.557 0.0000000000
63251  45.585  -26.075  49.637 0.0000000000
63253  42.543  -25.469  48.402 0.0000000000
63270  44.248  -25.406  47.722 0.0000000000
63272  40.507  -25.134  47.210 0.0000000000
63297  43.083  -25.616  46.844 0.0000000000
63298  40.838  -25.354  47.198 0.0000000000
63300  39.822  -24.923  46.739 0.0000000000
64462  47.830  -24.925  49.440 0.0000000000
64465  45.813  -25.528  49.090 0.0000000000
64468  43.353  -25.290  48.396 0.0000000000
64486  46.331  -25.429  48.714 0.0000000000
64489  43.811  -25.321  48.263 0.0000000000
64514  41.035  -25.069  47.117 0.0000000000
64515  40.480  -24.947  47.162 0.0000000000
64528  46.996  -25.113  47.775 0.0000000000
64562  39.570  -24.605  45.397 0.0000000000
