#!ascii label  , from subject sub-01 vox2ras=TkReg
949
48354  30.163  -36.504  43.316 0.0000000000
73319  38.935  -15.384  34.771 0.0000000000
63457  30.599  -24.863  37.657 0.0000000000
47046  11.553  -39.104  49.648 0.0000000000
48306  23.770  -35.476  45.132 0.0000000000
67849  31.160  -19.737  39.707 0.0000000000
49462  16.636  -35.697  45.742 0.0000000000
44742  15.075  -39.842  46.501 0.0000000000
49521  20.018  -36.431  43.259 0.0000000000
73334  41.744  -16.060  33.699 0.0000000000
53082  27.615  -33.797  45.248 0.0000000000
54322  29.654  -32.498  41.236 0.0000000000
51861  33.163  -35.070  43.948 0.0000000000
77639  40.882  -10.835  35.491 0.0000000000
76654  44.156  -12.328  32.639 0.0000000000
72195  35.850  -16.074  37.481 0.0000000000
67908  38.995  -20.582  34.756 0.0000000000
66864  34.678  -20.939  35.796 0.0000000000
62171  33.911  -25.668  36.763 0.0000000000
44817  28.295  -39.923  41.503 0.0000000000
41329  9.903  -43.399  49.763 0.0000000000
41266  6.802  -42.424  53.795 0.0000000000
38931  4.729  -44.152  56.680 0.0000000000
48358  27.006  -37.022  43.272 0.0000000000
45985  23.892  -39.867  41.464 0.0000000000
60839  27.250  -26.711  40.786 0.0000000000
55499  34.117  -31.438  38.866 0.0000000000
79641  46.933  -8.962  32.340 0.0000000000
73335  40.646  -16.069  33.916 0.0000000000
71125  40.151  -17.590  34.416 0.0000000000
50667  29.230  -35.590  44.666 0.0000000000
53080  29.782  -34.806  43.544 0.0000000000
50681  31.284  -35.891  43.778 0.0000000000
75607  38.441  -13.153  37.333 0.0000000000
76628  40.356  -11.406  37.403 0.0000000000
75627  39.558  -12.983  34.965 0.0000000000
75643  41.035  -13.799  34.137 0.0000000000
37826  3.926  -45.630  53.765 0.0000000000
69968  34.743  -18.526  36.812 0.0000000000
68904  34.135  -19.371  38.905 0.0000000000
66856  29.874  -21.736  37.831 0.0000000000
65782  32.212  -22.524  36.734 0.0000000000
63455  32.383  -25.588  37.579 0.0000000000
59763  33.462  -27.699  38.585 0.0000000000
45881  13.215  -39.357  47.704 0.0000000000
43624  14.498  -42.374  47.502 0.0000000000
42557  12.421  -41.968  47.876 0.0000000000
41326  12.481  -43.789  49.013 0.0000000000
43600  10.417  -41.583  49.532 0.0000000000
42443  7.477  -41.295  54.041 0.0000000000
40095  5.429  -43.242  55.199 0.0000000000
48329  25.219  -36.548  43.924 0.0000000000
48402  25.540  -36.919  41.465 0.0000000000
48362  23.440  -35.483  42.319 0.0000000000
45958  19.140  -39.837  44.555 0.0000000000
44773  20.810  -41.448  43.686 0.0000000000
54277  33.331  -33.804  42.385 0.0000000000
55486  31.533  -32.320  39.918 0.0000000000
66817  33.079  -19.112  40.645 0.0000000000
67813  29.932  -19.651  41.932 0.0000000000
65740  28.474  -22.360  39.553 0.0000000000
47113  17.380  -38.196  45.429 0.0000000000
45877  17.006  -40.407  46.669 0.0000000000
48293  15.536  -37.069  46.660 0.0000000000
48273  14.148  -37.417  47.707 0.0000000000
48205  12.952  -37.209  50.432 0.0000000000
50684  21.502  -34.671  43.919 0.0000000000
50670  20.623  -34.030  44.765 0.0000000000
49496  17.907  -35.870  44.457 0.0000000000
55419  28.179  -30.712  45.173 0.0000000000
56574  28.360  -30.441  42.272 0.0000000000
54281  28.590  -32.524  42.989 0.0000000000
53119  30.931  -33.593  43.226 0.0000000000
78643  44.125  -9.278  34.177 0.0000000000
77647  41.882  -10.934  33.915 0.0000000000
75661  42.458  -14.126  33.173 0.0000000000
73300  36.788  -15.482  36.047 0.0000000000
69994  38.609  -18.611  34.758 0.0000000000
71128  36.683  -17.371  35.626 0.0000000000
67911  35.896  -20.385  35.085 0.0000000000
64675  36.544  -23.605  34.922 0.0000000000
67901  33.222  -20.499  37.095 0.0000000000
64667  34.165  -23.612  35.541 0.0000000000
47189  30.189  -38.178  41.659 0.0000000000
49555  32.308  -37.146  41.873 0.0000000000
73278  37.245  -14.735  38.775 0.0000000000
45814  10.358  -39.287  52.094 0.0000000000
43572  8.788  -40.879  51.149 0.0000000000
41295  7.970  -43.558  50.986 0.0000000000
39006  8.231  -44.809  51.694 0.0000000000
38992  6.387  -44.856  52.575 0.0000000000
40097  4.449  -44.403  54.372 0.0000000000
37799  3.207  -45.480  55.988 0.0000000000
36608  1.515  -46.745  57.546 0.0000000000
48356  28.753  -37.395  43.394 0.0000000000
48400  27.646  -36.930  41.510 0.0000000000
45983  25.968  -40.021  41.521 0.0000000000
47180  21.480  -38.556  42.397 0.0000000000
62105  28.277  -25.467  38.944 0.0000000000
56609  28.568  -31.089  40.070 0.0000000000
57717  29.582  -29.548  38.585 0.0000000000
58716  31.997  -28.559  37.754 0.0000000000
49487  33.811  -36.843  44.038 0.0000000000
79647  48.421  -9.683  31.519 0.0000000000
78647  45.154  -9.617  32.763 0.0000000000
77664  47.171  -11.973  31.514 0.0000000000
72222  40.519  -16.744  34.304 0.0000000000
72223  39.425  -16.603  34.409 0.0000000000
49490  30.415  -36.170  44.078 0.0000000000
50682  30.607  -35.949  44.104 0.0000000000
49514  30.840  -36.195  43.178 0.0000000000
74490  38.074  -14.361  35.547 0.0000000000
75612  38.657  -13.197  36.296 0.0000000000
75628  38.911  -13.635  35.322 0.0000000000
74508  39.417  -14.401  34.524 0.0000000000
37827  3.145  -46.176  54.094 0.0000000000
68884  34.775  -18.777  39.546 0.0000000000
67845  34.760  -18.628  40.622 0.0000000000
64642  29.974  -23.915  37.808 0.0000000000
63481  30.647  -23.940  37.227 0.0000000000
62138  32.210  -25.916  38.110 0.0000000000
60879  31.757  -26.782  38.330 0.0000000000
47063  12.239  -38.951  48.738 0.0000000000
44698  12.442  -40.343  48.177 0.0000000000
45865  11.729  -39.928  49.062 0.0000000000
43627  11.544  -41.403  48.612 0.0000000000
44656  10.826  -40.030  49.911 0.0000000000
48330  24.803  -36.058  44.278 0.0000000000
48361  24.458  -35.777  42.850 0.0000000000
48331  23.713  -35.287  43.635 0.0000000000
44758  19.145  -40.855  45.161 0.0000000000
57679  28.751  -28.728  43.824 0.0000000000
54298  33.658  -33.534  41.546 0.0000000000
67830  29.315  -20.659  40.415 0.0000000000
66791  28.553  -21.490  41.746 0.0000000000
48308  17.079  -36.971  45.132 0.0000000000
47096  16.771  -38.021  45.725 0.0000000000
48292  16.210  -36.943  45.790 0.0000000000
49420  15.106  -35.748  48.449 0.0000000000
48203  14.091  -36.158  49.724 0.0000000000
48222  13.541  -36.773  49.404 0.0000000000
49461  21.452  -34.116  45.723 0.0000000000
50655  17.451  -34.281  46.080 0.0000000000
51869  18.330  -34.211  45.544 0.0000000000
49479  17.399  -35.546  45.104 0.0000000000
48307  17.626  -37.708  45.065 0.0000000000
54282  27.740  -32.560  43.932 0.0000000000
53122  28.283  -33.443  44.032 0.0000000000
53079  30.820  -34.684  43.501 0.0000000000
53102  31.039  -34.090  43.395 0.0000000000
53101  32.032  -33.952  43.743 0.0000000000
53100  32.986  -34.131  43.808 0.0000000000
53077  33.017  -34.466  43.913 0.0000000000
77633  40.301  -11.205  36.488 0.0000000000
77637  42.397  -10.061  34.582 0.0000000000
77638  41.660  -10.486  35.013 0.0000000000
74506  41.295  -14.882  33.550 0.0000000000
75642  41.679  -13.294  33.566 0.0000000000
74526  42.445  -15.091  33.294 0.0000000000
73287  36.303  -15.600  37.177 0.0000000000
72226  36.645  -16.688  35.832 0.0000000000
72212  35.649  -16.746  36.645 0.0000000000
68930  34.702  -19.105  36.479 0.0000000000
68943  35.417  -19.354  35.685 0.0000000000
67912  35.307  -20.341  35.566 0.0000000000
66875  36.402  -21.442  34.784 0.0000000000
66876  35.157  -21.289  35.337 0.0000000000
67848  32.433  -19.521  40.224 0.0000000000
67870  33.320  -19.739  38.877 0.0000000000
67871  32.013  -20.079  38.795 0.0000000000
63503  32.300  -24.171  36.180 0.0000000000
65781  32.804  -22.472  36.461 0.0000000000
63502  33.493  -24.771  36.038 0.0000000000
63501  34.816  -24.731  35.485 0.0000000000
45996  28.731  -38.996  41.459 0.0000000000
45994  30.768  -38.864  41.539 0.0000000000
72173  36.396  -16.345  39.515 0.0000000000
73279  36.609  -15.060  37.973 0.0000000000
74470  37.164  -14.564  37.368 0.0000000000
45878  16.223  -40.020  46.446 0.0000000000
43650  15.838  -40.952  47.081 0.0000000000
41327  11.600  -43.719  49.501 0.0000000000
41308  12.414  -44.509  50.161 0.0000000000
41309  11.322  -44.260  50.342 0.0000000000
40166  10.650  -44.655  50.747 0.0000000000
44626  9.164  -39.721  53.309 0.0000000000
44648  9.590  -40.120  51.309 0.0000000000
43559  8.565  -40.098  52.884 0.0000000000
42456  6.991  -41.928  53.318 0.0000000000
42472  7.504  -41.890  51.993 0.0000000000
41279  6.963  -43.178  52.378 0.0000000000
40151  8.308  -44.497  51.392 0.0000000000
40133  7.743  -44.314  51.756 0.0000000000
40134  7.157  -44.394  52.371 0.0000000000
40118  6.692  -44.079  52.790 0.0000000000
38943  5.110  -43.445  55.838 0.0000000000
40107  5.120  -43.998  54.133 0.0000000000
38944  4.580  -44.014  55.655 0.0000000000
37812  3.683  -44.939  55.412 0.0000000000
37798  3.568  -44.983  56.498 0.0000000000
47162  27.679  -37.688  43.967 0.0000000000
47161  28.195  -37.573  43.738 0.0000000000
48357  28.038  -37.358  43.018 0.0000000000
49558  28.475  -36.628  41.682 0.0000000000
47195  24.162  -38.067  41.075 0.0000000000
45999  25.513  -39.047  41.253 0.0000000000
45984  25.007  -39.984  41.516 0.0000000000
50701  20.598  -35.394  43.288 0.0000000000
49519  21.347  -36.109  42.389 0.0000000000
48387  20.922  -37.718  42.510 0.0000000000
44793  21.255  -41.174  42.739 0.0000000000
68940  38.295  -19.635  34.711 0.0000000000
68939  39.421  -19.654  34.433 0.0000000000
62055  27.413  -25.379  41.409 0.0000000000
63413  27.841  -24.598  40.696 0.0000000000
62076  27.436  -25.639  40.183 0.0000000000
54303  28.869  -31.870  41.535 0.0000000000
56596  28.655  -30.685  41.190 0.0000000000
56594  29.585  -31.763  40.703 0.0000000000
55501  31.873  -31.709  39.037 0.0000000000
56620  30.148  -30.826  38.523 0.0000000000
56631  31.000  -30.470  38.180 0.0000000000
58717  30.866  -28.721  38.284 0.0000000000
56629  32.509  -30.313  38.046 0.0000000000
57713  33.688  -29.296  38.019 0.0000000000
48323  33.078  -37.099  43.113 0.0000000000
79648  47.481  -9.814  31.546 0.0000000000
78649  43.517  -10.193  33.282 0.0000000000
78648  44.266  -9.819  32.917 0.0000000000
77652  44.121  -11.074  32.677 0.0000000000
76658  46.379  -12.505  31.603 0.0000000000
76665  47.094  -12.867  31.209 0.0000000000
50634  17.392  -34.370  47.457 0.0000000000
50635  16.478  -35.095  47.480 0.0000000000
72221  42.219  -17.168  34.281 0.0000000000
71138  41.700  -17.157  34.342 0.0000000000
50668  28.510  -35.284  45.310 0.0000000000
53104  28.882  -34.193  44.035 0.0000000000
51864  29.605  -35.179  43.997 0.0000000000
50665  30.999  -35.673  43.687 0.0000000000
51881  32.061  -35.420  43.725 0.0000000000
76626  40.139  -12.385  39.082 0.0000000000
76637  38.815  -12.320  36.919 0.0000000000
76636  39.656  -11.566  36.570 0.0000000000
76642  40.004  -12.173  35.516 0.0000000000
76641  40.749  -11.912  35.126 0.0000000000
75626  40.298  -12.764  34.583 0.0000000000
74507  40.502  -14.878  33.928 0.0000000000
37825  5.302  -46.509  53.137 0.0000000000
71068  35.482  -17.312  38.775 0.0000000000
71097  35.110  -17.507  36.991 0.0000000000
69951  35.082  -18.164  38.524 0.0000000000
68903  34.689  -19.168  38.031 0.0000000000
67887  34.128  -19.548  37.151 0.0000000000
66834  30.687  -20.890  38.344 0.0000000000
67890  31.583  -20.602  37.902 0.0000000000
65770  30.572  -22.277  37.330 0.0000000000
63504  31.750  -23.655  36.478 0.0000000000
63479  32.585  -25.143  36.908 0.0000000000
62137  33.059  -25.824  37.692 0.0000000000
60859  34.189  -27.204  38.473 0.0000000000
44805  27.866  -40.563  42.066 0.0000000000
45880  13.980  -39.424  47.156 0.0000000000
44719  14.644  -40.355  46.737 0.0000000000
44720  13.634  -40.538  47.274 0.0000000000
43653  13.438  -41.871  47.314 0.0000000000
41342  13.891  -43.474  48.199 0.0000000000
42516  11.170  -42.569  49.262 0.0000000000
42517  9.991  -42.507  49.709 0.0000000000
43534  8.001  -40.688  54.479 0.0000000000
42431  7.338  -41.938  55.426 0.0000000000
41256  6.840  -41.944  54.933 0.0000000000
41257  6.479  -42.510  54.397 0.0000000000
41247  6.643  -42.291  55.429 0.0000000000
38929  5.587  -43.017  56.419 0.0000000000
38917  5.190  -43.657  57.169 0.0000000000
48359  26.018  -36.740  43.140 0.0000000000
49542  26.047  -36.510  41.822 0.0000000000
48383  24.954  -36.318  42.020 0.0000000000
48403  24.570  -37.105  41.412 0.0000000000
47196  23.452  -38.256  41.170 0.0000000000
47141  19.304  -38.631  43.953 0.0000000000
45971  20.198  -39.420  43.333 0.0000000000
45957  19.816  -39.913  43.738 0.0000000000
65786  39.015  -22.129  34.580 0.0000000000
59745  27.606  -27.601  41.911 0.0000000000
54300  31.455  -33.246  41.776 0.0000000000
54335  31.142  -32.516  40.458 0.0000000000
54319  33.017  -32.645  41.158 0.0000000000
55464  33.381  -32.371  40.429 0.0000000000
79636  46.303  -8.499  33.217 0.0000000000
35501  1.521  -47.826  55.537 0.0000000000
67811  32.264  -18.769  42.005 0.0000000000
67812  31.633  -18.927  41.631 0.0000000000
67829  30.273  -19.607  40.818 0.0000000000
66818  29.871  -20.878  39.349 0.0000000000
66836  29.416  -21.930  38.728 0.0000000000
64643  29.018  -23.605  38.207 0.0000000000
45928  18.302  -39.993  45.358 0.0000000000
45875  18.290  -40.880  47.016 0.0000000000
45901  17.468  -40.207  45.974 0.0000000000
45903  15.885  -39.072  46.338 0.0000000000
47098  15.219  -38.237  46.212 0.0000000000
48271  15.168  -36.435  47.516 0.0000000000
48272  14.819  -37.259  47.283 0.0000000000
47078  14.268  -38.323  47.109 0.0000000000
47061  13.631  -37.902  47.786 0.0000000000
47044  12.625  -37.870  49.302 0.0000000000
48206  12.455  -37.795  50.142 0.0000000000
49492  22.555  -35.014  44.325 0.0000000000
49477  21.847  -34.787  45.093 0.0000000000
50669  21.154  -34.559  44.537 0.0000000000
50702  20.017  -35.570  43.680 0.0000000000
50653  19.492  -33.613  46.218 0.0000000000
50687  18.611  -35.066  44.551 0.0000000000
49495  18.707  -36.144  44.190 0.0000000000
47142  18.470  -38.166  44.297 0.0000000000
47112  17.902  -38.536  44.883 0.0000000000
55430  28.841  -30.472  44.261 0.0000000000
56573  28.560  -30.187  43.485 0.0000000000
55431  27.945  -30.914  43.858 0.0000000000
55443  28.306  -31.324  42.645 0.0000000000
54280  29.877  -33.186  42.589 0.0000000000
53103  29.976  -34.104  43.385 0.0000000000
53120  29.804  -33.552  43.100 0.0000000000
54279  31.162  -33.294  42.662 0.0000000000
54278  32.315  -33.295  42.660 0.0000000000
53117  33.089  -34.018  43.173 0.0000000000
79634  43.689  -8.912  34.966 0.0000000000
78644  43.126  -9.546  34.195 0.0000000000
77653  43.434  -11.457  33.112 0.0000000000
76648  41.632  -12.057  33.561 0.0000000000
76656  42.483  -12.976  33.158 0.0000000000
74491  37.326  -14.969  35.614 0.0000000000
72224  38.317  -16.452  34.857 0.0000000000
72225  37.108  -16.319  35.568 0.0000000000
71127  37.743  -17.475  34.869 0.0000000000
69995  37.351  -18.692  35.184 0.0000000000
69980  35.771  -18.163  36.110 0.0000000000
68942  36.462  -19.507  35.109 0.0000000000
67909  37.951  -20.574  34.678 0.0000000000
66874  37.527  -21.508  34.687 0.0000000000
64674  37.620  -23.176  35.186 0.0000000000
68886  33.673  -19.517  39.463 0.0000000000
67888  33.525  -20.039  37.562 0.0000000000
67900  33.738  -20.428  36.701 0.0000000000
66853  32.498  -20.809  36.962 0.0000000000
66866  33.022  -21.242  36.706 0.0000000000
66877  34.407  -22.008  35.342 0.0000000000
64676  35.479  -23.326  34.950 0.0000000000
48397  30.644  -37.274  41.965 0.0000000000
49539  31.247  -36.453  42.319 0.0000000000
47188  31.051  -38.117  41.732 0.0000000000
47177  31.599  -38.188  42.168 0.0000000000
74469  37.934  -13.528  37.842 0.0000000000
74475  37.308  -14.381  36.395 0.0000000000
47013  11.361  -38.323  51.429 0.0000000000
46989  10.797  -38.352  52.585 0.0000000000
47027  10.588  -39.018  50.618 0.0000000000
45825  10.176  -39.399  50.844 0.0000000000
44658  9.581  -41.044  50.186 0.0000000000
42501  9.280  -42.429  50.375 0.0000000000
42471  7.649  -41.138  52.677 0.0000000000
42487  8.431  -42.310  50.872 0.0000000000
42486  8.889  -43.158  50.553 0.0000000000
40150  8.963  -44.596  51.104 0.0000000000
39004  9.350  -45.311  51.319 0.0000000000
38973  6.457  -45.887  52.477 0.0000000000
41268  5.784  -43.706  53.563 0.0000000000
40120  5.536  -44.307  53.418 0.0000000000
37841  4.997  -45.589  53.116 0.0000000000
37813  3.069  -46.037  55.152 0.0000000000
37814  2.385  -46.296  55.614 0.0000000000
37775  2.914  -45.507  57.900 0.0000000000
37786  2.170  -46.118  56.413 0.0000000000
35475  1.571  -47.087  56.393 0.0000000000
49491  29.524  -36.676  44.168 0.0000000000
48326  28.821  -37.461  44.344 0.0000000000
48378  29.615  -37.058  42.555 0.0000000000
48398  29.507  -37.483  41.950 0.0000000000
47190  29.236  -38.098  41.435 0.0000000000
45997  27.709  -39.042  41.207 0.0000000000
48401  26.429  -37.114  41.483 0.0000000000
45998  26.594  -39.295  41.196 0.0000000000
44818  27.326  -40.004  41.424 0.0000000000
49546  22.464  -35.699  42.243 0.0000000000
48385  22.769  -36.685  41.508 0.0000000000
47179  22.401  -38.493  41.702 0.0000000000
47166  20.983  -39.175  42.637 0.0000000000
45987  21.650  -39.985  42.259 0.0000000000
44809  23.504  -41.228  42.039 0.0000000000
71126  38.967  -17.547  34.485 0.0000000000
65725  28.108  -23.133  40.422 0.0000000000
64627  28.302  -23.900  39.323 0.0000000000
62104  29.082  -25.316  38.554 0.0000000000
57667  28.466  -29.617  42.902 0.0000000000
57681  28.444  -29.372  41.904 0.0000000000
58682  27.639  -29.193  40.227 0.0000000000
55488  29.305  -31.450  39.818 0.0000000000
57704  28.643  -29.921  39.349 0.0000000000
59765  28.061  -28.360  39.191 0.0000000000
59764  28.477  -27.585  38.781 0.0000000000
59775  30.101  -27.840  38.439 0.0000000000
60880  30.513  -26.839  38.345 0.0000000000
59773  32.424  -27.680  38.158 0.0000000000
49513  31.948  -36.066  42.721 0.0000000000
50680  32.257  -35.639  43.545 0.0000000000
50679  33.470  -36.005  44.114 0.0000000000
50678  34.297  -36.718  44.382 0.0000000000
51841  33.954  -35.181  44.554 0.0000000000
79646  49.305  -9.403  31.456 0.0000000000
79637  45.468  -8.568  33.303 0.0000000000
78646  46.037  -9.408  32.626 0.0000000000
77657  45.543  -11.584  31.792 0.0000000000
78652  45.755  -10.461  32.138 0.0000000000
78651  46.568  -10.086  31.773 0.0000000000
78659  47.276  -10.917  31.502 0.0000000000
77662  48.669  -11.279  30.835 0.0000000000
73318  39.858  -16.021  34.320 0.0000000000
49515  30.081  -36.450  43.711 0.0000000000
75629  38.411  -13.688  35.873 0.0000000000
74489  38.766  -14.414  34.952 0.0000000000
36655  2.769  -46.570  54.343 0.0000000000
62139  31.053  -26.022  37.768 0.0000000000
45849  11.841  -39.261  49.146 0.0000000000
45864  12.051  -39.702  48.594 0.0000000000
45850  11.532  -39.672  49.441 0.0000000000
44675  11.235  -40.484  49.419 0.0000000000
45834  11.186  -39.595  49.849 0.0000000000
44740  18.731  -41.400  45.987 0.0000000000
44739  19.407  -41.585  45.599 0.0000000000
57665  29.403  -28.921  44.298 0.0000000000
49463  15.962  -35.815  46.487 0.0000000000
50656  16.614  -34.937  46.598 0.0000000000
53105  27.850  -33.458  44.708 0.0000000000
53078  31.970  -34.479  43.847 0.0000000000
77632  40.825  -10.669  36.737 0.0000000000
78627  41.450  -10.090  36.639 0.0000000000
78637  41.336  -9.924  36.010 0.0000000000
74527  41.856  -15.267  33.332 0.0000000000
73353  42.395  -15.785  33.544 0.0000000000
72235  43.072  -16.378  33.559 0.0000000000
37839  7.306  -46.591  52.835 0.0000000000
72211  36.172  -16.407  36.336 0.0000000000
67899  34.648  -20.275  36.066 0.0000000000
45995  29.861  -39.147  41.367 0.0000000000
44816  29.172  -39.859  41.537 0.0000000000
72186  36.035  -15.878  38.461 0.0000000000
72185  36.684  -15.422  39.098 0.0000000000
73280  36.126  -15.580  37.787 0.0000000000
44741  15.389  -39.803  46.488 0.0000000000
44717  16.432  -40.842  47.114 0.0000000000
44718  15.584  -40.361  46.685 0.0000000000
41328  10.660  -43.516  49.664 0.0000000000
40165  10.892  -44.508  50.626 0.0000000000
41310  10.244  -44.166  50.333 0.0000000000
41280  6.847  -43.761  52.720 0.0000000000
37811  4.231  -44.608  56.273 0.0000000000
37797  4.129  -44.535  57.059 0.0000000000
48327  26.681  -37.361  43.776 0.0000000000
45969  27.385  -37.703  44.325 0.0000000000
48380  27.774  -36.565  42.192 0.0000000000
48381  26.599  -36.647  42.140 0.0000000000
46001  23.763  -38.855  40.868 0.0000000000
46000  24.553  -38.976  41.121 0.0000000000
49520  20.664  -36.418  42.592 0.0000000000
48363  20.196  -37.509  42.988 0.0000000000
60818  27.604  -26.351  42.127 0.0000000000
62054  27.935  -25.328  42.524 0.0000000000
60819  26.993  -26.097  41.344 0.0000000000
62056  27.009  -25.813  40.889 0.0000000000
54323  29.185  -32.042  41.384 0.0000000000
55469  29.005  -31.527  41.267 0.0000000000
55468  29.477  -31.856  41.051 0.0000000000
55500  32.992  -31.529  39.015 0.0000000000
56619  31.222  -31.305  38.236 0.0000000000
56618  32.254  -31.080  38.426 0.0000000000
56630  31.700  -30.610  38.079 0.0000000000
56617  33.310  -30.873  38.375 0.0000000000
56628  33.451  -30.025  38.108 0.0000000000
80596  46.976  -8.268  33.192 0.0000000000
80595  47.595  -7.942  32.643 0.0000000000
50616  17.230  -34.435  48.463 0.0000000000
51814  17.579  -34.208  49.181 0.0000000000
72236  41.513  -16.667  34.051 0.0000000000
71124  41.253  -17.602  34.426 0.0000000000
51865  28.878  -34.799  44.679 0.0000000000
50666  30.124  -35.666  44.041 0.0000000000
50664  31.677  -35.554  43.650 0.0000000000
76630  38.988  -12.689  37.526 0.0000000000
76643  39.214  -12.587  35.894 0.0000000000
73336  39.872  -15.352  34.305 0.0000000000
75644  39.948  -13.661  34.284 0.0000000000
69935  35.501  -17.933  39.586 0.0000000000
67868  34.338  -19.511  37.753 0.0000000000
66855  30.930  -21.168  37.803 0.0000000000
63480  31.469  -24.376  36.852 0.0000000000
64655  31.243  -23.216  36.933 0.0000000000
62172  33.269  -25.593  37.060 0.0000000000
60878  32.971  -26.944  37.972 0.0000000000
71067  35.962  -17.178  39.582 0.0000000000
43626  12.296  -41.364  48.138 0.0000000000
44721  12.847  -40.997  47.607 0.0000000000
43654  12.704  -41.698  47.641 0.0000000000
42537  13.312  -42.739  47.825 0.0000000000
42556  12.742  -42.186  47.692 0.0000000000
41343  13.009  -43.424  48.303 0.0000000000
42538  12.089  -42.540  48.274 0.0000000000
43599  11.038  -41.497  49.150 0.0000000000
42539  11.322  -42.030  48.684 0.0000000000
41237  7.093  -42.661  56.029 0.0000000000
38916  5.758  -43.258  56.855 0.0000000000
47138  25.579  -36.774  44.527 0.0000000000
47165  25.469  -36.765  43.823 0.0000000000
47137  25.869  -37.199  43.986 0.0000000000
47164  25.610  -36.754  43.547 0.0000000000
48360  25.152  -36.389  43.108 0.0000000000
48384  24.159  -36.216  41.853 0.0000000000
49517  24.563  -35.981  42.370 0.0000000000
48404  23.684  -37.325  41.313 0.0000000000
44775  19.656  -40.556  44.556 0.0000000000
59744  28.223  -27.207  43.027 0.0000000000
58665  28.529  -28.225  42.787 0.0000000000
54299  32.651  -32.902  41.915 0.0000000000
54320  31.826  -32.835  40.917 0.0000000000
54318  34.029  -33.102  40.779 0.0000000000
34319  1.250  -48.566  55.527 0.0000000000
67850  30.211  -20.424  39.481 0.0000000000
67851  29.638  -20.745  39.642 0.0000000000
66803  28.707  -21.572  40.384 0.0000000000
66819  29.328  -21.263  39.504 0.0000000000
65754  28.896  -22.685  38.497 0.0000000000
65755  28.353  -23.247  38.870 0.0000000000
45929  17.383  -39.227  45.427 0.0000000000
47097  15.938  -38.108  45.881 0.0000000000
50617  16.261  -35.197  48.428 0.0000000000
49445  15.613  -35.773  47.449 0.0000000000
48246  14.442  -36.590  48.156 0.0000000000
48245  14.831  -36.441  47.796 0.0000000000
47077  14.771  -37.998  46.617 0.0000000000
49394  13.239  -36.834  50.023 0.0000000000
48248  13.330  -37.405  48.964 0.0000000000
48223  13.067  -37.407  49.515 0.0000000000
48224  12.618  -37.697  49.789 0.0000000000
49476  22.926  -34.960  45.745 0.0000000000
49460  22.379  -34.630  46.559 0.0000000000
49478  21.447  -34.128  44.871 0.0000000000
50685  20.563  -34.781  44.016 0.0000000000
50688  18.046  -35.150  44.913 0.0000000000
50672  18.525  -34.593  45.198 0.0000000000
48332  18.815  -37.332  43.891 0.0000000000
48333  17.937  -37.157  44.507 0.0000000000
56554  28.700  -30.391  43.982 0.0000000000
51882  30.764  -33.785  43.307 0.0000000000
51893  30.480  -33.675  43.232 0.0000000000
53118  32.094  -33.622  43.336 0.0000000000
76625  40.624  -11.737  38.473 0.0000000000
79627  43.722  -9.065  36.034 0.0000000000
78635  42.984  -9.363  35.284 0.0000000000
77646  42.758  -10.603  33.647 0.0000000000
77654  42.619  -11.791  33.408 0.0000000000
76649  40.817  -12.435  33.966 0.0000000000
73321  37.248  -15.564  35.594 0.0000000000
69981  35.279  -18.318  36.380 0.0000000000
67910  36.909  -20.511  34.719 0.0000000000
65789  35.919  -22.459  34.757 0.0000000000
65788  37.054  -22.473  34.733 0.0000000000
66816  33.534  -18.856  40.608 0.0000000000
67847  33.497  -19.434  40.052 0.0000000000
67889  32.610  -20.372  37.526 0.0000000000
65769  31.632  -22.148  37.086 0.0000000000
66854  31.976  -21.041  37.021 0.0000000000
66867  32.348  -21.874  36.799 0.0000000000
65780  33.694  -22.397  35.842 0.0000000000
65791  34.439  -22.741  35.415 0.0000000000
65790  34.998  -22.506  35.055 0.0000000000
64677  34.833  -23.203  35.253 0.0000000000
45980  31.201  -39.337  41.997 0.0000000000
45993  31.294  -38.697  41.921 0.0000000000
74468  38.446  -13.464  38.274 0.0000000000
74464  37.785  -14.000  38.476 0.0000000000
73286  36.733  -15.067  36.919 0.0000000000
45876  17.819  -40.673  47.025 0.0000000000
44715  18.235  -41.071  47.329 0.0000000000
43652  14.530  -41.501  47.040 0.0000000000
41307  13.323  -44.333  49.723 0.0000000000
47012  12.089  -37.985  51.835 0.0000000000
45813  9.966  -39.232  52.737 0.0000000000
45802  10.267  -38.528  53.137 0.0000000000
45803  10.555  -38.673  52.470 0.0000000000
47000  10.876  -38.605  52.045 0.0000000000
43571  8.955  -40.376  52.037 0.0000000000
44649  9.407  -40.772  50.572 0.0000000000
43585  9.270  -41.519  50.461 0.0000000000
43573  8.734  -41.669  50.786 0.0000000000
43548  7.799  -40.639  53.355 0.0000000000
42455  7.328  -41.296  53.100 0.0000000000
41294  9.318  -44.088  50.562 0.0000000000
39005  8.681  -45.077  51.530 0.0000000000
40135  6.673  -44.598  52.565 0.0000000000
38991  6.931  -45.398  52.378 0.0000000000
41258  5.899  -43.185  54.259 0.0000000000
40096  4.597  -43.963  54.669 0.0000000000
38957  4.772  -44.475  53.956 0.0000000000
38975  4.934  -44.783  53.512 0.0000000000
38976  4.644  -44.925  53.686 0.0000000000
37842  4.575  -45.158  53.605 0.0000000000
38958  4.484  -44.784  53.956 0.0000000000
38932  2.749  -45.753  55.963 0.0000000000
37784  3.484  -44.994  57.429 0.0000000000
36621  2.436  -46.034  57.606 0.0000000000
36622  1.867  -46.524  57.027 0.0000000000
36639  1.922  -46.594  56.022 0.0000000000
36623  1.542  -46.910  57.234 0.0000000000
35476  1.185  -47.351  57.097 0.0000000000
49472  28.982  -36.518  44.739 0.0000000000
48355  29.492  -36.918  43.627 0.0000000000
48379  28.742  -36.729  42.156 0.0000000000
48399  28.662  -37.045  41.464 0.0000000000
47191  28.167  -37.986  41.379 0.0000000000
49543  25.793  -36.561  41.713 0.0000000000
49561  25.991  -36.700  41.590 0.0000000000
47193  26.018  -38.000  41.067 0.0000000000
44819  26.772  -40.050  41.453 0.0000000000
44806  26.741  -40.651  42.061 0.0000000000
49518  22.736  -35.274  43.088 0.0000000000
50683  22.078  -34.935  43.281 0.0000000000
48386  21.762  -37.436  42.048 0.0000000000
49547  21.898  -36.335  42.176 0.0000000000
45970  20.601  -40.078  43.052 0.0000000000
47167  20.375  -38.721  42.927 0.0000000000
44792  21.843  -41.875  42.524 0.0000000000
44811  21.740  -41.099  42.323 0.0000000000
44810  22.445  -41.187  42.165 0.0000000000
65714  28.420  -22.792  42.243 0.0000000000
65715  28.329  -23.195  41.331 0.0000000000
63425  28.040  -24.640  39.669 0.0000000000
63439  28.904  -24.836  38.767 0.0000000000
62141  28.856  -25.957  38.450 0.0000000000
57692  28.319  -29.788  40.457 0.0000000000
58681  27.698  -29.147  40.994 0.0000000000
55487  30.247  -31.983  40.111 0.0000000000
56621  29.389  -30.682  39.211 0.0000000000
57718  29.074  -29.646  38.769 0.0000000000
58697  28.263  -29.133  39.091 0.0000000000
58719  28.732  -29.020  38.547 0.0000000000
59777  28.538  -28.248  38.697 0.0000000000
59774  31.269  -27.704  38.175 0.0000000000
58715  33.225  -28.471  38.195 0.0000000000
49557  31.570  -36.846  41.799 0.0000000000
49538  32.084  -36.539  42.076 0.0000000000
49488  32.899  -36.244  43.315 0.0000000000
50663  33.888  -35.816  44.441 0.0000000000
79639  48.639  -8.895  31.599 0.0000000000
78657  48.996  -10.372  31.237 0.0000000000
79633  44.137  -8.795  34.813 0.0000000000
78642  44.706  -8.844  33.587 0.0000000000
77656  46.422  -11.244  31.626 0.0000000000
49471  29.910  -35.997  44.394 0.0000000000
49489  31.583  -35.865  43.294 0.0000000000
75613  37.921  -13.675  36.389 0.0000000000
75645  39.395  -13.622  34.705 0.0000000000
65771  29.787  -22.576  37.651 0.0000000000
64656  30.310  -23.194  37.436 0.0000000000
63456  31.704  -25.332  37.470 0.0000000000
45863  12.554  -39.402  48.183 0.0000000000
44697  12.968  -40.130  47.831 0.0000000000
44699  11.839  -40.523  48.620 0.0000000000
44676  10.636  -40.986  49.442 0.0000000000
40084  7.069  -42.730  56.400 0.0000000000
58664  28.717  -28.490  43.444 0.0000000000
54276  34.424  -34.211  42.142 0.0000000000
67814  29.114  -20.130  41.713 0.0000000000
45930  17.072  -38.708  45.645 0.0000000000
49401  15.341  -35.644  49.729 0.0000000000
49421  14.564  -36.079  48.696 0.0000000000
48221  14.146  -36.378  48.939 0.0000000000
48247  13.702  -37.195  48.455 0.0000000000
50652  20.546  -33.672  45.994 0.0000000000
50633  18.434  -33.659  47.422 0.0000000000
50654  18.585  -33.682  46.447 0.0000000000
51870  17.905  -34.207  45.665 0.0000000000
50673  17.908  -34.641  45.369 0.0000000000
48334  17.495  -36.392  44.699 0.0000000000
55432  27.560  -31.471  44.652 0.0000000000
54262  27.477  -32.278  44.982 0.0000000000
53121  28.776  -33.457  43.507 0.0000000000
53076  33.843  -34.648  44.139 0.0000000000
76635  40.291  -11.211  36.790 0.0000000000
77625  41.679  -10.346  37.620 0.0000000000
78636  42.262  -9.818  35.670 0.0000000000
75662  41.761  -14.409  33.440 0.0000000000
74525  43.282  -14.992  33.340 0.0000000000
73352  43.083  -15.894  33.526 0.0000000000
73301  36.445  -15.591  36.593 0.0000000000
72210  36.660  -16.048  35.938 0.0000000000
71109  35.954  -17.675  36.184 0.0000000000
69982  34.792  -18.720  36.615 0.0000000000
64669  32.266  -23.217  36.455 0.0000000000
64668  33.066  -23.467  35.969 0.0000000000
45981  30.579  -39.566  41.757 0.0000000000
72172  36.958  -15.794  39.939 0.0000000000
74465  37.231  -14.362  38.014 0.0000000000
45862  17.350  -40.746  47.232 0.0000000000
44716  17.011  -40.747  47.194 0.0000000000
41292  11.951  -44.878  50.438 0.0000000000
40148  11.254  -45.170  50.788 0.0000000000
40149  10.117  -44.941  50.987 0.0000000000
44637  9.612  -39.253  53.129 0.0000000000
44638  9.434  -39.693  52.501 0.0000000000
38990  8.042  -45.398  51.941 0.0000000000
38945  4.130  -44.514  54.586 0.0000000000
35462  1.128  -46.952  57.763 0.0000000000
49540  28.259  -36.491  41.782 0.0000000000
49541  27.993  -36.502  41.693 0.0000000000
47194  25.041  -37.991  41.171 0.0000000000
50700  21.367  -35.374  42.820 0.0000000000
44772  21.253  -42.186  43.009 0.0000000000
63412  27.941  -24.532  41.780 0.0000000000
64604  28.201  -23.862  41.066 0.0000000000
60861  27.903  -26.910  39.198 0.0000000000
55444  28.568  -31.406  41.744 0.0000000000
56595  29.199  -31.385  40.804 0.0000000000
55485  32.671  -32.188  39.692 0.0000000000
55502  30.679  -31.943  38.900 0.0000000000
57716  30.434  -29.713  38.416 0.0000000000
58718  29.723  -28.843  38.218 0.0000000000
57715  31.589  -29.682  37.993 0.0000000000
57714  32.736  -29.388  37.929 0.0000000000
48375  32.318  -37.445  42.214 0.0000000000
49537  32.515  -36.988  42.022 0.0000000000
48353  32.814  -37.542  42.641 0.0000000000
48322  33.613  -37.236  43.558 0.0000000000
79640  47.880  -8.838  31.812 0.0000000000
77651  44.923  -10.765  32.400 0.0000000000
76664  47.792  -12.634  31.152 0.0000000000
73317  42.062  -16.848  33.953 0.0000000000
72237  40.981  -16.576  34.089 0.0000000000
51866  27.733  -34.518  45.604 0.0000000000
51884  28.247  -34.236  44.800 0.0000000000
53081  29.368  -34.733  44.085 0.0000000000
51863  30.477  -35.266  43.567 0.0000000000
51862  31.756  -34.974  43.777 0.0000000000
76629  39.635  -12.254  37.837 0.0000000000
77640  40.308  -11.303  35.941 0.0000000000
37840  5.976  -46.193  52.694 0.0000000000
72187  35.560  -16.636  38.101 0.0000000000
71084  35.141  -17.382  37.788 0.0000000000
69967  34.801  -18.219  37.342 0.0000000000
68919  34.464  -18.815  36.991 0.0000000000
67872  30.937  -20.559  38.613 0.0000000000
67891  31.172  -20.775  38.099 0.0000000000
64670  31.776  -23.257  36.629 0.0000000000
63478  33.267  -25.346  36.636 0.0000000000
62136  33.648  -25.936  37.286 0.0000000000
60877  33.977  -26.637  37.489 0.0000000000
44804  28.906  -40.641  42.148 0.0000000000
43735  28.872  -41.088  42.531 0.0000000000
72174  35.780  -16.612  38.947 0.0000000000
42515  11.770  -43.231  48.933 0.0000000000
42430  7.715  -41.291  55.174 0.0000000000
42444  7.145  -41.786  54.499 0.0000000000
41267  6.427  -43.344  53.299 0.0000000000
41248  6.060  -42.559  54.943 0.0000000000
40094  5.974  -42.354  55.493 0.0000000000
40085  6.152  -42.445  56.321 0.0000000000
40086  5.386  -43.016  56.046 0.0000000000
38930  5.165  -43.497  56.387 0.0000000000
48328  26.368  -37.186  43.673 0.0000000000
48382  25.715  -36.407  42.163 0.0000000000
49544  24.885  -36.187  42.519 0.0000000000
48364  19.543  -37.435  43.445 0.0000000000
47168  19.879  -38.265  43.396 0.0000000000
47140  19.951  -38.980  43.525 0.0000000000
45956  20.418  -40.527  43.710 0.0000000000
44774  20.326  -40.822  44.327 0.0000000000
66873  38.554  -21.493  34.714 0.0000000000
66872  39.409  -21.530  35.142 0.0000000000
54321  30.580  -32.812  40.910 0.0000000000
55466  31.819  -32.583  40.437 0.0000000000
55465  32.388  -32.546  40.426 0.0000000000
55484  33.733  -31.821  39.764 0.0000000000
35500  1.821  -47.765  54.894 0.0000000000
66788  33.065  -18.445  41.624 0.0000000000
66802  32.730  -18.851  41.106 0.0000000000
67827  32.130  -18.868  41.218 0.0000000000
67828  31.342  -19.246  40.834 0.0000000000
68867  30.834  -19.287  41.032 0.0000000000
67873  30.490  -20.703  38.956 0.0000000000
66835  30.206  -21.054  38.717 0.0000000000
66857  29.455  -22.360  38.125 0.0000000000
65772  29.317  -22.888  38.004 0.0000000000
63458  29.469  -24.662  38.265 0.0000000000
45900  18.248  -40.695  46.433 0.0000000000
45902  16.732  -39.239  46.024 0.0000000000
45879  15.674  -39.717  46.452 0.0000000000
45904  15.222  -39.238  46.386 0.0000000000
48294  15.070  -37.637  46.616 0.0000000000
47099  14.792  -38.622  46.497 0.0000000000
45905  14.627  -39.318  46.626 0.0000000000
47079  13.490  -38.586  47.534 0.0000000000
47062  12.872  -38.165  48.466 0.0000000000
47045  12.197  -38.411  49.602 0.0000000000
49493  21.987  -34.739  44.464 0.0000000000
51845  18.721  -33.813  45.819 0.0000000000
50671  19.389  -34.151  45.208 0.0000000000
50686  19.541  -34.985  44.093 0.0000000000
49494  19.412  -36.315  43.727 0.0000000000
47111  18.586  -39.063  44.547 0.0000000000
56572  29.373  -29.493  44.244 0.0000000000
54302  29.022  -32.348  41.926 0.0000000000
54301  30.217  -33.122  41.791 0.0000000000
77648  41.212  -11.411  34.486 0.0000000000
76655  43.373  -12.708  32.856 0.0000000000
73320  37.834  -15.501  35.294 0.0000000000
72196  35.390  -16.737  37.074 0.0000000000
71110  35.523  -17.188  36.585 0.0000000000
69997  35.535  -18.691  35.864 0.0000000000
69996  36.016  -18.445  35.697 0.0000000000
68941  37.390  -19.763  34.802 0.0000000000
65787  38.250  -22.435  34.895 0.0000000000
64673  38.197  -23.002  35.283 0.0000000000
67846  34.068  -18.912  40.394 0.0000000000
68905  33.797  -19.488  39.229 0.0000000000
67869  34.117  -19.671  38.059 0.0000000000
66865  34.212  -21.245  35.990 0.0000000000
63518  35.011  -23.823  35.294 0.0000000000
63517  35.676  -24.191  35.144 0.0000000000
63516  36.372  -24.415  35.270 0.0000000000
48377  30.293  -36.622  42.754 0.0000000000
48396  31.596  -37.453  41.859 0.0000000000
48376  31.944  -37.715  42.184 0.0000000000
75608  37.749  -13.633  37.235 0.0000000000
75604  37.360  -14.244  37.601 0.0000000000
75609  37.481  -14.132  37.214 0.0000000000
74474  37.674  -14.041  36.014 0.0000000000
45861  17.610  -40.885  47.471 0.0000000000
43651  15.389  -41.186  46.999 0.0000000000
47025  12.068  -37.923  50.732 0.0000000000
47026  11.258  -38.798  50.405 0.0000000000
46999  11.408  -38.160  52.398 0.0000000000
45835  10.661  -39.521  50.250 0.0000000000
44657  10.158  -40.502  50.064 0.0000000000
43584  9.807  -41.520  49.979 0.0000000000
42500  9.639  -42.001  50.197 0.0000000000
42518  9.607  -42.967  49.908 0.0000000000
43560  8.235  -40.933  52.222 0.0000000000
43561  8.319  -41.522  51.394 0.0000000000
42502  8.887  -42.079  50.654 0.0000000000
41311  9.488  -43.412  50.171 0.0000000000
41293  9.910  -44.406  50.616 0.0000000000
40119  6.218  -44.307  53.000 0.0000000000
41259  5.506  -43.609  54.017 0.0000000000
38974  5.825  -45.151  52.689 0.0000000000
36656  2.121  -46.707  55.016 0.0000000000
37785  2.658  -45.559  56.794 0.0000000000
38919  2.427  -45.851  56.263 0.0000000000
37800  2.183  -46.220  56.014 0.0000000000
35488  1.652  -47.257  55.639 0.0000000000
47192  27.106  -37.984  40.989 0.0000000000
50721  22.040  -35.819  42.405 0.0000000000
48405  23.051  -37.829  41.388 0.0000000000
47197  22.969  -38.399  41.289 0.0000000000
47178  23.010  -39.030  40.879 0.0000000000
47181  20.952  -38.539  42.656 0.0000000000
45986  22.783  -40.001  41.683 0.0000000000
69993  39.763  -18.605  34.340 0.0000000000
66790  28.349  -22.181  42.523 0.0000000000
65724  28.364  -22.397  40.929 0.0000000000
64613  28.299  -23.919  40.135 0.0000000000
65741  28.133  -23.282  39.608 0.0000000000
64644  28.545  -23.897  38.763 0.0000000000
63459  28.869  -24.312  38.597 0.0000000000
57666  28.700  -29.301  43.752 0.0000000000
57680  28.570  -28.920  43.112 0.0000000000
58666  27.864  -28.553  41.671 0.0000000000
59754  27.540  -28.200  40.386 0.0000000000
55467  29.848  -32.201  40.709 0.0000000000
56608  29.444  -31.619  40.356 0.0000000000
55503  29.777  -31.419  39.265 0.0000000000
55504  29.224  -31.143  39.486 0.0000000000
56622  28.898  -30.823  39.561 0.0000000000
57705  28.218  -29.620  39.862 0.0000000000
59766  27.600  -28.643  39.705 0.0000000000
60860  28.465  -27.099  38.813 0.0000000000
59776  29.084  -28.071  38.502 0.0000000000
60881  29.069  -26.938  38.588 0.0000000000
62140  29.763  -25.830  38.101 0.0000000000
49512  32.608  -36.667  42.627 0.0000000000
51880  32.578  -35.416  43.739 0.0000000000
51860  33.840  -34.862  44.432 0.0000000000
79632  45.367  -8.342  34.392 0.0000000000
77658  44.725  -11.918  32.074 0.0000000000
78658  48.124  -10.630  31.338 0.0000000000
77663  47.878  -11.637  31.129 0.0000000000
38920  2.256  -46.035  56.162 0.0000000000
38933  2.422  -45.997  55.911 0.0000000000
38946  2.661  -46.004  55.662 0.0000000000
38947  2.473  -46.129  55.721 0.0000000000
40106  5.475  -43.491  54.422 0.0000000000
40108  4.664  -44.333  54.231 0.0000000000
41269  5.461  -43.893  53.772 0.0000000000
41291  12.269  -44.935  50.412 0.0000000000
43586  9.065  -41.921  50.580 0.0000000000
44693  17.900  -41.202  47.683 0.0000000000
45982  26.496  -40.043  41.491 0.0000000000
47014  10.618  -38.734  51.182 0.0000000000
48395  32.107  -37.325  41.862 0.0000000000
49393  13.377  -36.707  49.832 0.0000000000
49402  14.639  -35.899  49.279 0.0000000000
49403  13.294  -36.955  49.758 0.0000000000
49404  13.134  -37.087  49.942 0.0000000000
49516  24.726  -36.091  42.652 0.0000000000
49545  24.699  -36.144  42.237 0.0000000000
49548  21.192  -36.769  42.089 0.0000000000
49556  32.124  -36.986  41.711 0.0000000000
49559  28.230  -36.635  41.568 0.0000000000
49560  26.246  -36.688  41.712 0.0000000000
50699  22.078  -35.439  42.693 0.0000000000
50722  21.741  -35.800  42.482 0.0000000000
51844  19.101  -33.876  45.653 0.0000000000
51846  18.129  -33.900  45.839 0.0000000000
51868  18.814  -34.139  45.479 0.0000000000
51883  30.530  -33.899  43.312 0.0000000000
51885  27.818  -34.052  45.042 0.0000000000
51894  30.224  -33.796  43.276 0.0000000000
54334  31.564  -32.571  40.450 0.0000000000
55489  28.923  -31.163  39.709 0.0000000000
56607  29.776  -31.896  40.466 0.0000000000
57693  28.025  -29.459  40.027 0.0000000000
57702  30.010  -29.979  38.794 0.0000000000
57703  29.536  -30.049  38.965 0.0000000000
58698  27.871  -29.195  39.613 0.0000000000
59755  27.429  -28.854  39.929 0.0000000000
60840  26.908  -26.199  40.910 0.0000000000
60882  28.448  -26.316  38.697 0.0000000000
62077  27.017  -26.092  40.605 0.0000000000
63440  28.480  -24.490  39.006 0.0000000000
64654  31.849  -22.873  36.765 0.0000000000
64657  29.641  -23.238  37.770 0.0000000000
66789  32.627  -18.599  41.768 0.0000000000
66815  33.751  -18.710  40.627 0.0000000000
68885  34.052  -19.374  39.646 0.0000000000
68920  34.616  -18.740  36.791 0.0000000000
68931  34.617  -18.921  36.648 0.0000000000
71139  41.215  -16.924  34.222 0.0000000000
75603  37.513  -13.897  37.754 0.0000000000
75614  37.600  -13.936  36.821 0.0000000000
78634  44.350  -8.714  34.744 0.0000000000
