#!ascii label  , from subject sub-01 vox2ras=TkReg
1128
110026  42.172  22.908  31.153 0.0000000000
114410  45.895  28.653  33.674 0.0000000000
107430  46.303  19.198  35.361 0.0000000000
109198  37.969  21.011  31.695 0.0000000000
107546  38.400  19.262  27.365 0.0000000000
113680  42.298  27.497  27.448 0.0000000000
116517  47.206  31.448  39.088 0.0000000000
117911  45.978  33.736  34.414 0.0000000000
103878  46.921  15.934  40.634 0.0000000000
102222  44.105  13.365  36.328 0.0000000000
111533  46.399  24.839  30.125 0.0000000000
108347  45.754  20.396  29.891 0.0000000000
110797  50.152  22.652  31.626 0.0000000000
108281  46.242  20.710  36.418 0.0000000000
117339  41.948  31.995  30.971 0.0000000000
115187  47.752  30.043  28.139 0.0000000000
105704  41.457  18.046  33.591 0.0000000000
110044  40.125  21.977  30.813 0.0000000000
108367  37.807  20.463  28.279 0.0000000000
109240  40.698  21.530  27.730 0.0000000000
112921  42.903  27.071  30.270 0.0000000000
111509  40.593  25.321  32.356 0.0000000000
117880  44.655  33.788  37.492 0.0000000000
102188  49.747  14.190  41.475 0.0000000000
101277  48.576  12.613  39.525 0.0000000000
101274  51.797  12.277  39.108 0.0000000000
119215  43.551  35.169  28.494 0.0000000000
112901  47.270  26.667  31.357 0.0000000000
111531  48.772  24.210  30.070 0.0000000000
112875  49.440  26.339  32.703 0.0000000000
110769  43.414  23.894  34.602 0.0000000000
109987  45.683  22.410  34.478 0.0000000000
109141  43.980  21.277  36.262 0.0000000000
106539  44.996  18.711  38.684 0.0000000000
116565  47.338  32.409  33.631 0.0000000000
117988  47.218  33.107  30.826 0.0000000000
115154  45.615  29.873  31.607 0.0000000000
113649  45.145  27.403  29.227 0.0000000000
107470  46.233  19.949  32.446 0.0000000000
107486  43.180  19.602  31.209 0.0000000000
106589  44.026  18.618  34.020 0.0000000000
106644  36.389  18.897  27.179 0.0000000000
106620  37.308  18.219  30.292 0.0000000000
114498  43.889  28.137  23.590 0.0000000000
115211  39.718  28.884  25.364 0.0000000000
115832  45.179  30.502  36.552 0.0000000000
113575  48.438  28.003  35.477 0.0000000000
119126  41.538  35.982  36.528 0.0000000000
117260  43.018  32.931  35.222 0.0000000000
119105  47.224  35.578  37.418 0.0000000000
105660  45.643  17.148  38.249 0.0000000000
104771  44.037  16.709  37.009 0.0000000000
102208  45.467  13.939  38.633 0.0000000000
101306  47.471  12.036  35.860 0.0000000000
110801  44.976  23.755  31.398 0.0000000000
109224  44.012  21.339  29.053 0.0000000000
109207  46.495  21.581  30.090 0.0000000000
108344  48.657  20.338  29.818 0.0000000000
108318  49.549  20.127  33.288 0.0000000000
111492  48.118  25.056  33.136 0.0000000000
109177  47.925  21.298  33.938 0.0000000000
107421  48.117  19.488  36.415 0.0000000000
106537  46.591  18.199  38.817 0.0000000000
105629  46.818  17.033  41.154 0.0000000000
119182  41.688  35.286  30.729 0.0000000000
117353  43.704  32.334  27.608 0.0000000000
116641  45.637  31.248  29.234 0.0000000000
115207  46.167  30.033  25.547 0.0000000000
114462  45.166  28.193  26.560 0.0000000000
112941  44.629  26.345  28.639 0.0000000000
107530  42.639  19.715  27.515 0.0000000000
107506  40.261  19.390  30.223 0.0000000000
104798  38.027  16.824  33.116 0.0000000000
103906  42.067  15.393  36.081 0.0000000000
110027  41.025  22.795  31.303 0.0000000000
109213  40.138  21.316  30.343 0.0000000000
108350  41.580  21.093  29.826 0.0000000000
111522  43.408  24.834  31.307 0.0000000000
112199  41.696  25.678  31.522 0.0000000000
110804  41.615  23.817  31.543 0.0000000000
110805  40.412  23.725  31.905 0.0000000000
103024  50.820  14.319  42.459 0.0000000000
102200  50.555  13.043  40.311 0.0000000000
101263  51.328  12.668  41.517 0.0000000000
103951  36.705  15.375  30.362 0.0000000000
113615  46.642  27.472  32.883 0.0000000000
112887  48.178  26.830  32.377 0.0000000000
113604  48.213  27.924  33.654 0.0000000000
109961  42.579  22.226  36.061 0.0000000000
109976  43.653  22.612  35.500 0.0000000000
116567  46.229  31.389  34.197 0.0000000000
115861  46.754  31.270  32.821 0.0000000000
114415  45.681  29.003  32.382 0.0000000000
113626  45.560  27.969  31.487 0.0000000000
107442  46.750  19.544  34.482 0.0000000000
107457  44.749  19.195  33.629 0.0000000000
107431  45.282  18.901  35.278 0.0000000000
108339  36.765  20.032  31.481 0.0000000000
107492  36.852  19.777  30.200 0.0000000000
108379  37.812  19.884  27.334 0.0000000000
107536  36.817  19.478  27.521 0.0000000000
107547  37.499  18.942  26.872 0.0000000000
106626  36.597  18.359  28.691 0.0000000000
106633  37.996  18.734  28.784 0.0000000000
113702  43.101  27.708  25.191 0.0000000000
114488  40.678  28.760  24.689 0.0000000000
113692  41.399  28.024  26.675 0.0000000000
110014  38.536  22.852  32.463 0.0000000000
110016  37.263  21.493  32.717 0.0000000000
116526  46.738  31.543  37.642 0.0000000000
115109  46.319  29.815  37.308 0.0000000000
115806  46.892  30.267  38.816 0.0000000000
117870  46.222  33.187  38.159 0.0000000000
118498  46.338  34.833  37.906 0.0000000000
117868  47.000  33.769  38.116 0.0000000000
117249  46.814  32.708  36.749 0.0000000000
104750  46.223  16.386  39.378 0.0000000000
103892  45.444  16.142  38.706 0.0000000000
103053  45.905  14.939  39.652 0.0000000000
100258  49.454  12.275  37.251 0.0000000000
100259  48.331  11.917  37.237 0.0000000000
100265  48.738  11.843  36.073 0.0000000000
110815  46.024  24.371  30.604 0.0000000000
110023  45.380  22.964  31.069 0.0000000000
110814  46.721  23.802  30.438 0.0000000000
110811  49.817  23.650  30.707 0.0000000000
109219  48.922  21.627  29.545 0.0000000000
109217  49.802  21.649  30.349 0.0000000000
108334  49.480  20.526  30.895 0.0000000000
109184  50.260  20.653  32.652 0.0000000000
112861  47.847  27.349  34.776 0.0000000000
112168  48.500  25.874  33.512 0.0000000000
112169  47.499  25.622  33.532 0.0000000000
109155  46.177  21.247  35.540 0.0000000000
109178  47.156  21.782  33.877 0.0000000000
109154  47.164  20.810  35.693 0.0000000000
108295  48.378  20.205  35.623 0.0000000000
108280  47.150  20.407  36.486 0.0000000000
107411  47.280  19.106  37.714 0.0000000000
107412  46.472  19.631  37.467 0.0000000000
105649  44.263  17.511  39.695 0.0000000000
105648  45.570  17.807  40.052 0.0000000000
117989  42.107  33.477  30.704 0.0000000000
118003  42.775  33.331  29.364 0.0000000000
117347  42.842  32.083  29.336 0.0000000000
117912  44.840  33.188  34.876 0.0000000000
117300  43.820  31.894  33.955 0.0000000000
117298  45.808  32.710  33.481 0.0000000000
116638  47.798  31.192  29.205 0.0000000000
116626  47.080  31.796  29.961 0.0000000000
116650  47.223  31.266  28.380 0.0000000000
115923  46.352  30.639  27.577 0.0000000000
115198  46.856  29.825  26.897 0.0000000000
114471  45.994  28.783  25.194 0.0000000000
114450  46.467  29.125  26.858 0.0000000000
112932  45.527  26.624  29.303 0.0000000000
113663  45.318  27.028  28.351 0.0000000000
112215  45.550  25.729  29.251 0.0000000000
112210  44.888  25.506  29.772 0.0000000000
109235  45.364  21.066  28.769 0.0000000000
108384  43.575  20.576  27.322 0.0000000000
108375  44.295  20.367  28.083 0.0000000000
106601  42.089  18.678  32.789 0.0000000000
107487  42.051  19.321  31.150 0.0000000000
106603  40.443  18.626  32.570 0.0000000000
106605  38.715  18.287  32.372 0.0000000000
105706  39.414  17.444  33.550 0.0000000000
103067  43.425  14.640  37.481 0.0000000000
103902  42.586  15.555  36.795 0.0000000000
103070  42.997  14.183  36.347 0.0000000000
109197  39.119  21.132  30.816 0.0000000000
108353  37.657  20.246  29.741 0.0000000000
109214  39.500  20.927  29.407 0.0000000000
108365  39.749  21.023  28.362 0.0000000000
108388  39.792  20.349  27.425 0.0000000000
113665  43.127  27.389  28.463 0.0000000000
110013  39.220  23.003  32.016 0.0000000000
103049  47.521  15.094  41.184 0.0000000000
101269  47.252  13.431  40.271 0.0000000000
101267  49.095  12.876  40.451 0.0000000000
101285  50.206  12.593  38.637 0.0000000000
112208  47.088  25.512  30.465 0.0000000000
111532  47.525  24.501  30.269 0.0000000000
112195  47.911  25.885  30.938 0.0000000000
112917  49.698  25.597  31.135 0.0000000000
111505  49.920  24.948  32.075 0.0000000000
112155  44.238  25.620  34.276 0.0000000000
111495  45.340  24.574  33.758 0.0000000000
110768  44.273  23.626  34.424 0.0000000000
109975  44.745  22.081  35.210 0.0000000000
108282  45.185  20.702  36.451 0.0000000000
107413  45.352  19.716  37.660 0.0000000000
107414  44.309  19.432  37.602 0.0000000000
106540  43.991  18.338  38.619 0.0000000000
104751  43.208  16.803  39.721 0.0000000000
117316  41.208  32.815  32.273 0.0000000000
117931  47.657  33.646  33.548 0.0000000000
117932  46.962  33.858  33.206 0.0000000000
117295  48.323  32.987  32.779 0.0000000000
115891  47.615  31.214  30.737 0.0000000000
115170  46.652  30.062  29.711 0.0000000000
115172  45.352  29.332  29.069 0.0000000000
114426  44.979  29.058  30.168 0.0000000000
112903  45.458  27.521  30.764 0.0000000000
107500  46.447  20.175  30.582 0.0000000000
108349  44.515  19.916  29.806 0.0000000000
107471  45.063  19.909  32.522 0.0000000000
107458  43.608  19.007  33.211 0.0000000000
106581  42.395  18.155  34.427 0.0000000000
101326  44.816  12.485  34.764 0.0000000000
102234  43.325  13.212  35.053 0.0000000000
106628  34.800  18.522  28.457 0.0000000000
107509  36.978  19.740  28.953 0.0000000000
107537  35.833  19.286  27.719 0.0000000000
105742  35.245  17.562  27.948 0.0000000000
105741  35.791  17.530  28.119 0.0000000000
105728  35.740  17.140  29.970 0.0000000000
104807  36.467  16.353  30.989 0.0000000000
115223  42.490  29.627  24.063 0.0000000000
115955  40.790  29.820  24.704 0.0000000000
115852  45.796  29.972  34.926 0.0000000000
114397  48.104  29.014  34.661 0.0000000000
115129  46.737  29.368  35.616 0.0000000000
114377  47.320  28.277  35.952 0.0000000000
113578  45.866  27.950  35.550 0.0000000000
113591  44.664  27.258  34.760 0.0000000000
112866  42.778  26.157  35.010 0.0000000000
118529  41.402  34.947  36.148 0.0000000000
118527  43.480  34.642  36.201 0.0000000000
118525  45.438  34.804  35.657 0.0000000000
119142  47.070  34.925  35.348 0.0000000000
117900  47.031  33.836  35.593 0.0000000000
117259  46.028  32.220  35.605 0.0000000000
105676  46.609  18.328  36.860 0.0000000000
105683  45.232  17.823  36.178 0.0000000000
105674  45.095  17.168  37.766 0.0000000000
103894  44.125  15.184  38.386 0.0000000000
102215  44.536  13.820  37.752 0.0000000000
101288  46.632  12.845  38.837 0.0000000000
101299  46.263  12.802  37.578 0.0000000000
101315  45.534  12.549  35.532 0.0000000000
110802  43.902  23.866  31.389 0.0000000000
110041  42.741  22.128  30.643 0.0000000000
110024  44.373  22.985  31.200 0.0000000000
109208  45.425  21.519  30.113 0.0000000000
109222  45.976  21.025  29.475 0.0000000000
110036  48.091  22.422  30.301 0.0000000000
109220  48.127  21.248  28.822 0.0000000000
108346  46.568  20.620  30.058 0.0000000000
108336  47.855  20.196  31.283 0.0000000000
107468  48.407  20.241  32.557 0.0000000000
107441  47.892  19.573  34.400 0.0000000000
113603  48.813  27.579  34.055 0.0000000000
112167  49.282  25.954  33.333 0.0000000000
111506  49.396  24.286  32.431 0.0000000000
110777  46.772  23.749  33.356 0.0000000000
110011  47.762  22.951  33.011 0.0000000000
110009  49.581  21.981  32.938 0.0000000000
109175  49.617  20.637  33.700 0.0000000000
107427  49.336  19.768  35.016 0.0000000000
106566  47.773  18.881  36.192 0.0000000000
106551  47.243  18.484  37.337 0.0000000000
106536  47.148  18.124  38.278 0.0000000000
105646  46.484  17.460  39.461 0.0000000000
106538  45.950  18.645  38.894 0.0000000000
105647  46.303  17.671  39.938 0.0000000000
104740  47.141  16.649  40.810 0.0000000000
103868  48.108  16.299  41.711 0.0000000000
119197  42.713  35.160  29.141 0.0000000000
118015  43.275  33.300  28.344 0.0000000000
133855  44.110  32.152  25.942 0.0000000000
117327  46.374  32.313  31.420 0.0000000000
116629  43.987  31.321  30.355 0.0000000000
116653  43.869  31.134  28.264 0.0000000000
116663  44.757  30.846  26.790 0.0000000000
115221  45.434  30.494  25.135 0.0000000000
114483  45.912  29.070  24.393 0.0000000000
113700  44.500  27.977  24.732 0.0000000000
113690  43.719  27.667  26.214 0.0000000000
114452  45.012  28.224  27.535 0.0000000000
113678  44.560  27.573  27.512 0.0000000000
113679  43.676  27.424  27.616 0.0000000000
112218  44.059  26.156  29.730 0.0000000000
112197  43.947  25.497  30.773 0.0000000000
109238  42.683  21.322  28.051 0.0000000000
108386  41.720  20.594  26.821 0.0000000000
107544  40.762  20.141  27.548 0.0000000000
107504  42.398  19.271  29.959 0.0000000000
107518  41.506  19.278  28.909 0.0000000000
107520  39.472  19.466  29.244 0.0000000000
107508  38.500  19.174  30.434 0.0000000000
105714  37.260  17.552  31.988 0.0000000000
106570  43.879  18.096  35.598 0.0000000000
105685  42.564  17.302  35.796 0.0000000000
105686  41.444  17.268  35.104 0.0000000000
103087  41.932  13.811  34.888 0.0000000000
105688  39.897  16.575  35.003 0.0000000000
100232  51.894  11.231  39.165 0.0000000000
100254  52.286  11.172  37.318 0.0000000000
110042  41.635  22.038  30.710 0.0000000000
110803  42.760  23.887  31.336 0.0000000000
111523  42.277  24.843  31.578 0.0000000000
102185  51.477  13.467  41.903 0.0000000000
113606  46.292  27.919  33.485 0.0000000000
113605  47.217  27.834  33.580 0.0000000000
115138  46.108  29.528  34.331 0.0000000000
115144  46.018  29.729  33.439 0.0000000000
113616  45.797  27.899  32.748 0.0000000000
107443  45.613  19.440  34.577 0.0000000000
109199  37.339  20.589  31.618 0.0000000000
108338  37.692  19.947  31.054 0.0000000000
108389  38.731  19.870  27.089 0.0000000000
108390  37.882  19.373  26.917 0.0000000000
106641  37.957  18.890  27.947 0.0000000000
113691  42.487  27.883  26.217 0.0000000000
114463  41.955  28.440  25.615 0.0000000000
110030  37.986  21.605  31.906 0.0000000000
110015  37.721  21.751  32.422 0.0000000000
109188  37.597  21.298  32.162 0.0000000000
109189  37.136  21.078  32.302 0.0000000000
116516  47.267  32.300  38.556 0.0000000000
115819  46.561  30.306  37.823 0.0000000000
117217  46.994  32.965  39.721 0.0000000000
117859  47.088  33.241  39.045 0.0000000000
117225  47.335  33.016  38.855 0.0000000000
116525  47.080  32.318  38.001 0.0000000000
103885  46.315  15.786  39.871 0.0000000000
103050  46.612  15.031  40.337 0.0000000000
110810  50.162  22.909  30.762 0.0000000000
110048  49.926  22.273  30.169 0.0000000000
110034  49.939  22.139  30.917 0.0000000000
109202  49.875  21.400  31.001 0.0000000000
110020  50.175  21.823  31.646 0.0000000000
112862  46.755  27.087  34.312 0.0000000000
112879  46.683  26.226  33.814 0.0000000000
108297  46.194  21.016  36.018 0.0000000000
109138  46.776  20.797  36.194 0.0000000000
107423  46.853  19.922  36.861 0.0000000000
108265  46.501  20.220  36.886 0.0000000000
104741  44.446  16.764  40.756 0.0000000000
117990  41.760  32.739  30.990 0.0000000000
118574  41.932  34.082  31.064 0.0000000000
117338  42.331  32.515  30.299 0.0000000000
117274  45.198  32.823  34.209 0.0000000000
115909  47.614  30.567  28.706 0.0000000000
116639  47.565  31.421  29.183 0.0000000000
115921  47.645  30.518  27.892 0.0000000000
115922  47.220  30.711  27.475 0.0000000000
115197  47.541  30.012  27.542 0.0000000000
115188  47.024  29.614  27.714 0.0000000000
112209  46.128  25.580  29.859 0.0000000000
112931  45.851  26.023  29.239 0.0000000000
111541  45.781  25.328  29.786 0.0000000000
108373  45.397  20.849  28.779 0.0000000000
108374  44.983  20.850  28.534 0.0000000000
108361  45.088  20.412  29.034 0.0000000000
106592  41.670  18.370  33.201 0.0000000000
106602  41.276  18.734  32.669 0.0000000000
106593  40.955  18.392  33.223 0.0000000000
106594  40.252  18.061  33.098 0.0000000000
105705  40.699  17.824  33.673 0.0000000000
102220  43.706  13.838  36.721 0.0000000000
103068  42.744  15.083  37.218 0.0000000000
102223  43.479  13.489  35.848 0.0000000000
109196  39.656  21.623  30.903 0.0000000000
109228  40.076  21.314  28.586 0.0000000000
109229  39.663  20.961  28.676 0.0000000000
108377  40.048  21.003  27.906 0.0000000000
108376  40.505  21.227  27.624 0.0000000000
113637  42.646  27.379  29.834 0.0000000000
112906  41.081  26.327  31.298 0.0000000000
110028  39.725  22.428  31.457 0.0000000000
110806  39.840  23.307  31.802 0.0000000000
103048  48.187  14.478  41.374 0.0000000000
102194  48.819  13.767  41.178 0.0000000000
101266  50.790  12.908  40.325 0.0000000000
102201  50.347  12.971  40.077 0.0000000000
101284  51.200  12.605  38.397 0.0000000000
101296  50.385  12.431  37.658 0.0000000000
101283  51.887  12.296  38.051 0.0000000000
119196  43.641  35.891  29.434 0.0000000000
112918  46.990  26.120  30.715 0.0000000000
112196  47.356  26.082  30.791 0.0000000000
112886  49.188  26.637  32.587 0.0000000000
112900  48.438  26.131  31.794 0.0000000000
112898  50.015  25.921  31.518 0.0000000000
112193  50.164  25.482  31.264 0.0000000000
112180  50.035  25.593  32.024 0.0000000000
111481  44.133  24.629  34.369 0.0000000000
109989  43.715  23.217  34.793 0.0000000000
109157  44.146  21.795  35.714 0.0000000000
109156  44.959  21.180  35.674 0.0000000000
108283  44.274  20.628  36.620 0.0000000000
108267  44.779  20.261  37.197 0.0000000000
108268  43.795  20.088  37.103 0.0000000000
106553  43.573  18.744  37.923 0.0000000000
106541  42.752  18.057  38.383 0.0000000000
105663  43.579  17.864  38.991 0.0000000000
105650  42.881  17.399  39.147 0.0000000000
117272  47.445  33.190  34.259 0.0000000000
117930  48.189  33.227  33.061 0.0000000000
117296  48.034  32.927  33.252 0.0000000000
115870  46.104  30.696  31.989 0.0000000000
115868  47.798  31.200  32.070 0.0000000000
115880  46.953  30.868  31.334 0.0000000000
115892  46.869  30.392  30.338 0.0000000000
115893  46.296  30.198  30.602 0.0000000000
115162  45.404  29.350  29.742 0.0000000000
114421  45.242  28.986  31.099 0.0000000000
112902  45.941  27.039  31.079 0.0000000000
112919  46.197  26.235  30.337 0.0000000000
107483  46.426  19.871  31.345 0.0000000000
107484  45.445  19.818  31.442 0.0000000000
106590  43.038  18.722  33.773 0.0000000000
106580  43.469  18.367  34.668 0.0000000000
107525  34.410  19.214  29.388 0.0000000000
107524  35.326  19.313  28.659 0.0000000000
107549  36.261  19.099  27.262 0.0000000000
106627  35.334  18.970  27.975 0.0000000000
106636  35.757  18.524  27.661 0.0000000000
105734  36.456  18.227  29.188 0.0000000000
105735  36.002  17.631  28.909 0.0000000000
105727  36.564  17.824  29.738 0.0000000000
105721  35.978  16.800  30.567 0.0000000000
105720  36.588  17.392  30.871 0.0000000000
115234  44.137  29.317  23.574 0.0000000000
115235  43.232  29.068  23.768 0.0000000000
115226  40.032  28.803  24.755 0.0000000000
115967  40.793  29.430  24.346 0.0000000000
115210  40.066  29.301  24.933 0.0000000000
115201  39.262  29.082  26.044 0.0000000000
115845  44.990  30.649  35.409 0.0000000000
115844  45.940  29.985  35.617 0.0000000000
115831  46.139  29.824  36.240 0.0000000000
115117  47.207  28.653  35.973 0.0000000000
113577  46.805  28.041  35.903 0.0000000000
113579  44.914  27.720  35.449 0.0000000000
112865  43.563  26.280  34.504 0.0000000000
118514  43.812  35.278  36.488 0.0000000000
118526  44.447  34.833  35.989 0.0000000000
119098  47.078  35.530  38.007 0.0000000000
119679  46.531  36.452  37.355 0.0000000000
120289  46.155  36.937  36.057 0.0000000000
119708  47.108  36.141  36.299 0.0000000000
118523  47.129  34.574  35.265 0.0000000000
118513  47.289  34.678  36.202 0.0000000000
116538  46.350  32.099  36.768 0.0000000000
117250  46.287  32.370  36.212 0.0000000000
116554  45.099  31.796  35.801 0.0000000000
116553  45.589  31.520  35.262 0.0000000000
105672  46.839  18.042  37.390 0.0000000000
105673  45.879  17.524  37.508 0.0000000000
103054  45.222  14.753  38.965 0.0000000000
103893  44.740  15.684  38.553 0.0000000000
103060  45.029  14.360  38.514 0.0000000000
103061  44.381  14.628  38.381 0.0000000000
102209  44.926  14.010  38.265 0.0000000000
101278  47.444  12.722  39.603 0.0000000000
101279  46.637  13.262  39.740 0.0000000000
101298  47.373  12.296  36.963 0.0000000000
101307  46.408  12.496  36.282 0.0000000000
101314  46.558  12.252  35.198 0.0000000000
110022  46.193  22.936  30.878 0.0000000000
110038  45.875  22.362  30.531 0.0000000000
110813  47.812  23.454  30.333 0.0000000000
110812  48.632  23.141  30.029 0.0000000000
109232  49.145  21.180  28.883 0.0000000000
109204  48.734  21.839  29.800 0.0000000000
108372  48.528  20.898  28.596 0.0000000000
108358  47.942  20.647  29.064 0.0000000000
108345  47.603  20.326  30.234 0.0000000000
108326  49.445  20.017  32.086 0.0000000000
107467  48.979  20.052  32.411 0.0000000000
107453  49.013  19.848  32.952 0.0000000000
107454  48.206  19.792  33.292 0.0000000000
107440  48.948  19.777  34.174 0.0000000000
114396  48.574  28.596  34.847 0.0000000000
114407  48.318  28.269  34.395 0.0000000000
113587  48.744  28.077  34.985 0.0000000000
111491  49.044  25.087  33.170 0.0000000000
111507  48.469  24.403  32.880 0.0000000000
110778  45.755  23.927  33.863 0.0000000000
111494  46.217  24.576  33.535 0.0000000000
110000  45.983  23.172  33.827 0.0000000000
109998  47.862  22.179  33.507 0.0000000000
110010  48.772  22.632  33.162 0.0000000000
109997  48.823  21.845  33.641 0.0000000000
109996  49.464  21.393  33.546 0.0000000000
109176  48.930  21.066  34.089 0.0000000000
108278  48.461  19.884  35.902 0.0000000000
108294  49.056  19.966  35.267 0.0000000000
107428  48.445  19.515  35.507 0.0000000000
106565  48.066  19.177  36.349 0.0000000000
106558  47.076  18.651  36.812 0.0000000000
106557  47.502  19.043  36.850 0.0000000000
107396  47.138  18.587  38.247 0.0000000000
107399  44.963  19.248  38.128 0.0000000000
107398  45.768  19.203  38.247 0.0000000000
105639  46.148  17.358  40.602 0.0000000000
105638  46.842  17.148  40.517 0.0000000000
105637  47.228  16.908  40.966 0.0000000000
104739  47.329  16.624  41.456 0.0000000000
119732  41.620  36.316  31.250 0.0000000000
119181  42.632  35.622  30.189 0.0000000000
117346  43.125  32.678  28.671 0.0000000000
133856  44.063  32.798  26.806 0.0000000000
117973  47.121  33.391  31.292 0.0000000000
117313  46.737  33.230  31.909 0.0000000000
117326  46.778  33.057  30.892 0.0000000000
116627  46.141  31.669  29.979 0.0000000000
116612  45.756  31.742  30.892 0.0000000000
116628  45.106  31.346  30.199 0.0000000000
116642  44.501  31.228  29.337 0.0000000000
116643  43.494  31.444  29.461 0.0000000000
116652  45.092  31.048  28.480 0.0000000000
115938  46.056  30.357  26.625 0.0000000000
115924  45.324  30.638  27.230 0.0000000000
115939  45.311  30.559  26.321 0.0000000000
116673  44.753  31.114  26.020 0.0000000000
115208  45.689  30.255  25.405 0.0000000000
115220  45.491  29.974  24.975 0.0000000000
114482  46.010  29.423  24.973 0.0000000000
114461  45.977  28.621  26.132 0.0000000000
114484  45.240  28.385  24.546 0.0000000000
114472  45.220  28.333  25.452 0.0000000000
113701  43.863  27.699  25.042 0.0000000000
113689  44.514  27.853  25.863 0.0000000000
113650  44.647  28.159  29.140 0.0000000000
114441  44.739  28.554  28.278 0.0000000000
113664  44.845  27.753  28.307 0.0000000000
112940  45.197  26.393  28.624 0.0000000000
113677  45.127  26.803  27.984 0.0000000000
112948  44.571  26.768  28.001 0.0000000000
112949  44.248  26.808  28.184 0.0000000000
112942  43.937  26.764  28.481 0.0000000000
112933  44.235  26.450  28.935 0.0000000000
111521  44.563  24.679  31.047 0.0000000000
111535  44.645  25.290  30.390 0.0000000000
109210  43.352  21.683  29.862 0.0000000000
109225  42.986  21.454  28.968 0.0000000000
107541  43.232  20.123  26.578 0.0000000000
108396  42.621  20.743  26.652 0.0000000000
107555  42.154  20.254  26.538 0.0000000000
107531  41.637  19.742  27.900 0.0000000000
107485  44.363  19.708  31.326 0.0000000000
107503  43.711  19.799  29.876 0.0000000000
107488  41.010  19.315  31.173 0.0000000000
107505  41.293  19.161  30.056 0.0000000000
107519  40.471  19.564  29.114 0.0000000000
107521  38.662  19.102  29.454 0.0000000000
107507  39.282  19.450  30.338 0.0000000000
105713  38.231  17.545  32.802 0.0000000000
106606  37.936  18.209  32.121 0.0000000000
104799  37.215  16.607  32.561 0.0000000000
104792  37.725  16.280  33.130 0.0000000000
105678  44.873  17.411  36.755 0.0000000000
106561  44.458  17.825  36.130 0.0000000000
105679  43.619  17.374  36.350 0.0000000000
104774  42.529  16.301  36.209 0.0000000000
105680  42.934  16.890  36.344 0.0000000000
106572  42.166  17.899  35.191 0.0000000000
104775  41.843  16.294  35.614 0.0000000000
102248  43.307  12.907  34.343 0.0000000000
102224  42.883  13.653  35.345 0.0000000000
102235  42.598  13.322  34.604 0.0000000000
110043  40.587  22.064  30.701 0.0000000000
109212  41.181  21.193  30.212 0.0000000000
109227  41.024  21.201  29.097 0.0000000000
112198  42.900  26.072  31.213 0.0000000000
111524  41.111  24.736  32.066 0.0000000000
111525  40.602  24.336  32.144 0.0000000000
103038  50.282  14.669  41.892 0.0000000000
102186  50.981  13.562  41.673 0.0000000000
101265  51.149  12.563  40.491 0.0000000000
113625  46.364  27.368  31.957 0.0000000000
113624  47.089  27.078  32.310 0.0000000000
113614  47.762  27.495  32.804 0.0000000000
113613  48.749  27.443  33.061 0.0000000000
109977  42.734  23.021  35.685 0.0000000000
110755  43.107  23.478  35.260 0.0000000000
108284  43.382  20.730  36.735 0.0000000000
116566  46.753  31.907  33.964 0.0000000000
116579  47.017  31.578  33.120 0.0000000000
115862  46.374  30.852  33.174 0.0000000000
115149  45.754  30.087  32.545 0.0000000000
107455  47.095  20.045  33.479 0.0000000000
107456  45.899  19.853  33.583 0.0000000000
107444  44.914  19.012  34.625 0.0000000000
106578  44.665  18.730  34.714 0.0000000000
107535  37.336  19.945  27.744 0.0000000000
108380  37.373  19.334  27.078 0.0000000000
106643  36.749  18.728  27.217 0.0000000000
106635  36.512  18.294  27.927 0.0000000000
106642  37.440  18.684  27.419 0.0000000000
106634  37.304  18.521  28.241 0.0000000000
106625  37.135  18.463  29.252 0.0000000000
114486  42.940  28.019  24.314 0.0000000000
114500  42.432  28.412  23.988 0.0000000000
114474  41.440  28.586  25.127 0.0000000000
114475  40.688  28.580  25.323 0.0000000000
114465  40.552  28.305  26.038 0.0000000000
110001  38.142  22.920  33.021 0.0000000000
110002  37.717  22.735  33.416 0.0000000000
109179  36.696  20.884  33.075 0.0000000000
108329  36.296  20.483  32.357 0.0000000000
116527  45.739  31.082  37.031 0.0000000000
115119  45.996  29.926  36.820 0.0000000000
115108  46.625  29.481  37.829 0.0000000000
117879  45.758  33.763  37.725 0.0000000000
118499  45.755  34.927  37.730 0.0000000000
117878  46.185  34.278  37.802 0.0000000000
118492  46.841  34.737  38.117 0.0000000000
118491  47.139  34.715  38.021 0.0000000000
117893  47.193  33.716  36.723 0.0000000000
117248  47.078  33.104  37.370 0.0000000000
117235  46.990  32.516  37.596 0.0000000000
104761  45.878  16.690  38.828 0.0000000000
103886  45.617  15.711  39.111 0.0000000000
102203  45.819  14.270  39.229 0.0000000000
100245  49.278  12.493  37.881 0.0000000000
101287  47.790  12.262  38.324 0.0000000000
100266  47.947  11.872  36.572 0.0000000000
101305  48.120  12.065  35.149 0.0000000000
111520  45.415  24.313  30.959 0.0000000000
110800  45.888  23.612  30.875 0.0000000000
110799  46.463  23.191  30.753 0.0000000000
110037  46.903  22.654  30.597 0.0000000000
111539  49.318  23.998  29.931 0.0000000000
110821  49.143  23.644  29.846 0.0000000000
110049  49.510  22.434  29.887 0.0000000000
109218  49.409  21.432  29.689 0.0000000000
108343  49.223  20.702  29.641 0.0000000000
108325  50.193  20.215  31.800 0.0000000000
108317  50.072  20.105  32.576 0.0000000000
112851  48.066  27.658  35.411 0.0000000000
112860  48.492  27.661  34.944 0.0000000000
112878  47.728  26.572  33.909 0.0000000000
109974  45.512  21.628  35.055 0.0000000000
109986  46.577  21.992  34.311 0.0000000000
109169  46.166  21.655  34.764 0.0000000000
109168  47.036  21.360  34.738 0.0000000000
109167  48.109  20.533  34.788 0.0000000000
109153  47.824  20.442  35.536 0.0000000000
108296  47.767  20.440  36.027 0.0000000000
108279  48.071  20.119  36.393 0.0000000000
107422  47.367  19.606  36.816 0.0000000000
107397  46.637  18.945  38.309 0.0000000000
106527  44.518  18.237  39.167 0.0000000000
106526  45.271  18.297  39.427 0.0000000000
105630  45.980  17.031  41.195 0.0000000000
118575  41.371  34.583  31.415 0.0000000000
118593  41.735  34.621  30.753 0.0000000000
118592  42.349  34.498  30.170 0.0000000000
117354  43.324  31.926  28.561 0.0000000000
117904  43.958  33.543  35.456 0.0000000000
116555  42.594  32.042  35.091 0.0000000000
117275  44.393  32.551  34.417 0.0000000000
117299  44.734  32.259  33.634 0.0000000000
116625  47.937  31.839  30.238 0.0000000000
117337  47.230  32.546  30.518 0.0000000000
116640  46.701  31.421  29.140 0.0000000000
116651  46.278  31.059  28.235 0.0000000000
115912  45.634  30.791  27.906 0.0000000000
116662  46.579  30.994  27.843 0.0000000000
115937  46.782  30.220  26.817 0.0000000000
115206  46.639  29.806  25.878 0.0000000000
114470  46.266  29.306  25.242 0.0000000000
114460  46.533  29.207  25.947 0.0000000000
114451  45.723  28.595  27.063 0.0000000000
112939  45.583  25.971  28.940 0.0000000000
112224  45.119  25.919  28.851 0.0000000000
112216  45.046  25.676  29.218 0.0000000000
111542  45.345  25.452  29.630 0.0000000000
111534  45.397  24.969  30.261 0.0000000000
109223  45.037  21.371  29.133 0.0000000000
109237  43.663  21.395  28.130 0.0000000000
108383  44.424  20.879  27.793 0.0000000000
107516  43.529  19.937  28.378 0.0000000000
107473  42.787  19.135  32.386 0.0000000000
107474  41.676  19.047  32.033 0.0000000000
107475  40.780  19.060  32.019 0.0000000000
107476  40.292  18.909  32.027 0.0000000000
106613  39.285  18.680  31.850 0.0000000000
106612  39.923  18.747  32.111 0.0000000000
105712  38.986  17.919  32.880 0.0000000000
105707  38.496  17.125  33.352 0.0000000000
104768  43.704  16.070  37.300 0.0000000000
104772  43.186  16.368  36.799 0.0000000000
103071  42.484  14.794  36.707 0.0000000000
108337  38.281  20.458  30.613 0.0000000000
108352  38.624  20.554  29.543 0.0000000000
108366  39.184  20.741  28.474 0.0000000000
108378  38.842  20.542  27.508 0.0000000000
107545  39.616  19.797  27.473 0.0000000000
113652  41.696  27.579  29.113 0.0000000000
112905  41.858  26.399  30.942 0.0000000000
110790  40.110  23.893  32.329 0.0000000000
110791  39.544  23.595  32.323 0.0000000000
110029  38.487  21.816  31.797 0.0000000000
117237  45.266  32.621  37.698 0.0000000000
117236  45.925  32.885  38.088 0.0000000000
117227  46.199  32.732  38.841 0.0000000000
102195  47.830  14.035  40.809 0.0000000000
101268  48.114  13.023  40.475 0.0000000000
102193  50.006  13.338  40.705 0.0000000000
101276  49.793  12.742  39.659 0.0000000000
101286  49.174  12.621  38.509 0.0000000000
101297  49.702  12.463  37.992 0.0000000000
100257  50.170  12.338  37.044 0.0000000000
112207  48.248  25.147  30.506 0.0000000000
112194  48.796  25.500  31.230 0.0000000000
112206  49.199  25.030  30.688 0.0000000000
111530  49.559  24.389  30.555 0.0000000000
111519  49.706  24.445  31.411 0.0000000000
110798  49.786  23.489  31.563 0.0000000000
112154  45.106  25.828  33.984 0.0000000000
112171  45.638  25.236  33.620 0.0000000000
112172  44.822  25.085  33.870 0.0000000000
111480  44.909  24.102  34.100 0.0000000000
110767  45.210  23.357  34.307 0.0000000000
109988  44.498  22.830  34.715 0.0000000000
108298  45.757  20.986  36.022 0.0000000000
108266  45.772  20.337  37.132 0.0000000000
106552  44.381  18.863  38.158 0.0000000000
105662  44.069  18.042  39.169 0.0000000000
105641  44.401  17.035  40.406 0.0000000000
104742  43.783  16.600  40.409 0.0000000000
117328  41.643  32.471  31.692 0.0000000000
118544  47.070  34.326  34.062 0.0000000000
118543  47.293  34.198  33.821 0.0000000000
117954  47.642  33.516  32.507 0.0000000000
117324  47.977  32.728  31.471 0.0000000000
116578  47.558  32.195  32.779 0.0000000000
116593  48.161  32.264  31.718 0.0000000000
116609  48.224  32.226  31.002 0.0000000000
115901  47.710  30.923  29.715 0.0000000000
115179  47.127  30.050  28.730 0.0000000000
115180  46.167  29.485  28.465 0.0000000000
115171  46.146  29.591  29.380 0.0000000000
114427  44.905  29.107  29.556 0.0000000000
113636  44.741  28.649  29.649 0.0000000000
113635  45.039  28.096  30.237 0.0000000000
112920  45.568  27.134  30.149 0.0000000000
108348  45.092  19.977  29.760 0.0000000000
107501  45.681  19.981  30.568 0.0000000000
107472  43.948  19.516  32.397 0.0000000000
107459  42.999  19.013  33.167 0.0000000000
106591  42.297  18.298  33.460 0.0000000000
105694  41.967  17.926  33.774 0.0000000000
101316  44.369  12.850  35.784 0.0000000000
101317  43.705  12.957  35.450 0.0000000000
101327  43.887  12.693  34.935 0.0000000000
105736  34.322  17.726  29.184 0.0000000000
107510  36.003  19.671  29.374 0.0000000000
107522  37.034  19.796  28.096 0.0000000000
107523  36.212  19.697  28.267 0.0000000000
106637  35.033  18.051  27.880 0.0000000000
104825  34.956  16.976  28.146 0.0000000000
104824  35.426  16.794  28.326 0.0000000000
104813  36.290  16.254  30.072 0.0000000000
115224  41.424  29.222  23.921 0.0000000000
115966  41.577  29.931  24.337 0.0000000000
113681  41.216  27.779  27.501 0.0000000000
113693  40.377  27.926  26.777 0.0000000000
114399  46.373  28.877  34.458 0.0000000000
115137  46.557  29.461  34.979 0.0000000000
115136  47.544  29.286  35.055 0.0000000000
115127  48.347  28.864  35.293 0.0000000000
115118  46.689  29.266  36.496 0.0000000000
112850  48.257  27.809  35.491 0.0000000000
113588  47.525  27.685  35.497 0.0000000000
113589  46.795  27.568  35.163 0.0000000000
112863  45.619  26.610  34.227 0.0000000000
112864  44.468  26.450  34.404 0.0000000000
112156  43.430  25.428  34.672 0.0000000000
111482  43.176  24.665  34.797 0.0000000000
117906  41.816  33.903  35.767 0.0000000000
118528  42.528  35.000  36.348 0.0000000000
117905  42.833  33.811  35.699 0.0000000000
117903  45.114  33.981  35.392 0.0000000000
118536  45.978  34.447  35.153 0.0000000000
119107  45.339  36.039  37.852 0.0000000000
119132  45.730  35.647  35.969 0.0000000000
118524  46.161  34.901  35.661 0.0000000000
118535  46.726  34.439  34.986 0.0000000000
118534  47.185  34.312  34.595 0.0000000000
117909  47.409  33.976  34.658 0.0000000000
117257  47.136  33.545  34.927 0.0000000000
117894  46.815  33.370  36.049 0.0000000000
117258  46.809  32.931  35.428 0.0000000000
116552  46.366  32.118  34.790 0.0000000000
115853  45.813  30.496  34.387 0.0000000000
106567  46.856  18.908  36.086 0.0000000000
106568  45.897  18.557  35.943 0.0000000000
105677  45.924  18.040  36.642 0.0000000000
104770  44.492  16.941  37.509 0.0000000000
104762  45.286  16.543  38.463 0.0000000000
104766  44.688  16.603  38.122 0.0000000000
104767  44.186  16.319  37.637 0.0000000000
103062  43.811  14.964  38.213 0.0000000000
102216  43.961  13.947  37.374 0.0000000000
102219  44.459  13.527  36.902 0.0000000000
101270  46.816  13.773  40.061 0.0000000000
102202  46.400  14.155  39.801 0.0000000000
102207  46.072  13.550  39.154 0.0000000000
102213  45.921  13.256  38.423 0.0000000000
101300  45.495  13.206  37.307 0.0000000000
101308  45.287  13.059  36.598 0.0000000000
101309  44.564  13.211  36.384 0.0000000000
110025  43.280  23.000  31.073 0.0000000000
110040  43.828  22.256  30.606 0.0000000000
109209  44.411  21.689  29.897 0.0000000000
110039  44.871  22.331  30.552 0.0000000000
108360  45.725  20.854  29.245 0.0000000000
110035  48.724  22.250  29.945 0.0000000000
109206  47.561  21.645  29.906 0.0000000000
109221  47.145  21.075  29.375 0.0000000000
108359  46.853  20.914  29.550 0.0000000000
107499  46.974  20.239  30.484 0.0000000000
107482  47.184  19.783  30.951 0.0000000000
107469  47.403  20.167  32.198 0.0000000000
108335  48.585  20.419  31.087 0.0000000000
108328  47.907  20.771  32.012 0.0000000000
107429  47.436  19.221  35.372 0.0000000000
114408  47.664  28.328  34.256 0.0000000000
113612  49.196  27.180  33.333 0.0000000000
112877  48.795  26.796  34.100 0.0000000000
112166  49.563  26.001  32.701 0.0000000000
112181  49.578  25.322  32.642 0.0000000000
110786  49.532  22.976  32.427 0.0000000000
112170  46.553  25.359  33.580 0.0000000000
111493  47.233  24.610  33.279 0.0000000000
110788  47.591  23.864  33.043 0.0000000000
109999  46.753  22.578  33.457 0.0000000000
110012  47.179  23.338  33.115 0.0000000000
110787  48.654  23.524  32.839 0.0000000000
110785  50.069  22.229  32.262 0.0000000000
110008  50.282  21.509  32.427 0.0000000000
109185  50.045  21.285  33.160 0.0000000000
109166  49.192  20.451  34.532 0.0000000000
109165  49.459  20.369  34.478 0.0000000000
108308  49.493  20.146  34.491 0.0000000000
106550  47.312  18.483  37.756 0.0000000000
105658  47.237  17.984  37.908 0.0000000000
105659  46.511  17.609  38.410 0.0000000000
104760  46.388  16.990  39.201 0.0000000000
104749  46.662  16.668  39.979 0.0000000000
106525  46.110  18.215  39.531 0.0000000000
106524  46.382  17.900  39.434 0.0000000000
103877  47.490  16.129  41.314 0.0000000000
103040  48.035  15.783  41.616 0.0000000000
103039  48.654  14.928  42.073 0.0000000000
119216  43.050  34.675  28.645 0.0000000000
118609  42.682  34.344  29.008 0.0000000000
118627  43.105  34.291  28.638 0.0000000000
118626  43.569  34.246  28.140 0.0000000000
118026  44.022  33.475  27.294 0.0000000000
116616  42.127  31.824  31.755 0.0000000000
116631  42.383  31.705  31.194 0.0000000000
117297  46.492  33.132  32.894 0.0000000000
117314  46.178  32.336  32.464 0.0000000000
116611  46.593  32.227  30.575 0.0000000000
116614  43.615  31.262  31.272 0.0000000000
116630  42.834  31.637  30.524 0.0000000000
116654  43.336  31.611  28.918 0.0000000000
115913  44.829  30.852  27.866 0.0000000000
115925  44.534  30.906  27.431 0.0000000000
116664  44.251  31.399  27.007 0.0000000000
115963  45.173  31.112  24.804 0.0000000000
115971  45.246  30.376  24.455 0.0000000000
113719  44.962  28.458  23.740 0.0000000000
113721  44.284  27.527  23.585 0.0000000000
113710  43.452  27.646  24.571 0.0000000000
115189  45.980  29.174  27.650 0.0000000000
115190  45.234  28.848  27.710 0.0000000000
112934  43.626  26.608  29.302 0.0000000000
112212  43.662  26.201  30.244 0.0000000000
112211  44.309  25.780  30.044 0.0000000000
109211  42.184  21.323  29.947 0.0000000000
108363  41.797  21.172  29.568 0.0000000000
109239  41.708  21.477  27.919 0.0000000000
109247  42.441  21.244  27.152 0.0000000000
109249  41.101  21.232  27.419 0.0000000000
108387  40.901  20.823  27.394 0.0000000000
108362  44.366  20.155  29.152 0.0000000000
107517  42.567  19.667  28.736 0.0000000000
107532  40.607  19.746  28.147 0.0000000000
107533  39.546  19.493  28.166 0.0000000000
107534  38.713  19.071  28.387 0.0000000000
106624  37.923  18.791  29.817 0.0000000000
106614  38.412  18.623  31.521 0.0000000000
106615  37.571  18.149  31.281 0.0000000000
104806  36.542  16.889  31.792 0.0000000000
106569  44.986  18.092  35.611 0.0000000000
107432  44.834  18.544  35.231 0.0000000000
105684  43.255  17.743  35.787 0.0000000000
106582  41.865  17.822  34.772 0.0000000000
105695  41.494  17.742  34.236 0.0000000000
103075  42.882  13.919  35.752 0.0000000000
103076  42.190  14.316  35.512 0.0000000000
103077  41.439  14.554  35.301 0.0000000000
103907  41.322  15.218  35.424 0.0000000000
104776  40.932  16.262  35.307 0.0000000000
105687  40.403  16.853  35.051 0.0000000000
105696  40.520  17.371  34.410 0.0000000000
105697  39.735  16.934  34.620 0.0000000000
104790  39.123  16.653  34.214 0.0000000000
100218  51.387  11.649  39.982 0.0000000000
100231  52.163  11.647  38.665 0.0000000000
100243  52.267  11.306  38.101 0.0000000000
101282  52.141  11.790  37.757 0.0000000000
99153  52.231  10.781  38.238 0.0000000000
100244  52.148  11.074  38.538 0.0000000000
100246  48.805  12.406  37.822 0.0000000000
100261  52.400  11.027  36.493 0.0000000000
101273  52.145  11.962  38.346 0.0000000000
101275  50.768  12.714  39.612 0.0000000000
101304  50.594  12.281  36.998 0.0000000000
102187  50.475  13.858  41.464 0.0000000000
102191  51.056  13.090  41.363 0.0000000000
102192  50.721  13.214  40.914 0.0000000000
102196  47.066  14.269  40.402 0.0000000000
102214  45.363  13.465  37.881 0.0000000000
102218  45.035  13.430  37.265 0.0000000000
102236  41.610  13.357  34.569 0.0000000000
102249  42.988  13.038  34.120 0.0000000000
103023  51.431  14.012  42.245 0.0000000000
103036  51.331  13.831  41.951 0.0000000000
103037  50.939  14.028  41.983 0.0000000000
103055  44.803  15.063  38.795 0.0000000000
103066  43.992  14.198  37.834 0.0000000000
103887  45.082  15.297  38.909 0.0000000000
103898  44.350  16.055  38.077 0.0000000000
103899  43.850  15.579  37.943 0.0000000000
103900  43.170  15.517  37.325 0.0000000000
104733  44.140  16.396  40.933 0.0000000000
104777  40.168  16.205  35.131 0.0000000000
105628  47.166  16.872  41.207 0.0000000000
105661  45.166  16.925  38.205 0.0000000000
105671  47.228  18.227  37.627 0.0000000000
105682  45.476  18.142  36.093 0.0000000000
105703  41.875  18.111  33.475 0.0000000000
105743  34.718  17.594  28.211 0.0000000000
106556  47.945  19.226  36.568 0.0000000000
106559  46.481  18.525  36.491 0.0000000000
106560  44.924  17.696  36.081 0.0000000000
106571  42.911  18.114  35.356 0.0000000000
106579  44.428  18.422  34.860 0.0000000000
106588  44.554  18.764  34.360 0.0000000000
106600  42.663  18.754  33.107 0.0000000000
106604  39.586  18.254  32.646 0.0000000000
106619  37.957  18.778  30.768 0.0000000000
107445  44.778  18.769  34.996 0.0000000000
107489  39.968  19.225  31.411 0.0000000000
107490  38.942  19.213  31.172 0.0000000000
107491  38.392  19.098  31.038 0.0000000000
107502  44.840  19.706  30.426 0.0000000000
107529  43.461  19.922  27.229 0.0000000000
107542  42.712  19.831  26.645 0.0000000000
107543  41.729  19.982  26.952 0.0000000000
107548  36.898  19.083  26.993 0.0000000000
107553  42.950  20.363  26.525 0.0000000000
107554  42.636  20.297  26.463 0.0000000000
108293  49.563  20.014  35.065 0.0000000000
108309  49.498  20.253  34.940 0.0000000000
108310  48.960  20.270  35.079 0.0000000000
108327  48.609  20.580  31.973 0.0000000000
108333  50.090  20.514  31.314 0.0000000000
108351  41.298  21.041  29.694 0.0000000000
108356  49.210  20.874  28.865 0.0000000000
108357  48.809  20.525  28.886 0.0000000000
108364  41.513  21.141  29.449 0.0000000000
108370  49.085  21.007  28.574 0.0000000000
108371  48.907  20.840  28.578 0.0000000000
108385  43.044  20.878  26.988 0.0000000000
108391  37.409  19.173  26.877 0.0000000000
108395  43.112  20.483  26.743 0.0000000000
108397  42.048  20.795  26.500 0.0000000000
109139  46.512  20.962  36.003 0.0000000000
109140  44.584  20.913  36.227 0.0000000000
109174  49.965  20.353  33.057 0.0000000000
109186  48.433  20.596  31.516 0.0000000000
109187  48.194  20.862  31.696 0.0000000000
109192  50.314  20.919  31.657 0.0000000000
109193  49.887  20.828  31.060 0.0000000000
109194  48.209  20.545  31.343 0.0000000000
109195  47.935  20.687  31.580 0.0000000000
109203  49.679  21.024  30.364 0.0000000000
109205  48.400  21.744  29.786 0.0000000000
109226  41.980  21.153  28.983 0.0000000000
109233  48.760  21.103  28.597 0.0000000000
109234  48.495  21.108  28.614 0.0000000000
109236  44.584  21.182  28.303 0.0000000000
109241  40.219  21.490  27.980 0.0000000000
109245  44.054  21.166  27.594 0.0000000000
109246  43.292  21.179  27.445 0.0000000000
109248  41.618  21.120  27.079 0.0000000000
109253  42.081  21.105  26.614 0.0000000000
109254  41.831  21.036  26.642 0.0000000000
109960  43.429  21.816  35.912 0.0000000000
110021  46.513  22.920  30.759 0.0000000000
110050  49.139  22.787  29.816 0.0000000000
110776  47.216  24.070  33.256 0.0000000000
110789  47.197  23.654  33.197 0.0000000000
110819  49.978  22.996  30.126 0.0000000000
110820  49.550  23.456  30.011 0.0000000000
111496  44.788  24.590  34.007 0.0000000000
111508  47.845  24.507  32.976 0.0000000000
111518  50.175  25.092  31.551 0.0000000000
111529  50.159  24.944  30.996 0.0000000000
111540  49.103  23.986  29.841 0.0000000000
112205  49.949  25.267  30.832 0.0000000000
112217  44.506  26.061  29.321 0.0000000000
112223  45.354  25.959  28.864 0.0000000000
112225  44.850  25.937  28.957 0.0000000000
112876  49.281  26.756  33.314 0.0000000000
112880  45.896  25.909  33.674 0.0000000000
112885  49.678  26.087  32.227 0.0000000000
112888  47.568  26.917  32.282 0.0000000000
112899  49.356  25.887  31.818 0.0000000000
112904  42.420  26.679  30.765 0.0000000000
112916  50.107  25.719  31.043 0.0000000000
112947  44.880  26.758  27.892 0.0000000000
113567  47.130  28.201  36.098 0.0000000000
113576  47.722  27.955  35.895 0.0000000000
113592  43.622  27.108  34.632 0.0000000000
113602  49.149  27.239  33.562 0.0000000000
113638  42.241  27.480  29.863 0.0000000000
113651  42.665  27.373  29.317 0.0000000000
113707  45.223  28.336  23.906 0.0000000000
113708  44.714  27.651  23.962 0.0000000000
113709  43.855  27.464  24.054 0.0000000000
113720  44.640  27.999  23.616 0.0000000000
114385  48.544  28.414  35.285 0.0000000000
114386  47.936  28.419  35.626 0.0000000000
114390  44.449  28.110  35.779 0.0000000000
114398  47.186  28.863  34.653 0.0000000000
114409  46.731  28.344  34.081 0.0000000000
114433  44.768  28.886  29.002 0.0000000000
114464  41.426  28.358  25.853 0.0000000000
114466  39.599  28.426  26.240 0.0000000000
114473  42.314  28.328  25.115 0.0000000000
114476  40.039  28.597  25.370 0.0000000000
114485  43.417  27.860  23.858 0.0000000000
114487  41.660  28.572  24.228 0.0000000000
114489  40.272  28.712  24.976 0.0000000000
114496  45.304  28.958  23.780 0.0000000000
114497  44.654  28.707  23.613 0.0000000000
114499  43.029  28.367  23.890 0.0000000000
115128  47.582  28.987  35.480 0.0000000000
115135  48.246  29.217  35.064 0.0000000000
115160  46.454  30.128  30.138 0.0000000000
115161  45.856  29.849  30.403 0.0000000000
115178  47.584  30.248  28.442 0.0000000000
115181  45.205  29.243  28.294 0.0000000000
115209  40.661  29.810  25.297 0.0000000000
115219  46.177  29.672  25.312 0.0000000000
115225  40.572  28.967  24.252 0.0000000000
115236  42.288  28.828  23.792 0.0000000000
115820  46.098  30.505  37.179 0.0000000000
115833  44.582  31.321  36.070 0.0000000000
115846  44.872  31.523  35.669 0.0000000000
115869  47.124  31.216  32.307 0.0000000000
115879  47.802  31.173  31.668 0.0000000000
115881  46.266  30.274  31.068 0.0000000000
115902  47.304  30.385  29.338 0.0000000000
115910  47.378  30.367  28.900 0.0000000000
115911  46.085  30.793  27.928 0.0000000000
115936  47.293  30.264  27.330 0.0000000000
115950  46.451  30.178  26.065 0.0000000000
115951  45.883  30.286  25.879 0.0000000000
115952  45.347  30.585  25.531 0.0000000000
115962  45.268  30.500  24.725 0.0000000000
116507  47.213  32.488  39.306 0.0000000000
116539  45.442  31.778  36.390 0.0000000000
116540  44.809  31.812  35.963 0.0000000000
116580  46.558  31.441  33.603 0.0000000000
116594  47.920  31.641  32.105 0.0000000000
116595  47.397  31.662  32.551 0.0000000000
116610  48.158  31.682  31.221 0.0000000000
116624  48.100  32.299  30.743 0.0000000000
116649  47.665  31.035  28.494 0.0000000000
116660  47.441  30.993  27.937 0.0000000000
116661  46.935  31.132  27.780 0.0000000000
117216  47.271  32.996  39.364 0.0000000000
117218  46.529  32.521  39.445 0.0000000000
117226  46.696  33.086  39.254 0.0000000000
117234  47.140  32.948  38.070 0.0000000000
117273  47.020  32.498  34.437 0.0000000000
117276  43.580  32.383  34.860 0.0000000000
117311  48.194  32.862  32.199 0.0000000000
117312  48.020  32.542  32.431 0.0000000000
117325  47.689  32.972  31.266 0.0000000000
117335  48.041  32.455  31.002 0.0000000000
117336  47.715  32.654  30.879 0.0000000000
117860  46.899  33.251  39.206 0.0000000000
117869  46.681  33.533  38.215 0.0000000000
117877  47.184  33.639  37.569 0.0000000000
117901  46.868  33.392  35.682 0.0000000000
117902  45.646  34.245  35.165 0.0000000000
117910  46.778  34.143  34.127 0.0000000000
117913  44.189  32.905  34.903 0.0000000000
117933  46.393  33.344  33.522 0.0000000000
117953  48.139  33.269  32.707 0.0000000000
117955  47.203  33.486  32.051 0.0000000000
117971  48.014  33.193  32.083 0.0000000000
117972  47.589  33.253  31.657 0.0000000000
117974  41.817  33.689  31.131 0.0000000000
117987  47.433  33.133  31.136 0.0000000000
118002  43.060  33.112  28.815 0.0000000000
118016  43.071  33.901  28.696 0.0000000000
118497  47.328  34.674  37.423 0.0000000000
119099  46.219  35.817  37.993 0.0000000000
119106  45.904  35.457  37.864 0.0000000000
119121  47.314  35.497  36.646 0.0000000000
119130  47.151  35.439  35.733 0.0000000000
119131  46.556  35.564  35.692 0.0000000000
119141  47.111  34.814  35.133 0.0000000000
119668  46.996  35.970  37.983 0.0000000000
119669  46.547  36.191  37.812 0.0000000000
119678  46.977  35.989  37.720 0.0000000000
119694  46.938  36.008  37.012 0.0000000000
119695  46.579  36.538  36.636 0.0000000000
119709  46.550  36.437  36.030 0.0000000000
119710  45.926  36.684  36.114 0.0000000000
120264  46.238  37.022  37.062 0.0000000000
120278  46.203  36.931  36.345 0.0000000000
120290  46.030  37.078  36.196 0.0000000000
