#!ascii label  , from subject sub-01 vox2ras=TkReg
951
99164  41.043  10.589  38.153 0.0000000000
95295  44.055  6.107  32.114 0.0000000000
99258  47.684  10.863  29.216 0.0000000000
90807  42.825  1.067  20.819 0.0000000000
93509  41.575  4.913  35.812 0.0000000000
100272  49.760  11.616  35.133 0.0000000000
93598  44.205  4.656  25.396 0.0000000000
99262  40.085  10.307  29.471 0.0000000000
97109  50.494  8.425  34.642 0.0000000000
95282  45.803  6.557  34.128 0.0000000000
90718  40.757  1.017  34.099 0.0000000000
100324  41.924  11.860  31.353 0.0000000000
100398  42.957  11.771  24.475 0.0000000000
97186  48.114  8.863  28.767 0.0000000000
97232  45.325  9.316  22.372 0.0000000000
102288  38.714  13.275  29.812 0.0000000000
98077  45.904  9.811  37.323 0.0000000000
98096  43.349  9.171  36.212 0.0000000000
90705  43.541  1.459  36.130 0.0000000000
100296  45.656  11.486  33.109 0.0000000000
101346  42.908  12.497  33.681 0.0000000000
100345  44.368  11.314  29.424 0.0000000000
101401  43.388  12.852  27.276 0.0000000000
101411  45.532  11.980  26.309 0.0000000000
94426  48.175  5.875  32.861 0.0000000000
96219  49.894  7.999  31.493 0.0000000000
96237  45.837  7.700  30.512 0.0000000000
91752  44.371  2.918  22.782 0.0000000000
95376  44.777  6.339  23.519 0.0000000000
93624  44.584  4.513  20.336 0.0000000000
95393  43.383  6.534  21.216 0.0000000000
91754  42.501  2.359  22.377 0.0000000000
89849  41.463  0.934  24.235 0.0000000000
98083  39.466  9.172  37.551 0.0000000000
97091  41.226  8.361  36.346 0.0000000000
100306  48.593  11.124  32.442 0.0000000000
93550  41.427  4.159  30.131 0.0000000000
95336  42.495  6.175  28.567 0.0000000000
91733  42.811  2.544  26.715 0.0000000000
90781  43.134  1.525  24.598 0.0000000000
98045  50.577  9.729  39.105 0.0000000000
99176  48.047  10.190  37.753 0.0000000000
97111  48.078  8.352  34.081 0.0000000000
93525  46.740  4.362  33.866 0.0000000000
94418  43.855  5.489  34.587 0.0000000000
92629  45.071  2.622  34.641 0.0000000000
93530  42.343  4.203  33.151 0.0000000000
89791  40.450  0.886  31.030 0.0000000000
98047  37.088  10.048  39.181 0.0000000000
103089  40.161  14.342  34.213 0.0000000000
102259  38.871  13.994  32.357 0.0000000000
102285  40.920  13.199  28.786 0.0000000000
100373  42.201  10.789  26.931 0.0000000000
97228  40.529  8.313  24.962 0.0000000000
98114  52.273  9.296  35.231 0.0000000000
98158  51.092  9.632  30.653 0.0000000000
100355  50.355  10.901  27.482 0.0000000000
97208  44.003  8.182  26.779 0.0000000000
98209  47.351  9.664  25.270 0.0000000000
100393  47.646  11.479  24.526 0.0000000000
99314  44.684  10.611  22.196 0.0000000000
96305  41.733  7.554  23.556 0.0000000000
102278  38.010  13.374  30.424 0.0000000000
102268  37.743  14.000  31.223 0.0000000000
99179  43.853  10.373  37.864 0.0000000000
98080  42.607  9.700  37.015 0.0000000000
99235  46.292  10.467  31.226 0.0000000000
99249  45.230  10.761  31.011 0.0000000000
100343  46.087  10.815  29.214 0.0000000000
100370  44.920  11.621  27.684 0.0000000000
101410  46.803  11.717  26.668 0.0000000000
95293  46.410  5.954  32.337 0.0000000000
96222  46.269  7.249  31.413 0.0000000000
96224  44.573  7.022  31.055 0.0000000000
90796  44.108  2.117  21.080 0.0000000000
92719  44.593  3.541  20.953 0.0000000000
91780  44.173  2.959  19.960 0.0000000000
92714  43.610  3.929  20.383 0.0000000000
91763  42.350  1.414  21.176 0.0000000000
90799  42.044  1.282  21.672 0.0000000000
89874  41.863  0.259  21.334 0.0000000000
97084  39.304  8.225  37.116 0.0000000000
101322  48.028  11.525  33.923 0.0000000000
100291  49.477  11.174  33.148 0.0000000000
91709  40.953  2.418  29.406 0.0000000000
92674  41.884  3.342  28.771 0.0000000000
90762  41.854  1.580  27.786 0.0000000000
89848  42.234  0.811  25.847 0.0000000000
88902  42.385  -0.459  24.345 0.0000000000
89866  42.890  0.328  23.379 0.0000000000
98119  46.052  9.282  34.448 0.0000000000
98118  47.236  9.362  34.504 0.0000000000
96195  46.801  7.596  33.943 0.0000000000
94414  47.487  5.298  34.199 0.0000000000
94415  46.838  5.121  34.721 0.0000000000
95263  41.087  6.454  35.388 0.0000000000
96189  42.094  6.980  34.795 0.0000000000
93519  42.689  4.970  35.001 0.0000000000
90711  42.460  1.019  35.427 0.0000000000
90709  44.330  1.677  35.352 0.0000000000
91675  42.637  2.155  34.506 0.0000000000
92635  43.764  3.245  33.644 0.0000000000
91684  41.205  3.006  33.219 0.0000000000
92643  40.696  3.178  32.006 0.0000000000
90724  39.892  1.828  32.314 0.0000000000
87807  40.792  -1.660  31.420 0.0000000000
100313  42.294  11.678  32.154 0.0000000000
101329  41.186  12.801  34.107 0.0000000000
101348  40.696  12.637  33.326 0.0000000000
102251  39.169  13.977  33.380 0.0000000000
101370  40.156  13.104  31.230 0.0000000000
101378  40.209  13.142  30.317 0.0000000000
101377  40.945  12.797  30.265 0.0000000000
101413  43.349  12.806  26.235 0.0000000000
101415  42.203  12.316  26.715 0.0000000000
100382  42.567  11.364  26.067 0.0000000000
98203  41.464  9.295  26.102 0.0000000000
98213  41.779  9.540  25.014 0.0000000000
98089  50.982  9.421  36.972 0.0000000000
98087  52.316  9.756  37.287 0.0000000000
97107  52.028  8.815  35.388 0.0000000000
97162  48.662  8.407  30.191 0.0000000000
97150  50.542  8.539  31.446 0.0000000000
98167  50.229  9.422  29.341 0.0000000000
99255  50.553  10.224  29.380 0.0000000000
98189  49.937  9.602  27.863 0.0000000000
94476  42.927  5.541  26.935 0.0000000000
96271  43.045  7.150  27.659 0.0000000000
95366  43.915  6.228  25.743 0.0000000000
96303  45.517  7.168  23.004 0.0000000000
97217  45.098  8.418  24.786 0.0000000000
98218  46.061  9.607  23.920 0.0000000000
99298  48.110  10.432  24.387 0.0000000000
98224  45.712  10.090  23.105 0.0000000000
100402  46.173  11.338  23.135 0.0000000000
98231  45.093  9.838  21.995 0.0000000000
94501  42.835  5.611  22.740 0.0000000000
96304  42.494  7.537  22.768 0.0000000000
94494  42.359  5.680  23.984 0.0000000000
95378  41.187  6.896  24.265 0.0000000000
101295  51.270  12.266  37.277 0.0000000000
100351  38.947  12.136  29.584 0.0000000000
100350  39.542  11.517  29.627 0.0000000000
99159  45.858  10.381  38.562 0.0000000000
99160  44.915  10.475  38.555 0.0000000000
98095  44.462  9.493  36.313 0.0000000000
98121  44.480  8.743  34.603 0.0000000000
92618  42.720  3.288  36.375 0.0000000000
100297  44.696  11.552  33.226 0.0000000000
100322  43.917  11.257  31.497 0.0000000000
100332  43.594  11.366  30.405 0.0000000000
101386  42.501  12.564  28.777 0.0000000000
100361  44.178  11.677  28.434 0.0000000000
101412  44.357  12.439  26.457 0.0000000000
101431  43.901  12.299  24.396 0.0000000000
95280  49.947  6.912  33.636 0.0000000000
96192  50.825  7.399  33.689 0.0000000000
96206  48.207  7.030  32.310 0.0000000000
96235  47.992  7.870  30.867 0.0000000000
97164  46.592  8.436  29.971 0.0000000000
92699  44.334  3.716  24.421 0.0000000000
94485  44.474  5.290  25.041 0.0000000000
93611  45.064  4.384  22.660 0.0000000000
94505  45.356  5.475  21.813 0.0000000000
96317  45.514  6.801  21.496 0.0000000000
97247  44.614  7.457  21.455 0.0000000000
94507  43.695  5.594  20.514 0.0000000000
93619  43.273  4.487  22.006 0.0000000000
92701  42.571  3.943  23.360 0.0000000000
88903  41.242  -0.310  23.276 0.0000000000
98060  40.232  10.352  38.128 0.0000000000
98081  41.535  9.430  36.950 0.0000000000
97083  40.193  8.817  36.896 0.0000000000
96169  40.546  7.399  36.205 0.0000000000
94408  40.107  5.878  35.899 0.0000000000
101324  46.762  12.148  34.212 0.0000000000
100294  47.256  11.377  32.892 0.0000000000
99246  47.975  10.640  30.217 0.0000000000
94444  41.853  5.921  30.914 0.0000000000
96240  42.155  6.819  29.946 0.0000000000
94453  41.975  5.542  29.241 0.0000000000
93569  42.296  4.393  28.028 0.0000000000
92685  43.328  3.630  26.457 0.0000000000
89841  41.865  0.744  26.947 0.0000000000
91739  42.721  2.237  25.996 0.0000000000
92700  43.802  3.278  24.977 0.0000000000
91753  43.921  2.417  23.396 0.0000000000
90797  44.138  1.538  21.874 0.0000000000
89880  43.128  0.285  21.438 0.0000000000
89881  42.461  0.171  21.112 0.0000000000
99174  49.691  9.730  38.564 0.0000000000
98104  49.930  9.706  35.882 0.0000000000
98076  46.913  10.056  37.459 0.0000000000
98105  48.777  9.777  35.788 0.0000000000
97110  49.330  8.384  34.290 0.0000000000
96182  48.894  7.225  33.860 0.0000000000
94428  46.754  5.229  32.921 0.0000000000
93536  44.934  4.748  32.889 0.0000000000
97090  42.196  8.768  35.965 0.0000000000
96187  43.662  7.312  34.541 0.0000000000
95274  44.459  6.426  34.370 0.0000000000
92624  44.202  3.242  35.844 0.0000000000
92623  45.086  3.254  35.597 0.0000000000
94404  45.963  4.430  34.951 0.0000000000
92633  45.813  3.647  34.066 0.0000000000
93528  44.312  4.102  33.467 0.0000000000
93538  42.682  4.795  32.475 0.0000000000
93542  41.244  4.416  31.215 0.0000000000
91710  40.507  2.498  29.999 0.0000000000
89807  40.978  0.800  29.710 0.0000000000
88842  40.102  -0.173  31.347 0.0000000000
88855  40.483  0.071  30.353 0.0000000000
99166  38.733  10.461  38.880 0.0000000000
99167  37.943  10.022  38.909 0.0000000000
97064  35.639  9.033  39.336 0.0000000000
103917  41.184  14.696  35.106 0.0000000000
103920  38.872  15.432  34.365 0.0000000000
102277  38.997  13.557  30.108 0.0000000000
102286  40.167  12.916  29.302 0.0000000000
101397  40.766  12.545  28.199 0.0000000000
101395  42.274  13.390  28.101 0.0000000000
101404  41.215  12.718  27.571 0.0000000000
99273  41.454  10.580  28.317 0.0000000000
99190  51.582  10.831  35.109 0.0000000000
97133  51.935  8.398  33.333 0.0000000000
98129  51.962  10.011  33.039 0.0000000000
99209  50.112  10.449  32.974 0.0000000000
99219  49.926  10.588  32.195 0.0000000000
99256  49.784  10.477  29.159 0.0000000000
99268  49.166  11.467  28.043 0.0000000000
96250  43.196  7.504  29.173 0.0000000000
97178  45.023  8.330  28.949 0.0000000000
97188  45.489  9.099  27.869 0.0000000000
96286  44.394  7.559  25.359 0.0000000000
97206  45.372  9.095  26.064 0.0000000000
98192  48.015  9.672  26.833 0.0000000000
133515  48.529  10.146  26.054 0.0000000000
133520  49.716  11.061  26.381 0.0000000000
101409  48.087  11.797  26.156 0.0000000000
101428  46.918  12.202  24.737 0.0000000000
100395  45.558  11.633  23.864 0.0000000000
100397  43.619  11.558  23.667 0.0000000000
97241  43.902  8.242  22.084 0.0000000000
98225  43.688  9.914  23.210 0.0000000000
98220  41.880  9.277  24.075 0.0000000000
96296  41.089  7.883  24.060 0.0000000000
90774  41.360  1.463  24.807 0.0000000000
103117  37.574  13.905  30.579 0.0000000000
103111  37.499  14.160  30.718 0.0000000000
99163  42.248  10.773  38.382 0.0000000000
99181  41.924  10.009  37.729 0.0000000000
99247  46.911  10.491  30.316 0.0000000000
99259  46.578  10.596  29.466 0.0000000000
99269  47.136  10.731  28.693 0.0000000000
99270  46.563  10.769  28.772 0.0000000000
100358  46.941  11.258  28.057 0.0000000000
94434  45.261  6.034  31.959 0.0000000000
95305  45.765  6.383  31.816 0.0000000000
95306  44.677  6.422  31.661 0.0000000000
90806  43.603  1.574  21.011 0.0000000000
91769  44.306  2.766  20.478 0.0000000000
91770  43.773  2.576  20.386 0.0000000000
92721  43.459  2.858  20.412 0.0000000000
91771  43.152  2.131  20.773 0.0000000000
90808  42.215  0.965  20.937 0.0000000000
100264  50.246  12.200  36.285 0.0000000000
100273  48.748  11.570  34.826 0.0000000000
100279  49.499  11.270  34.156 0.0000000000
90747  41.169  1.568  29.128 0.0000000000
90756  41.553  1.477  28.419 0.0000000000
87887  42.299  -1.606  24.105 0.0000000000
88908  42.631  -0.677  23.113 0.0000000000
98171  40.646  9.483  28.567 0.0000000000
97113  45.818  8.469  34.091 0.0000000000
97121  46.337  7.879  33.814 0.0000000000
96196  46.402  7.019  33.883 0.0000000000
96184  46.922  6.487  34.243 0.0000000000
95272  46.411  6.000  34.459 0.0000000000
94406  41.634  5.534  35.367 0.0000000000
94420  42.132  5.773  34.757 0.0000000000
93508  42.398  4.415  35.590 0.0000000000
90717  41.612  1.463  34.554 0.0000000000
90716  42.964  1.645  35.014 0.0000000000
91680  41.877  2.671  33.894 0.0000000000
90720  41.180  2.117  33.954 0.0000000000
91681  40.974  2.480  33.527 0.0000000000
90721  40.536  1.616  33.512 0.0000000000
101360  41.413  12.099  32.411 0.0000000000
101361  40.291  12.527  32.297 0.0000000000
101369  40.926  12.237  31.306 0.0000000000
100334  41.636  12.204  30.456 0.0000000000
101425  42.717  12.105  25.072 0.0000000000
101414  42.601  12.459  26.237 0.0000000000
100389  42.646  11.333  24.938 0.0000000000
99293  42.440  10.225  25.217 0.0000000000
98103  50.907  9.280  35.954 0.0000000000
97097  51.635  8.913  35.512 0.0000000000
97108  51.508  8.331  34.674 0.0000000000
97175  48.354  8.645  29.442 0.0000000000
97174  49.396  8.797  29.520 0.0000000000
97185  48.932  9.106  28.932 0.0000000000
98168  49.654  9.282  28.949 0.0000000000
98179  48.662  9.375  28.379 0.0000000000
94475  43.337  5.354  26.357 0.0000000000
95354  43.391  6.382  26.515 0.0000000000
94486  43.916  5.530  25.749 0.0000000000
97233  45.128  8.290  22.720 0.0000000000
97226  45.215  8.227  23.652 0.0000000000
97225  45.501  9.096  23.308 0.0000000000
98223  46.486  10.247  23.704 0.0000000000
99306  45.814  10.568  22.648 0.0000000000
97239  45.216  9.475  22.072 0.0000000000
93606  42.433  4.520  24.086 0.0000000000
94487  42.290  5.215  24.570 0.0000000000
101390  38.625  12.741  29.676 0.0000000000
101389  39.451  12.549  29.431 0.0000000000
99143  44.389  10.873  39.411 0.0000000000
99161  44.039  10.566  38.617 0.0000000000
98079  43.656  9.867  37.080 0.0000000000
98109  44.181  9.083  35.279 0.0000000000
101344  45.218  12.092  33.851 0.0000000000
100331  44.836  11.053  30.506 0.0000000000
100321  44.794  10.855  31.572 0.0000000000
100323  42.859  11.442  31.403 0.0000000000
100346  43.209  11.872  29.236 0.0000000000
100379  45.589  11.670  27.049 0.0000000000
100380  44.889  12.208  27.057 0.0000000000
101423  44.142  12.413  25.343 0.0000000000
101422  45.214  12.162  25.427 0.0000000000
95290  48.800  6.234  32.814 0.0000000000
95289  49.811  6.743  33.075 0.0000000000
96221  47.276  7.455  31.804 0.0000000000
96236  46.926  7.855  30.788 0.0000000000
97163  47.629  8.408  30.133 0.0000000000
92706  44.824  3.615  23.288 0.0000000000
93605  44.897  4.481  23.717 0.0000000000
93617  44.852  4.536  21.538 0.0000000000
93616  45.021  5.099  20.896 0.0000000000
95392  45.554  6.205  21.546 0.0000000000
94518  45.060  5.906  20.293 0.0000000000
95404  44.750  6.276  20.397 0.0000000000
94514  44.336  5.649  19.961 0.0000000000
92715  43.163  3.351  20.855 0.0000000000
93618  43.649  4.554  20.907 0.0000000000
92707  42.873  3.327  22.514 0.0000000000
89867  41.440  0.461  22.125 0.0000000000
98061  39.534  10.052  38.138 0.0000000000
98082  40.486  9.706  37.493 0.0000000000
97093  39.700  7.722  36.796 0.0000000000
95261  39.845  6.547  36.625 0.0000000000
95264  40.348  6.521  35.938 0.0000000000
95265  39.908  6.139  36.076 0.0000000000
100293  47.917  11.681  32.952 0.0000000000
101341  47.414  11.591  33.333 0.0000000000
100307  47.841  10.821  32.296 0.0000000000
100319  47.444  10.696  31.764 0.0000000000
99233  48.187  10.421  31.280 0.0000000000
94445  41.619  5.429  30.632 0.0000000000
95320  41.782  5.801  29.961 0.0000000000
93559  41.489  4.135  29.091 0.0000000000
92673  42.261  3.426  28.162 0.0000000000
92680  42.798  3.505  27.284 0.0000000000
92679  43.232  3.962  27.019 0.0000000000
92686  43.058  3.163  26.741 0.0000000000
88885  41.673  0.127  26.296 0.0000000000
89856  42.746  0.764  24.606 0.0000000000
90773  42.759  1.740  25.375 0.0000000000
91738  43.310  2.785  25.644 0.0000000000
90772  43.326  2.111  24.822 0.0000000000
91747  43.802  2.734  24.436 0.0000000000
90780  43.561  1.777  24.041 0.0000000000
89873  43.321  0.065  22.318 0.0000000000
89872  43.415  0.950  22.606 0.0000000000
89879  43.455  0.916  21.796 0.0000000000
99157  48.289  10.318  38.708 0.0000000000
99156  49.262  10.088  39.032 0.0000000000
99175  49.172  10.126  38.106 0.0000000000
98074  49.458  9.738  37.463 0.0000000000
98091  49.041  9.795  36.837 0.0000000000
98057  46.192  10.147  37.908 0.0000000000
98093  46.673  9.825  36.532 0.0000000000
98106  47.557  9.860  35.583 0.0000000000
98117  48.478  9.307  34.725 0.0000000000
93524  47.155  4.739  34.178 0.0000000000
94423  47.426  5.120  33.573 0.0000000000
94424  46.914  4.786  33.446 0.0000000000
93535  45.929  4.702  33.134 0.0000000000
98098  41.799  8.995  36.379 0.0000000000
95275  43.334  6.387  34.469 0.0000000000
96188  42.737  7.203  34.706 0.0000000000
91663  43.493  2.215  36.333 0.0000000000
92617  43.599  2.975  36.182 0.0000000000
91669  44.056  2.649  36.150 0.0000000000
91672  44.976  2.108  34.972 0.0000000000
91671  45.257  2.694  35.289 0.0000000000
93505  45.534  4.066  35.168 0.0000000000
92622  45.610  3.341  35.212 0.0000000000
92621  45.964  3.763  34.747 0.0000000000
92628  45.478  3.144  34.769 0.0000000000
92636  42.696  3.436  33.554 0.0000000000
93529  43.260  4.149  33.232 0.0000000000
93537  43.838  4.783  32.687 0.0000000000
93541  41.910  5.032  31.825 0.0000000000
93539  41.682  4.223  32.360 0.0000000000
90728  39.996  1.820  31.376 0.0000000000
91698  40.300  2.634  30.813 0.0000000000
90737  40.407  1.754  30.527 0.0000000000
90748  40.663  1.662  29.766 0.0000000000
89808  40.776  1.041  30.347 0.0000000000
87808  40.164  -1.326  31.925 0.0000000000
87825  40.425  -0.977  30.915 0.0000000000
87824  41.000  -1.622  30.688 0.0000000000
99147  38.921  10.940  39.904 0.0000000000
98063  37.550  9.381  38.500 0.0000000000
98064  36.758  9.262  38.723 0.0000000000
102237  40.767  13.437  34.355 0.0000000000
103088  41.230  14.135  34.901 0.0000000000
103918  40.728  14.885  34.861 0.0000000000
103908  40.470  15.578  35.139 0.0000000000
103919  39.761  15.214  34.769 0.0000000000
104783  39.457  16.116  34.799 0.0000000000
103090  38.983  14.771  34.165 0.0000000000
101362  39.543  13.261  32.332 0.0000000000
102260  38.033  14.272  32.302 0.0000000000
102267  38.656  13.693  31.221 0.0000000000
102266  39.577  13.533  30.659 0.0000000000
102275  40.570  12.997  29.590 0.0000000000
102276  39.768  13.162  29.900 0.0000000000
101388  40.329  12.383  29.101 0.0000000000
102297  40.675  13.066  28.485 0.0000000000
101394  42.973  12.567  28.089 0.0000000000
100374  41.878  11.847  26.907 0.0000000000
101403  41.876  12.687  27.136 0.0000000000
100375  41.540  12.347  27.334 0.0000000000
100365  41.447  11.870  27.891 0.0000000000
100364  42.047  10.964  27.650 0.0000000000
98182  41.532  9.547  27.660 0.0000000000
99281  41.800  9.817  27.365 0.0000000000
97218  40.939  8.825  25.293 0.0000000000
99135  51.487  10.473  39.174 0.0000000000
98101  52.176  9.434  36.233 0.0000000000
99184  52.505  10.267  36.848 0.0000000000
99188  52.370  10.208  35.850 0.0000000000
100269  52.406  11.075  35.829 0.0000000000
99189  52.138  10.621  35.324 0.0000000000
96204  50.658  7.717  32.656 0.0000000000
96191  51.481  7.783  33.463 0.0000000000
98151  50.797  9.546  31.741 0.0000000000
98142  51.268  9.563  32.495 0.0000000000
99208  50.961  10.357  33.371 0.0000000000
99218  50.556  10.001  32.392 0.0000000000
99230  50.741  10.219  31.368 0.0000000000
99266  50.372  10.374  28.313 0.0000000000
99267  49.905  11.132  28.198 0.0000000000
96251  42.300  7.038  29.311 0.0000000000
96239  42.723  7.277  30.135 0.0000000000
97199  43.745  8.309  27.550 0.0000000000
96259  43.741  8.243  28.310 0.0000000000
97189  44.239  8.551  28.139 0.0000000000
94493  44.695  5.399  24.118 0.0000000000
95365  44.274  6.314  24.881 0.0000000000
96295  44.593  7.398  24.052 0.0000000000
98210  45.821  9.507  24.951 0.0000000000
98211  45.237  8.898  25.351 0.0000000000
98200  46.182  9.322  25.958 0.0000000000
98193  46.473  9.532  26.921 0.0000000000
98199  47.153  9.952  26.157 0.0000000000
99285  47.689  9.974  25.725 0.0000000000
99297  48.676  10.563  25.272 0.0000000000
100392  48.648  11.124  25.169 0.0000000000
133516  49.046  11.444  26.103 0.0000000000
100388  48.309  11.713  25.414 0.0000000000
101420  47.505  12.184  25.446 0.0000000000
100409  45.558  11.201  22.610 0.0000000000
100404  44.484  11.424  22.911 0.0000000000
100396  44.606  11.771  23.684 0.0000000000
100405  44.043  11.121  22.810 0.0000000000
96312  43.823  7.216  21.290 0.0000000000
97248  44.312  7.602  21.534 0.0000000000
96313  43.317  7.408  22.072 0.0000000000
97242  43.029  8.406  22.640 0.0000000000
97234  42.256  8.457  23.249 0.0000000000
98226  43.018  9.557  23.439 0.0000000000
98227  42.101  9.006  23.594 0.0000000000
97235  41.613  8.496  23.800 0.0000000000
95367  40.758  6.410  24.927 0.0000000000
90782  41.778  1.431  24.075 0.0000000000
89850  41.175  0.461  24.560 0.0000000000
101379  38.162  12.535  30.307 0.0000000000
99144  43.487  10.877  39.195 0.0000000000
99162  43.203  10.593  38.497 0.0000000000
99180  42.896  10.285  37.739 0.0000000000
100309  46.131  11.086  32.375 0.0000000000
100310  45.253  10.893  32.377 0.0000000000
99236  45.528  10.619  31.447 0.0000000000
99248  45.812  10.603  30.477 0.0000000000
100344  45.417  11.095  29.474 0.0000000000
100360  45.131  11.342  28.569 0.0000000000
100359  46.009  11.083  28.632 0.0000000000
100369  45.912  11.463  27.784 0.0000000000
95292  47.148  5.985  32.417 0.0000000000
95303  47.280  6.664  32.210 0.0000000000
95304  46.699  6.604  31.996 0.0000000000
96223  45.241  7.083  31.133 0.0000000000
91760  44.363  2.619  21.622 0.0000000000
92713  44.605  3.626  22.136 0.0000000000
92729  44.402  3.460  20.231 0.0000000000
93630  44.370  3.746  20.189 0.0000000000
93625  43.956  4.497  20.172 0.0000000000
92720  43.785  3.396  20.100 0.0000000000
91762  42.605  2.111  21.430 0.0000000000
90798  42.408  1.838  21.950 0.0000000000
88916  41.478  -0.652  21.715 0.0000000000
98062  38.520  9.391  38.171 0.0000000000
98084  38.876  8.774  37.635 0.0000000000
97085  38.246  8.323  37.717 0.0000000000
101313  47.436  12.144  34.745 0.0000000000
101312  48.051  11.745  34.397 0.0000000000
100280  48.596  11.399  33.867 0.0000000000
100292  48.688  11.622  33.000 0.0000000000
92663  41.286  3.326  29.483 0.0000000000
91721  41.635  2.463  28.679 0.0000000000
91720  42.184  2.902  28.459 0.0000000000
91726  42.220  2.513  27.804 0.0000000000
88895  42.095  -0.252  25.567 0.0000000000
89865  43.443  1.026  23.689 0.0000000000
98094  45.574  9.556  36.435 0.0000000000
98107  46.359  9.739  35.403 0.0000000000
97112  46.845  8.371  33.997 0.0000000000
96183  47.485  7.083  34.102 0.0000000000
95270  48.143  6.123  34.061 0.0000000000
95271  47.237  5.935  34.239 0.0000000000
93514  47.121  4.836  34.507 0.0000000000
96168  41.096  7.623  35.812 0.0000000000
97102  41.443  7.895  35.634 0.0000000000
95277  41.741  6.399  34.882 0.0000000000
95276  42.453  6.375  34.600 0.0000000000
93518  43.295  4.832  35.002 0.0000000000
89757  42.962  0.843  35.828 0.0000000000
90704  44.102  1.592  35.902 0.0000000000
90710  43.450  1.322  35.638 0.0000000000
90715  43.955  1.522  34.964 0.0000000000
91673  44.412  1.870  34.616 0.0000000000
91678  44.143  2.432  34.125 0.0000000000
91679  43.135  2.725  34.151 0.0000000000
92637  41.765  3.584  33.221 0.0000000000
92642  41.139  3.410  32.559 0.0000000000
91686  40.123  2.333  32.145 0.0000000000
86754  40.890  -1.990  32.084 0.0000000000
86753  41.378  -2.390  31.517 0.0000000000
101359  42.252  11.875  32.928 0.0000000000
101328  42.027  12.898  34.085 0.0000000000
101347  41.760  12.452  33.432 0.0000000000
101330  40.639  13.002  33.957 0.0000000000
102250  40.203  13.536  33.666 0.0000000000
103098  39.401  14.275  33.905 0.0000000000
101349  39.933  13.101  33.012 0.0000000000
101371  39.398  13.597  31.541 0.0000000000
101402  42.440  13.015  27.188 0.0000000000
100383  42.357  12.041  26.491 0.0000000000
98202  41.901  9.654  26.763 0.0000000000
99286  42.154  10.123  26.265 0.0000000000
99287  41.992  9.785  25.546 0.0000000000
98072  51.211  9.368  37.799 0.0000000000
98054  51.434  9.710  38.308 0.0000000000
98088  51.767  9.425  37.074 0.0000000000
97096  51.950  9.024  35.841 0.0000000000
97119  52.055  8.654  34.608 0.0000000000
96234  49.056  8.065  30.861 0.0000000000
96218  50.554  8.206  31.853 0.0000000000
96233  49.751  8.359  30.818 0.0000000000
97160  50.414  8.779  30.687 0.0000000000
99243  50.768  10.283  30.353 0.0000000000
98166  50.888  9.868  29.695 0.0000000000
98176  50.636  9.867  28.820 0.0000000000
99277  50.168  10.209  27.383 0.0000000000
95345  42.906  6.320  27.507 0.0000000000
96261  42.697  7.099  28.360 0.0000000000
96270  43.411  7.532  27.111 0.0000000000
96280  44.096  7.524  26.239 0.0000000000
97216  45.611  8.921  24.133 0.0000000000
98208  47.838  9.757  25.091 0.0000000000
98217  47.056  9.882  24.365 0.0000000000
99299  47.155  10.478  23.882 0.0000000000
99304  47.384  10.912  23.843 0.0000000000
100401  47.006  11.262  23.608 0.0000000000
99305  46.677  10.787  23.083 0.0000000000
99313  45.381  10.649  22.325 0.0000000000
95394  42.926  6.574  22.275 0.0000000000
95386  42.318  6.644  23.337 0.0000000000
95387  41.687  6.880  23.718 0.0000000000
94495  41.820  6.249  24.346 0.0000000000
94488  41.761  5.757  24.913 0.0000000000
98058  45.401  10.123  37.963 0.0000000000
99178  44.518  10.406  38.054 0.0000000000
98078  44.777  9.886  37.422 0.0000000000
98108  45.248  9.470  35.352 0.0000000000
98120  45.027  9.107  34.430 0.0000000000
97123  45.290  7.682  33.911 0.0000000000
90706  42.667  1.413  36.486 0.0000000000
89758  42.591  0.659  35.920 0.0000000000
90712  41.823  0.877  35.126 0.0000000000
89762  41.472  0.635  34.916 0.0000000000
89765  40.299  0.476  33.738 0.0000000000
101345  44.110  12.368  33.952 0.0000000000
100298  43.781  11.691  33.264 0.0000000000
100311  44.242  11.220  32.458 0.0000000000
100312  43.135  11.506  32.550 0.0000000000
100333  42.494  11.690  30.384 0.0000000000
100347  42.105  12.233  29.613 0.0000000000
101385  43.040  12.291  28.597 0.0000000000
100372  43.475  12.463  27.790 0.0000000000
100371  44.098  12.252  27.566 0.0000000000
101424  43.269  12.439  25.249 0.0000000000
101432  43.140  12.164  24.528 0.0000000000
96193  50.312  7.185  33.966 0.0000000000
96180  50.854  7.553  34.335 0.0000000000
95279  50.353  7.178  33.713 0.0000000000
95288  50.322  7.197  33.383 0.0000000000
96205  49.348  7.151  32.323 0.0000000000
97152  47.440  7.408  32.116 0.0000000000
96220  48.362  7.715  31.830 0.0000000000
97176  47.383  8.668  29.234 0.0000000000
92691  44.241  4.211  24.987 0.0000000000
93597  44.572  4.607  24.669 0.0000000000
94500  45.117  5.387  22.898 0.0000000000
94506  45.037  4.969  22.219 0.0000000000
95385  45.579  6.239  22.830 0.0000000000
96302  45.742  6.565  22.585 0.0000000000
96310  45.742  6.734  22.159 0.0000000000
96311  45.453  7.478  22.019 0.0000000000
97240  44.827  8.419  21.987 0.0000000000
96318  44.948  7.048  21.279 0.0000000000
96319  44.232  7.061  21.105 0.0000000000
95399  43.872  6.458  20.470 0.0000000000
94508  43.349  5.583  21.591 0.0000000000
93612  42.735  4.598  23.139 0.0000000000
91748  42.152  2.302  23.950 0.0000000000
89857  41.429  0.494  23.405 0.0000000000
90790  42.309  1.784  22.409 0.0000000000
90791  41.922  1.405  22.934 0.0000000000
99182  41.249  9.895  37.613 0.0000000000
97082  40.857  9.083  36.914 0.0000000000
97092  40.161  7.975  36.660 0.0000000000
96174  40.814  7.110  35.593 0.0000000000
94407  40.765  5.824  35.734 0.0000000000
94399  41.195  5.297  35.978 0.0000000000
101325  45.839  12.283  34.530 0.0000000000
101343  46.159  11.903  33.699 0.0000000000
101323  47.559  11.729  33.839 0.0000000000
101342  46.942  11.691  33.518 0.0000000000
100295  46.516  11.413  32.995 0.0000000000
99222  46.880  10.838  31.735 0.0000000000
99234  47.157  10.544  31.278 0.0000000000
94436  43.062  5.817  31.360 0.0000000000
95308  42.893  6.143  31.072 0.0000000000
95319  42.194  6.301  30.532 0.0000000000
95329  42.126  5.981  29.520 0.0000000000
94460  42.113  5.348  28.745 0.0000000000
93570  41.810  3.984  28.457 0.0000000000
94467  42.555  5.376  27.804 0.0000000000
93581  42.845  4.532  27.172 0.0000000000
93580  43.285  4.278  26.718 0.0000000000
93590  43.615  4.571  26.135 0.0000000000
89832  41.644  0.594  27.962 0.0000000000
89831  41.900  1.150  27.461 0.0000000000
90761  42.276  1.664  27.211 0.0000000000
90767  42.428  1.637  26.357 0.0000000000
91732  43.127  3.030  26.404 0.0000000000
92692  43.808  3.845  25.421 0.0000000000
91746  44.318  3.063  23.691 0.0000000000
90789  43.747  1.641  22.992 0.0000000000
91761  44.178  2.180  22.507 0.0000000000
88923  42.667  -0.780  21.527 0.0000000000
98056  50.158  9.546  38.747 0.0000000000
98073  50.185  9.525  37.893 0.0000000000
98090  50.069  9.425  36.865 0.0000000000
98115  50.530  9.240  35.200 0.0000000000
99141  46.422  10.581  39.389 0.0000000000
99158  47.062  10.401  38.329 0.0000000000
98075  47.514  10.176  37.464 0.0000000000
98092  47.854  10.131  36.843 0.0000000000
99186  48.433  10.090  37.265 0.0000000000
98116  49.681  9.344  34.902 0.0000000000
96181  49.997  7.532  34.181 0.0000000000
95281  49.098  6.254  33.633 0.0000000000
94422  48.230  5.740  33.246 0.0000000000
94413  48.017  5.747  33.742 0.0000000000
94427  47.687  5.549  32.834 0.0000000000
94429  45.569  5.583  32.473 0.0000000000
94430  44.453  5.538  32.362 0.0000000000
98097  42.369  9.190  36.419 0.0000000000
97089  42.774  8.853  36.106 0.0000000000
97101  42.057  8.156  35.278 0.0000000000
97100  43.049  8.683  35.464 0.0000000000
97099  43.674  8.790  35.259 0.0000000000
97115  43.918  8.308  34.775 0.0000000000
96186  44.503  7.412  34.252 0.0000000000
95283  45.155  6.671  34.067 0.0000000000
92625  43.340  3.593  35.923 0.0000000000
93507  43.722  4.106  35.483 0.0000000000
91668  44.593  2.298  35.769 0.0000000000
93506  44.713  3.998  35.468 0.0000000000
93517  44.282  4.698  35.034 0.0000000000
94417  44.874  5.328  34.681 0.0000000000
95273  45.467  6.005  34.510 0.0000000000
94416  45.883  5.010  34.905 0.0000000000
94403  46.293  4.606  34.829 0.0000000000
93515  46.584  4.405  34.533 0.0000000000
92632  46.345  3.867  33.920 0.0000000000
92634  44.816  3.254  34.238 0.0000000000
93527  45.366  4.074  33.566 0.0000000000
94431  43.319  5.499  31.921 0.0000000000
94432  42.540  5.250  31.862 0.0000000000
94438  41.642  5.233  31.290 0.0000000000
93551  41.092  4.007  30.606 0.0000000000
92647  41.048  3.761  31.867 0.0000000000
93543  40.869  3.895  30.822 0.0000000000
92655  40.854  3.433  30.283 0.0000000000
89821  41.245  0.642  28.907 0.0000000000
89770  39.858  0.654  32.877 0.0000000000
89776  39.854  0.775  31.836 0.0000000000
88854  41.008  -0.185  29.597 0.0000000000
100249  40.794  11.315  38.740 0.0000000000
99165  39.915  11.015  38.816 0.0000000000
97072  37.904  8.869  38.166 0.0000000000
98048  36.187  9.537  39.509 0.0000000000
97074  36.133  8.451  38.938 0.0000000000
104791  38.458  16.494  33.606 0.0000000000
103928  38.252  15.612  33.711 0.0000000000
103929  37.866  15.863  33.310 0.0000000000
102287  39.242  13.157  29.552 0.0000000000
100349  40.665  11.373  28.830 0.0000000000
100348  41.526  12.532  29.850 0.0000000000
101387  41.500  12.870  29.128 0.0000000000
101396  41.486  13.292  28.470 0.0000000000
102303  41.884  13.208  27.356 0.0000000000
102304  41.473  13.195  27.567 0.0000000000
102305  40.935  13.136  27.862 0.0000000000
99261  40.726  10.024  28.750 0.0000000000
98183  41.112  9.161  28.078 0.0000000000
99173  52.168  10.048  37.979 0.0000000000
101294  51.913  11.982  37.355 0.0000000000
100263  51.364  12.121  36.230 0.0000000000
100271  50.918  11.430  35.302 0.0000000000
96179  51.481  7.602  34.112 0.0000000000
97120  51.900  8.096  34.042 0.0000000000
97132  52.093  8.622  33.976 0.0000000000
97149  50.781  8.771  32.063 0.0000000000
98141  52.039  9.197  32.988 0.0000000000
98128  52.148  9.595  33.627 0.0000000000
99207  51.828  10.188  33.838 0.0000000000
99197  51.253  10.649  34.461 0.0000000000
100278  50.422  11.062  34.324 0.0000000000
100290  50.087  10.859  33.592 0.0000000000
99220  49.298  10.736  31.892 0.0000000000
99231  50.137  10.648  31.151 0.0000000000
99232  49.276  10.699  31.071 0.0000000000
99245  49.040  10.595  30.154 0.0000000000
99257  48.889  10.993  29.061 0.0000000000
100341  48.390  11.317  28.419 0.0000000000
95317  44.053  6.929  31.152 0.0000000000
96238  44.274  7.687  30.283 0.0000000000
96249  43.972  7.993  28.835 0.0000000000
97165  45.587  8.328  29.800 0.0000000000
97177  46.345  8.906  28.925 0.0000000000
98170  47.006  8.965  28.392 0.0000000000
96287  44.125  6.753  25.812 0.0000000000
96279  44.432  7.843  25.886 0.0000000000
97207  44.669  8.544  25.962 0.0000000000
97197  45.412  9.123  26.668 0.0000000000
98181  46.824  9.244  27.868 0.0000000000
98180  47.725  9.263  28.222 0.0000000000
98191  48.598  9.546  27.748 0.0000000000
99278  49.297  9.774  27.322 0.0000000000
99284  49.376  10.397  26.426 0.0000000000
99291  48.138  10.012  25.330 0.0000000000
133521  49.261  10.531  25.972 0.0000000000
100368  50.134  10.845  26.742 0.0000000000
100356  49.745  11.397  27.126 0.0000000000
100357  48.285  11.371  27.326 0.0000000000
101421  46.390  12.326  25.501 0.0000000000
100394  46.561  11.608  24.098 0.0000000000
101429  45.967  12.181  24.633 0.0000000000
101430  44.890  12.093  24.532 0.0000000000
99301  43.113  10.687  24.135 0.0000000000
98232  44.136  9.675  22.576 0.0000000000
98233  43.521  8.990  22.655 0.0000000000
99315  44.169  10.748  22.553 0.0000000000
99307  43.610  10.545  23.280 0.0000000000
99308  43.303  10.258  23.654 0.0000000000
98219  42.458  9.818  24.516 0.0000000000
97227  41.151  8.581  24.549 0.0000000000
96297  40.377  7.757  24.633 0.0000000000
89753  43.054  0.866  36.122 0.0000000000
89855  43.296  1.226  24.234 0.0000000000
90714  44.503  1.676  34.955 0.0000000000
90725  39.911  2.220  32.061 0.0000000000
90729  39.921  2.196  31.816 0.0000000000
90805  43.952  2.254  20.695 0.0000000000
91662  44.091  1.734  36.190 0.0000000000
91667  45.235  2.838  35.525 0.0000000000
91674  43.591  1.981  34.521 0.0000000000
91677  44.752  2.354  34.494 0.0000000000
91685  40.514  2.608  32.656 0.0000000000
91690  40.298  2.562  31.722 0.0000000000
91691  40.080  2.357  31.911 0.0000000000
91727  41.761  2.028  28.125 0.0000000000
91772  42.603  1.471  20.960 0.0000000000
91779  44.377  3.084  20.030 0.0000000000
92627  46.207  3.826  34.311 0.0000000000
92648  40.633  3.480  31.238 0.0000000000
92654  41.248  3.642  29.951 0.0000000000
92664  40.839  2.941  29.743 0.0000000000
92730  44.263  3.354  19.999 0.0000000000
93504  46.022  4.084  34.911 0.0000000000
93516  45.094  4.582  35.033 0.0000000000
93526  46.215  4.081  33.573 0.0000000000
93534  46.548  4.604  33.391 0.0000000000
93591  43.114  4.829  26.606 0.0000000000
93623  44.997  5.193  20.419 0.0000000000
93631  44.185  3.853  20.127 0.0000000000
94401  39.951  5.859  36.349 0.0000000000
94405  42.318  5.226  35.021 0.0000000000
94419  42.829  5.518  34.587 0.0000000000
94435  44.913  5.891  32.071 0.0000000000
94437  42.267  5.681  31.301 0.0000000000
94454  41.724  5.227  29.500 0.0000000000
94461  41.791  4.638  28.703 0.0000000000
94499  45.564  5.833  22.476 0.0000000000
94512  45.182  5.674  20.787 0.0000000000
94513  44.909  5.492  20.159 0.0000000000
94519  44.817  5.922  20.021 0.0000000000
94520  44.593  6.058  20.029 0.0000000000
95260  40.172  6.940  36.356 0.0000000000
95284  44.737  6.892  34.091 0.0000000000
95291  47.846  6.285  32.531 0.0000000000
95294  44.525  6.013  32.085 0.0000000000
95307  43.601  6.269  31.479 0.0000000000
95318  43.282  6.780  30.789 0.0000000000
95330  41.873  5.682  29.659 0.0000000000
95344  43.159  6.845  27.195 0.0000000000
95355  43.062  6.068  26.986 0.0000000000
95377  41.832  6.475  23.915 0.0000000000
95384  45.800  6.156  22.270 0.0000000000
95397  45.106  6.302  20.841 0.0000000000
95398  44.872  6.539  20.824 0.0000000000
95403  44.953  6.079  20.128 0.0000000000
95405  44.374  6.318  20.288 0.0000000000
96170  39.980  7.313  36.605 0.0000000000
96172  42.141  7.528  34.899 0.0000000000
96173  41.482  7.321  35.171 0.0000000000
96185  45.018  7.539  33.942 0.0000000000
96194  49.699  6.985  33.852 0.0000000000
96197  45.471  7.160  33.697 0.0000000000
96198  44.929  7.123  33.850 0.0000000000
96203  51.494  8.042  32.961 0.0000000000
96207  47.570  7.021  32.210 0.0000000000
96260  43.262  7.896  28.134 0.0000000000
96323  44.659  6.638  20.813 0.0000000000
96324  44.508  6.527  20.590 0.0000000000
97098  51.110  8.881  35.113 0.0000000000
97114  44.949  8.170  34.180 0.0000000000
97116  42.943  8.014  34.778 0.0000000000
97117  42.457  7.767  34.866 0.0000000000
97122  45.711  7.761  33.832 0.0000000000
97134  51.545  8.535  32.592 0.0000000000
97135  47.899  7.541  32.219 0.0000000000
97136  47.677  7.351  32.225 0.0000000000
97151  47.629  7.643  32.118 0.0000000000
97159  50.955  8.990  31.233 0.0000000000
97161  49.575  8.542  30.309 0.0000000000
97173  50.040  9.000  29.965 0.0000000000
97187  47.590  8.828  28.700 0.0000000000
97190  43.657  8.356  28.056 0.0000000000
97198  44.579  8.631  27.172 0.0000000000
98044  51.238  9.900  38.887 0.0000000000
98055  50.794  9.552  38.472 0.0000000000
98059  44.922  10.249  37.985 0.0000000000
98070  52.263  9.923  37.737 0.0000000000
98071  51.924  9.708  37.832 0.0000000000
98102  51.638  9.258  36.238 0.0000000000
98110  43.573  8.928  35.579 0.0000000000
98127  52.215  9.242  34.303 0.0000000000
98140  52.141  8.989  33.617 0.0000000000
98159  50.517  9.429  30.069 0.0000000000
98169  47.192  8.831  28.668 0.0000000000
98177  50.164  9.548  28.535 0.0000000000
98178  49.459  9.416  28.427 0.0000000000
98188  50.386  9.866  28.122 0.0000000000
98190  49.227  9.535  27.938 0.0000000000
98194  41.899  9.675  27.074 0.0000000000
98195  41.630  9.513  27.206 0.0000000000
98201  45.425  9.096  25.666 0.0000000000
98212  42.251  9.816  24.958 0.0000000000
98216  47.822  9.797  24.804 0.0000000000
98230  45.573  9.984  22.179 0.0000000000
99154  51.946  10.321  38.478 0.0000000000
99172  52.333  10.426  37.770 0.0000000000
99177  47.362  10.225  37.731 0.0000000000
99185  48.832  10.028  37.502 0.0000000000
99195  52.289  9.915  34.912 0.0000000000
99196  51.944  10.350  34.631 0.0000000000
99206  52.178  9.873  34.227 0.0000000000
99221  48.644  10.624  31.858 0.0000000000
99223  46.550  10.768  31.780 0.0000000000
99224  45.932  10.662  31.880 0.0000000000
99244  50.097  10.682  30.173 0.0000000000
99260  45.863  10.754  29.744 0.0000000000
99271  41.891  10.161  27.398 0.0000000000
99272  41.721  10.023  27.607 0.0000000000
99279  47.688  10.048  26.187 0.0000000000
99280  42.020  9.984  27.160 0.0000000000
99292  47.762  9.852  25.401 0.0000000000
99294  42.115  9.795  25.224 0.0000000000
99300  43.393  11.002  23.636 0.0000000000
99312  45.961  10.957  22.679 0.0000000000
100255  52.118  11.610  36.927 0.0000000000
100256  51.750  11.941  36.812 0.0000000000
100262  52.148  11.702  36.255 0.0000000000
100270  51.810  11.362  35.636 0.0000000000
100281  48.119  11.604  33.489 0.0000000000
100305  49.204  11.119  32.529 0.0000000000
100308  46.966  11.130  32.129 0.0000000000
100320  47.127  10.818  31.727 0.0000000000
100330  45.468  10.860  30.059 0.0000000000
100342  47.705  11.223  28.368 0.0000000000
100362  43.494  12.176  28.285 0.0000000000
100363  41.981  10.400  27.368 0.0000000000
100381  44.398  12.481  27.051 0.0000000000
100403  45.266  11.588  22.939 0.0000000000
100410  44.969  11.257  22.325 0.0000000000
100411  44.386  11.095  22.431 0.0000000000
100412  44.168  11.042  22.513 0.0000000000
101293  52.132  11.678  37.336 0.0000000000
101303  50.880  12.231  36.692 0.0000000000
101305  48.120  12.065  35.149 0.0000000000
101400  44.088  12.617  27.084 0.0000000000
101433  42.865  12.103  24.651 0.0000000000
102238  38.916  14.318  33.964 0.0000000000
102295  41.871  13.438  27.618 0.0000000000
102296  41.338  13.395  28.085 0.0000000000
103091  38.133  14.898  34.087 0.0000000000
103097  39.791  14.079  33.727 0.0000000000
103909  39.930  15.752  35.056 0.0000000000
104784  38.784  16.080  34.201 0.0000000000
133514  47.996  10.114  26.026 0.0000000000
133517  49.791  10.798  26.418 0.0000000000
133518  49.611  10.811  26.240 0.0000000000
133519  48.986  10.384  25.741 0.0000000000
133522  49.331  10.817  25.800 0.0000000000
