#!ascii label  , from subject sub-01 vox2ras=TkReg
802
91269  19.999  1.691  -12.711 0.2500000000
91284  20.223  1.319  -13.434 0.2500000000
90342  19.708  0.870  -13.917 0.7500000000
94016  19.443  4.378  -12.115 0.2500000000
93103  19.654  3.410  -12.498 0.1250000000
94015  19.974  4.092  -12.720 0.3750000000
92192  20.039  2.663  -12.757 0.2500000000
91299  20.939  1.431  -13.700 0.7500000000
90340  21.125  0.594  -14.238 0.8750000000
91300  20.143  1.184  -13.987 0.8750000000
89398  21.300  -0.312  -14.528 0.8750000000
93102  20.271  3.465  -13.045 0.3750000000
92205  20.473  2.703  -13.268 0.3750000000
92218  20.952  2.475  -13.676 0.8750000000
91283  20.548  1.950  -13.217 0.7500000000
91297  22.595  1.446  -14.340 1.0000000000
91298  21.745  1.490  -14.297 1.0000000000
90339  22.015  0.523  -14.370 1.0000000000
90338  23.093  0.491  -14.516 1.0000000000
94031  19.902  4.754  -12.723 0.2500000000
94030  20.500  4.421  -13.286 0.7500000000
93112  21.408  3.931  -13.971 0.8750000000
93123  21.194  2.949  -14.089 0.8750000000
93113  20.904  3.481  -13.771 0.7500000000
92215  22.907  2.040  -14.120 1.0000000000
92216  22.359  2.517  -14.328 1.0000000000
93122  21.688  3.455  -14.256 1.0000000000
90337  24.025  0.779  -14.311 1.0000000000
94029  21.241  4.391  -13.765 1.0000000000
91282  23.920  2.098  -13.527 1.0000000000
92203  23.260  2.614  -13.871 1.0000000000
93121  22.420  3.495  -14.173 1.0000000000
91295  24.543  1.605  -13.777 1.0000000000
91296  23.461  1.558  -13.945 1.0000000000
90335  25.660  0.794  -14.949 1.0000000000
90336  24.868  0.839  -14.616 1.0000000000
97601  18.492  8.233  -10.354 0.2500000000
94879  19.538  5.415  -12.292 0.2500000000
95819  21.335  5.946  -13.765 1.0000000000
94895  20.271  5.415  -12.990 0.6250000000
94894  21.165  5.273  -13.627 1.0000000000
94041  22.284  4.403  -14.258 1.0000000000
94904  21.748  5.222  -14.249 1.0000000000
92202  24.124  2.654  -13.579 1.0000000000
94027  23.053  4.355  -13.852 1.0000000000
93120  25.178  2.569  -13.556 1.0000000000
91294  25.486  1.435  -14.386 1.0000000000
93119  25.870  2.772  -13.681 1.0000000000
92212  26.088  2.098  -14.504 1.0000000000
97622  19.046  8.348  -11.499 0.5000000000
96696  19.541  7.402  -12.406 0.3750000000
96711  20.630  7.433  -13.301 0.8750000000
96710  21.763  7.369  -13.575 1.0000000000
94902  22.905  5.137  -14.041 1.0000000000
95818  21.696  5.925  -14.138 1.0000000000
94026  23.979  4.146  -13.155 1.0000000000
94039  25.965  3.465  -13.170 1.0000000000
93108  25.427  3.248  -13.124 1.0000000000
93118  26.665  2.867  -14.822 0.8750000000
98601  18.693  9.446  -10.768 0.5000000000
97621  19.836  8.496  -12.353 0.5000000000
97640  20.499  8.505  -13.038 0.6250000000
97639  21.289  8.310  -13.427 1.0000000000
95800  24.673  5.684  -12.423 1.0000000000
95801  24.056  6.286  -12.879 1.0000000000
94891  23.370  5.292  -13.351 1.0000000000
95802  23.142  6.401  -13.622 1.0000000000
94889  25.482  5.106  -12.358 1.0000000000
94890  24.308  5.022  -12.538 1.0000000000
94025  25.135  3.926  -12.683 1.0000000000
94038  26.920  3.493  -13.882 0.8750000000
98623  19.578  9.118  -11.652 0.5000000000
98622  20.369  9.513  -12.370 0.8750000000
98639  22.665  8.953  -13.322 1.0000000000
97638  22.190  8.199  -13.395 1.0000000000
95784  24.477  6.832  -12.644 1.0000000000
97636  23.599  7.709  -12.839 1.0000000000
96709  22.689  7.318  -13.610 1.0000000000
97618  24.775  7.822  -12.146 1.0000000000
94888  26.827  5.090  -12.635 1.0000000000
96694  24.659  7.325  -12.422 1.0000000000
94878  26.085  5.771  -12.372 1.0000000000
98600  19.584  9.857  -11.503 0.5000000000
98621  21.217  9.823  -13.012 1.0000000000
99728  22.459  10.471  -12.508 1.0000000000
98620  22.133  9.671  -12.842 1.0000000000
98598  25.037  9.462  -11.368 1.0000000000
97600  24.272  8.741  -11.729 1.0000000000
97598  25.963  8.415  -11.249 1.0000000000
97599  24.897  8.298  -11.600 1.0000000000
96692  26.594  7.022  -11.415 1.0000000000
95782  26.175  6.352  -12.132 0.8750000000
103469  21.738  14.498  -10.486 1.0000000000
102646  20.290  13.618  -9.529 0.3750000000
103481  21.875  14.191  -11.129 0.8750000000
100826  22.679  11.561  -12.304 1.0000000000
98617  24.541  10.039  -11.716 1.0000000000
99726  24.123  10.583  -11.821 1.0000000000
104287  22.389  15.371  -10.271 0.8750000000
103468  22.114  14.960  -10.740 1.0000000000
103480  22.399  14.375  -11.200 1.0000000000
102666  22.266  13.432  -11.499 1.0000000000
103479  23.209  14.453  -11.054 1.0000000000
101804  23.016  12.263  -11.781 1.0000000000
99725  24.900  10.558  -11.707 1.0000000000
100824  24.381  11.466  -11.339 1.0000000000
99716  25.596  10.558  -11.100 1.0000000000
104275  21.676  15.089  -9.324 0.7500000000
104315  23.638  14.769  -10.654 1.0000000000
102655  24.595  13.741  -11.286 1.0000000000
100805  24.483  12.337  -10.879 1.0000000000
101795  24.505  12.954  -11.346 1.0000000000
100814  24.947  12.318  -11.566 1.0000000000
104303  23.184  15.395  -10.565 1.0000000000
103478  24.057  14.338  -11.097 1.0000000000
107794  25.493  19.513  -8.688 0.1250000000
107804  24.831  19.546  -9.869 0.2500000000
107803  25.020  20.124  -9.478 0.1250000000
108687  24.235  20.372  -10.724 0.3750000000
108675  24.640  20.578  -10.128 0.2500000000
109520  24.101  20.785  -11.449 0.5000000000
109510  24.502  21.107  -11.096 0.2500000000
108685  25.545  20.752  -11.183 0.3750000000
108674  25.505  20.657  -9.368 0.2500000000
109500  24.909  21.226  -10.357 0.2500000000
109499  25.927  21.558  -9.803 0.2500000000
109509  25.766  21.610  -10.737 0.2500000000
108697  26.229  21.148  -11.187 0.3750000000
109519  26.388  22.059  -11.356 0.3750000000
91270  19.234  1.492  -12.125 0.1250000000
91268  20.329  2.238  -12.921 0.2500000000
93104  19.192  3.352  -11.757 0.1250000000
90348  24.351  0.252  -14.948 1.0000000000
98641  20.983  9.104  -13.222 0.8750000000
97619  23.965  8.283  -12.385 1.0000000000
90317  19.342  0.512  -11.966 0.1250000000
89399  20.512  -0.273  -14.258 0.6250000000
88374  21.410  -1.235  -14.522 0.7500000000
88373  22.403  -1.757  -14.447 1.0000000000
89396  23.504  -0.695  -14.615 1.0000000000
89407  24.099  -0.238  -14.761 1.0000000000
90347  25.183  0.249  -15.369 1.0000000000
95785  18.923  6.305  -11.707 0.3750000000
96677  18.490  7.335  -11.172 0.2500000000
92227  26.771  2.256  -15.444 0.8750000000
94023  27.218  4.463  -13.472 0.8750000000
102634  19.742  13.358  -8.748 0.1250000000
102647  19.621  13.308  -9.256 0.1250000000
99718  19.126  10.598  -11.032 0.3750000000
100817  20.593  11.377  -11.790 0.6250000000
96676  25.740  7.672  -11.277 1.0000000000
94877  26.947  5.791  -12.680 0.8750000000
103454  20.909  14.067  -9.282 0.5000000000
103452  21.931  15.050  -10.362 0.8750000000
102658  19.844  13.137  -9.900 0.3750000000
101788  21.126  12.753  -10.745 0.8750000000
99715  26.581  10.149  -10.398 1.0000000000
99705  26.126  11.159  -10.664 1.0000000000
104304  22.449  15.257  -10.585 1.0000000000
100804  25.281  12.020  -10.744 1.0000000000
104286  23.360  16.213  -10.191 0.8750000000
104302  24.447  15.594  -10.631 1.0000000000
103466  24.721  14.637  -11.102 1.0000000000
101786  24.666  12.970  -10.651 1.0000000000
107768  26.049  18.520  -7.110 0.1250000000
106901  24.760  18.293  -8.402 0.1250000000
106033  24.978  17.777  -9.701 0.6250000000
107819  24.648  19.440  -10.802 0.6250000000
107817  25.365  19.611  -11.259 0.5000000000
108684  26.246  20.738  -11.268 0.5000000000
108673  26.089  21.132  -9.204 0.2500000000
108696  26.849  20.879  -11.634 0.5000000000
110294  26.317  22.618  -10.037 0.1250000000
110300  25.706  22.892  -10.965 0.2500000000
110309  26.255  23.237  -11.455 0.2500000000
110308  27.109  22.826  -11.453 0.3750000000
111049  26.847  23.671  -11.586 0.2500000000
90316  19.563  0.719  -12.602 0.1250000000
90327  19.809  0.955  -13.226 0.3750000000
89400  19.917  0.188  -13.983 0.5000000000
92193  19.430  2.486  -12.266 0.1250000000
89397  22.273  -0.505  -14.491 1.0000000000
92217  21.483  2.394  -14.126 1.0000000000
90349  23.815  0.118  -14.613 1.0000000000
94042  21.659  4.383  -14.143 1.0000000000
92204  22.717  3.042  -14.039 1.0000000000
94028  22.641  3.955  -14.008 1.0000000000
95806  19.872  6.289  -12.596 0.5000000000
95805  20.736  6.265  -13.249 0.8750000000
94905  21.518  5.613  -13.991 1.0000000000
94903  22.373  5.362  -14.238 1.0000000000
92213  25.316  2.150  -13.910 1.0000000000
93110  23.689  3.406  -13.650 1.0000000000
93111  22.937  3.493  -13.889 1.0000000000
93109  24.731  3.059  -13.232 1.0000000000
96712  20.135  6.866  -12.996 0.6250000000
96695  20.115  7.975  -12.829 0.6250000000
95804  21.438  6.552  -13.647 1.0000000000
94892  22.765  5.707  -13.841 1.0000000000
95803  22.232  6.317  -13.955 1.0000000000
94024  26.394  4.110  -12.767 0.8750000000
95783  25.045  6.306  -12.239 1.0000000000
96708  23.517  7.253  -13.325 1.0000000000
98619  23.156  9.369  -12.708 1.0000000000
98640  21.755  9.062  -13.359 1.0000000000
97620  23.288  8.658  -12.803 1.0000000000
97637  22.993  8.097  -12.913 1.0000000000
96707  24.112  7.327  -12.890 1.0000000000
96693  25.370  7.233  -11.832 1.0000000000
99717  20.028  10.587  -11.756 0.6250000000
99730  20.762  10.576  -12.495 0.7500000000
99729  21.592  10.502  -12.624 1.0000000000
99727  23.335  10.508  -12.234 1.0000000000
98618  24.021  9.484  -11.803 1.0000000000
103470  21.239  13.837  -9.868 0.7500000000
102667  21.843  13.405  -11.170 1.0000000000
102657  20.594  13.260  -10.231 0.7500000000
100827  21.890  11.308  -12.462 1.0000000000
100825  23.502  11.434  -11.876 1.0000000000
100815  22.027  12.002  -12.139 1.0000000000
101796  22.428  12.458  -11.785 1.0000000000
102665  22.980  13.657  -11.615 1.0000000000
101802  24.107  12.525  -11.201 1.0000000000
102672  23.370  12.929  -11.765 1.0000000000
99706  25.648  11.322  -11.045 1.0000000000
104314  24.062  14.907  -10.568 1.0000000000
102664  23.881  13.452  -11.574 1.0000000000
102654  25.249  13.925  -10.936 1.0000000000
107769  25.573  18.306  -7.294 0.1250000000
106916  25.178  18.699  -8.698 0.1250000000
106900  25.166  18.293  -7.773 0.1250000000
108669  25.851  20.244  -8.687 0.2500000000
109501  24.107  21.042  -10.725 0.2500000000
106917  24.972  18.557  -9.316 0.3750000000
107818  24.807  20.006  -11.233 0.7500000000
89386  19.770  0.156  -13.224 0.2500000000
89372  19.527  -0.452  -11.728 0.1250000000
89371  19.538  -0.381  -12.346 0.1250000000
89385  20.168  -0.606  -13.501 0.6250000000
88375  20.840  -0.882  -14.516 0.7500000000
101778  19.667  12.379  -9.607 0.5000000000
100818  19.754  11.461  -11.221 0.6250000000
100828  21.215  11.157  -12.365 0.8750000000
101799  20.239  11.853  -11.248 0.7500000000
100816  21.433  11.716  -11.882 0.8750000000
101789  19.982  12.442  -10.690 0.8750000000
101798  20.912  12.033  -11.183 1.0000000000
101797  21.785  12.554  -11.356 1.0000000000
102653  25.867  14.227  -10.045 1.0000000000
106011  24.298  18.029  -7.485 0.3750000000
106948  24.683  18.060  -12.051 0.7500000000
106958  25.097  18.778  -11.150 0.7500000000
106930  24.932  18.609  -10.396 0.5000000000
107832  25.237  18.820  -11.287 0.7500000000
111048  27.658  23.485  -11.652 0.2500000000
110307  28.181  22.596  -11.375 0.3750000000
84246  22.164  -5.359  -13.542 0.7500000000
83287  24.103  -6.169  -14.574 0.7500000000
85247  21.598  -4.197  -13.152 0.7500000000
84263  23.977  -5.315  -14.890 0.7500000000
84245  22.595  -5.499  -14.137 0.7500000000
85245  22.583  -4.727  -14.274 0.7500000000
85246  22.097  -4.431  -13.628 0.7500000000
85262  23.920  -4.418  -14.882 0.7500000000
85263  23.106  -4.183  -14.878 0.7500000000
88356  21.565  -2.041  -13.978 0.7500000000
88357  20.698  -1.488  -13.860 0.6250000000
86279  22.462  -3.663  -14.566 0.7500000000
87290  22.743  -2.650  -14.997 0.8750000000
88355  21.973  -2.337  -14.106 0.8750000000
85261  24.758  -4.385  -14.755 0.7500000000
86297  23.882  -3.543  -14.883 0.7500000000
86296  24.817  -3.602  -15.003 0.7500000000
87288  24.682  -2.798  -15.048 0.7500000000
88371  24.745  -1.754  -14.916 0.8750000000
88388  25.914  -1.523  -15.828 0.7500000000
89406  24.596  -0.607  -15.155 0.8750000000
88396  26.603  -1.071  -16.719 0.8750000000
89405  25.752  -0.535  -15.913 0.8750000000
89404  26.362  -0.172  -16.219 0.8750000000
90346  26.338  0.328  -15.637 0.8750000000
91292  27.877  0.943  -15.068 0.3750000000
91306  27.546  1.391  -15.434 0.6250000000
91307  26.993  1.295  -15.452 0.7500000000
91293  26.295  1.314  -14.962 0.7500000000
91305  28.112  1.706  -15.271 0.5000000000
92226  27.407  2.319  -15.816 0.7500000000
92211  28.522  2.194  -15.045 0.1250000000
92225  28.206  2.501  -16.195 0.3750000000
92234  27.484  2.311  -16.952 0.6250000000
92235  27.069  2.696  -16.536 0.6250000000
93129  26.906  3.119  -16.030 0.6250000000
92200  28.849  2.837  -14.331 0.1250000000
93128  28.535  3.516  -16.262 0.1250000000
94046  28.796  4.357  -15.885 0.1250000000
94914  27.944  4.469  -15.806 0.6250000000
94901  27.886  4.907  -15.193 0.6250000000
94036  29.323  4.636  -15.267 0.1250000000
94899  29.250  5.657  -14.644 0.1250000000
94900  28.673  5.687  -14.743 0.1250000000
94887  27.723  5.524  -13.782 0.5000000000
94876  27.402  5.858  -13.025 0.7500000000
93107  29.429  3.500  -13.654 0.1250000000
94886  28.479  6.096  -14.146 0.5000000000
95798  28.419  6.434  -13.567 0.5000000000
95799  27.821  6.028  -13.084 0.6250000000
95781  27.324  6.143  -12.309 0.7500000000
104274  22.624  15.595  -9.174 0.6250000000
104273  23.867  16.004  -8.773 0.5000000000
104285  24.685  16.304  -9.897 0.7500000000
96690  28.498  7.093  -12.960 0.6250000000
97616  27.481  7.626  -11.385 0.6250000000
97617  26.669  7.833  -11.209 0.8750000000
97615  28.518  7.663  -12.101 0.5000000000
97596  27.935  8.299  -11.165 0.6250000000
97597  26.948  8.447  -11.106 0.7500000000
104272  24.364  16.347  -9.238 0.7500000000
100803  26.449  12.068  -10.532 0.8750000000
98596  27.266  9.201  -10.686 0.7500000000
99704  26.926  10.933  -10.253 0.8750000000
100802  27.359  12.037  -9.992 0.8750000000
101784  26.864  13.151  -10.488 0.8750000000
97614  29.161  8.330  -12.628 0.3750000000
97595  28.737  8.337  -11.966 0.5000000000
98616  29.673  8.938  -12.768 0.2500000000
98595  28.252  9.014  -10.543 0.5000000000
105131  24.992  17.193  -10.165 0.7500000000
104284  25.103  16.419  -10.370 0.8750000000
104301  25.515  16.160  -10.483 0.8750000000
99714  27.660  10.068  -10.361 0.6250000000
99703  27.927  10.895  -10.088 0.7500000000
98594  29.268  9.104  -11.762 0.3750000000
99712  29.697  10.063  -11.222 0.5000000000
101782  29.096  12.663  -9.420 0.7500000000
105122  24.460  16.804  -8.928 0.6250000000
103464  26.018  15.028  -9.641 0.8750000000
105137  26.213  17.034  -10.601 0.7500000000
103463  27.324  14.907  -9.544 0.8750000000
102651  28.199  13.860  -9.709 0.7500000000
100801  28.681  11.356  -10.018 0.5000000000
100811  30.189  11.006  -10.942 0.2500000000
100812  29.301  10.892  -10.510 0.5000000000
99713  28.721  10.167  -10.559 0.5000000000
98593  29.834  9.539  -12.088 0.2500000000
106051  24.879  17.846  -10.776 0.5000000000
106050  24.866  17.731  -11.641 0.6250000000
105138  25.400  17.344  -10.732 0.7500000000
106048  26.655  17.799  -10.696 0.7500000000
105136  27.455  16.686  -10.336 0.7500000000
105129  28.100  16.233  -9.943 0.7500000000
104299  27.838  15.808  -9.671 0.7500000000
103462  28.508  14.788  -9.500 0.7500000000
104282  28.500  15.995  -9.596 0.7500000000
102650  29.475  13.676  -9.729 0.5000000000
103461  29.578  14.741  -9.582 0.6250000000
101781  30.108  12.273  -9.688 0.3750000000
102663  30.596  13.170  -10.181 0.3750000000
106058  25.178  18.124  -12.121 0.6250000000
106049  25.544  17.873  -11.661 0.7500000000
106047  27.935  17.666  -10.384 0.7500000000
106046  29.314  17.472  -10.040 0.7500000000
105134  29.530  16.555  -9.495 0.6250000000
103460  30.377  14.805  -9.854 0.3750000000
104297  29.967  15.586  -9.453 0.3750000000
101794  31.063  11.964  -10.997 0.1250000000
102662  31.097  13.192  -10.857 0.1250000000
106947  26.106  18.709  -11.316 0.6250000000
106946  27.089  18.880  -10.335 0.7500000000
105133  30.554  16.412  -9.843 0.3750000000
105135  28.493  16.650  -9.954 0.7500000000
104313  31.247  15.606  -10.318 0.2500000000
104296  30.716  15.372  -9.907 0.3750000000
104298  28.773  15.805  -9.560 0.6250000000
103485  32.436  14.412  -12.166 0.1250000000
102661  31.756  13.567  -11.611 0.1250000000
101793  31.574  12.047  -11.701 0.1250000000
106956  25.377  18.475  -11.705 0.6250000000
107816  26.397  20.080  -10.820 0.6250000000
106945  28.514  18.711  -10.426 0.3750000000
106944  29.788  18.629  -10.183 0.3750000000
106942  31.873  18.524  -10.496 0.2500000000
106045  30.427  17.513  -10.014 0.3750000000
103474  32.814  15.304  -11.878 0.1250000000
105145  31.366  16.256  -10.493 0.3750000000
102670  31.753  13.253  -12.972 0.1250000000
103475  32.161  15.513  -11.096 0.1250000000
108695  27.779  20.939  -11.117 0.3750000000
107815  27.669  20.094  -10.459 0.3750000000
107814  29.120  19.731  -10.420 0.3750000000
107829  31.021  19.722  -10.810 0.3750000000
107813  30.405  19.670  -10.540 0.3750000000
107811  31.991  19.140  -10.857 0.3750000000
106943  30.910  18.566  -10.290 0.3750000000
106072  32.504  16.808  -13.210 0.1250000000
133592  32.248  17.060  -11.366 0.1250000000
133593  32.223  17.735  -11.179 0.2500000000
103486  32.428  15.023  -13.508 0.1250000000
109516  29.513  21.724  -10.823 0.2500000000
110298  30.573  21.524  -11.036 0.2500000000
109508  29.309  21.171  -10.703 0.3750000000
108683  28.672  20.730  -10.560 0.3750000000
108711  31.813  20.429  -11.949 0.1250000000
108681  30.345  20.529  -10.745 0.3750000000
108682  29.652  20.507  -10.605 0.3750000000
107827  31.889  19.378  -11.711 0.1250000000
107828  31.422  19.656  -11.116 0.2500000000
106966  32.462  18.134  -13.718 0.1250000000
106941  32.295  18.328  -11.203 0.1250000000
109517  28.636  21.607  -11.076 0.3750000000
110299  30.133  21.985  -10.804 0.2500000000
109529  31.749  20.922  -12.360 0.1250000000
109530  31.238  21.736  -12.091 0.1250000000
109535  32.307  20.784  -12.946 0.1250000000
110321  31.487  21.713  -12.730 0.1250000000
106980  32.029  18.358  -14.614 0.1250000000
108724  32.505  20.050  -14.210 0.1250000000
110335  30.858  22.843  -13.655 0.1250000000
109544  32.330  20.797  -14.485 0.1250000000
110334  31.546  22.073  -13.420 0.1250000000
106989  31.872  18.714  -15.315 0.1250000000
106981  31.750  18.053  -15.251 0.1250000000
89395  24.127  -1.222  -14.747 0.8750000000
89412  26.993  -0.461  -16.869 0.6250000000
95780  28.105  6.409  -12.717 0.6250000000
104300  26.764  15.904  -10.244 0.8750000000
100800  29.476  11.526  -9.875 0.5000000000
106959  32.456  18.082  -12.737 0.1250000000
109515  31.198  21.126  -11.452 0.2500000000
109545  31.728  21.339  -14.069 0.1250000000
107864  32.209  19.336  -14.789 0.1250000000
94047  28.083  4.115  -16.417 0.5000000000
94048  27.438  4.216  -15.880 0.6250000000
94049  26.953  3.714  -15.372 0.7500000000
96706  28.671  7.420  -14.051 0.3750000000
97634  29.296  8.429  -13.785 0.2500000000
101783  27.988  13.253  -9.842 0.7500000000
107840  32.333  19.206  -12.510 0.1250000000
98637  29.851  8.941  -13.472 0.1250000000
82216  22.595  -7.247  -13.735 0.7500000000
82217  21.819  -6.993  -13.197 0.7500000000
84247  21.570  -5.135  -12.845 0.7500000000
82232  23.440  -6.960  -14.302 0.7500000000
83289  22.858  -5.896  -14.266 0.7500000000
87275  21.073  -2.612  -13.382 0.6250000000
86280  21.935  -3.552  -13.743 0.7500000000
84262  24.700  -5.303  -14.588 0.6250000000
86295  25.807  -3.450  -15.405 0.6250000000
87303  26.202  -2.366  -15.626 0.6250000000
88386  27.201  -1.398  -16.103 0.5000000000
89384  27.504  -0.829  -14.895 0.3750000000
89403  27.349  -0.499  -16.431 0.5000000000
91280  28.013  0.703  -14.483 0.1250000000
92201  28.518  1.916  -14.064 0.1250000000
92190  28.805  2.316  -13.083 0.1250000000
94014  29.713  4.152  -12.865 0.1250000000
94022  29.625  4.789  -14.083 0.1250000000
94021  29.733  5.480  -13.672 0.1250000000
94885  29.654  5.927  -14.091 0.1250000000
96724  28.794  7.854  -14.897 0.1250000000
97635  28.787  7.892  -13.397 0.2500000000
105118  23.598  16.864  -8.178 0.5000000000
98615  30.103  9.482  -12.794 0.1250000000
100810  30.760  11.003  -12.074 0.1250000000
101792  31.442  12.236  -12.787 0.1250000000
102676  32.140  14.073  -14.220 0.1250000000
102677  31.718  13.096  -14.064 0.1250000000
105157  32.666  16.392  -14.339 0.1250000000
105173  31.594  16.125  -15.736 0.1250000000
107793  26.073  19.985  -8.410 0.1250000000
111047  28.726  23.311  -11.900 0.2500000000
111046  29.872  23.045  -12.115 0.1250000000
111079  29.952  24.149  -13.217 0.1250000000
110344  32.240  21.520  -14.643 0.1250000000
108735  32.552  20.155  -15.162 0.1250000000
106990  31.556  18.198  -15.839 0.1250000000
107870  32.365  19.353  -15.626 0.1250000000
101785  25.661  12.998  -10.435 0.8750000000
94037  27.408  4.398  -14.663 0.6250000000
98597  26.228  9.363  -10.965 0.8750000000
103465  25.258  14.911  -10.611 0.8750000000
109518  27.491  21.816  -11.416 0.3750000000
83273  22.387  -6.222  -13.663 0.7500000000
83288  23.404  -6.007  -14.473 0.7500000000
82231  24.326  -7.079  -14.378 0.7500000000
86281  21.302  -3.508  -13.230 0.7500000000
84264  23.119  -5.208  -14.754 0.7500000000
87274  21.733  -2.782  -13.718 0.7500000000
87273  22.213  -2.794  -14.320 0.7500000000
86298  23.085  -3.359  -15.133 0.8750000000
87289  23.769  -2.682  -14.874 0.8750000000
88372  23.546  -1.808  -14.705 0.8750000000
88370  25.281  -2.229  -15.247 0.7500000000
87287  25.511  -2.731  -15.435 0.7500000000
88389  25.213  -1.109  -15.543 0.8750000000
88387  26.670  -1.563  -16.230 0.6250000000
90326  27.806  -0.015  -14.899 0.2500000000
90334  27.603  0.274  -15.736 0.5000000000
90345  27.118  0.281  -16.261 0.6250000000
91291  28.272  1.403  -14.659 0.1250000000
92224  28.682  3.215  -15.958 0.2500000000
93134  28.140  3.258  -17.015 0.3750000000
93136  26.955  3.235  -16.960 0.6250000000
93117  29.257  3.784  -14.788 0.1250000000
93127  28.970  3.785  -15.662 0.1250000000
94912  29.042  5.159  -15.505 0.1250000000
95816  28.851  6.759  -14.309 0.1250000000
96691  27.856  6.879  -12.005 0.6250000000
105139  25.074  17.658  -10.817 0.6250000000
102652  26.887  13.945  -9.528 0.7500000000
99711  30.315  10.095  -11.920 0.2500000000
103477  30.340  14.018  -10.169 0.3750000000
103476  31.248  14.528  -10.382 0.3750000000
106057  31.045  16.936  -10.400 0.3750000000
102669  32.549  14.018  -13.323 0.1250000000
107831  27.038  20.432  -11.067 0.3750000000
106056  31.726  16.859  -10.785 0.2500000000
103484  32.717  15.181  -12.646 0.1250000000
133591  32.846  16.275  -12.805 0.1250000000
133590  32.836  16.305  -12.192 0.1250000000
108694  30.941  20.280  -11.002 0.3750000000
107812  31.344  19.261  -10.592 0.3750000000
104321  33.173  15.900  -13.050 0.1250000000
133594  32.500  17.363  -12.571 0.1250000000
106082  32.310  17.250  -14.593 0.1250000000
133588  32.493  17.550  -11.956 0.1250000000
106955  32.158  18.485  -12.036 0.1250000000
103491  32.162  14.906  -14.269 0.1250000000
104326  32.765  15.770  -13.888 0.1250000000
110306  29.404  22.392  -11.321 0.2500000000
110305  30.582  22.169  -11.511 0.2500000000
108710  32.249  20.147  -12.240 0.1250000000
107851  32.205  19.191  -13.907 0.1250000000
107842  32.487  18.967  -13.204 0.1250000000
110322  30.927  22.528  -12.588 0.1250000000
108717  32.233  20.711  -13.333 0.1250000000
106083  31.910  17.720  -14.998 0.1250000000
108716  32.533  20.089  -13.182 0.1250000000
111078  30.621  23.984  -13.688 0.1250000000
111063  30.094  23.348  -13.082 0.1250000000
82233  22.896  -6.489  -14.145 0.7500000000
82215  23.181  -7.773  -13.971 0.7500000000
83274  21.457  -6.121  -13.142 0.7500000000
87254  20.499  -2.459  -12.857 0.5000000000
86309  26.306  -2.824  -15.492 0.6250000000
87301  27.070  -1.971  -15.510 0.5000000000
95815  29.270  6.922  -14.528 0.1250000000
95796  30.086  6.901  -14.296 0.1250000000
105166  31.877  16.022  -15.169 0.1250000000
105172  31.967  16.513  -15.336 0.1250000000
83255  20.739  -6.383  -12.559 0.7500000000
85225  20.967  -4.429  -12.620 0.5000000000
81164  22.591  -8.370  -13.480 0.6250000000
81163  23.659  -8.432  -13.749 0.6250000000
82214  24.805  -7.495  -14.071 0.3750000000
81177  24.294  -7.909  -14.196 0.6250000000
82213  25.498  -7.140  -13.616 0.2500000000
82230  25.022  -6.849  -14.166 0.3750000000
88369  27.307  -1.416  -15.284 0.3750000000
105123  24.051  16.470  -8.566 0.3750000000
105117  23.810  17.594  -7.928 0.2500000000
106022  24.492  17.884  -8.628 0.2500000000
84261  25.315  -5.269  -14.238 0.5000000000
85260  25.391  -4.397  -14.651 0.5000000000
86278  26.013  -3.860  -14.911 0.3750000000
81143  25.225  -8.442  -12.948 0.5000000000
81162  24.770  -8.258  -13.561 0.6250000000
87302  26.569  -2.132  -15.662 0.5000000000
80169  22.622  -9.616  -12.872 0.6250000000
84224  20.513  -4.996  -12.218 0.3750000000
81144  22.465  -9.068  -12.825 0.6250000000
83254  21.178  -6.884  -12.772 0.6250000000
80168  24.598  -9.455  -12.679 0.3750000000
80187  24.044  -9.190  -13.084 0.5000000000
80188  23.132  -9.195  -13.005 0.6250000000
85226  20.172  -4.285  -12.474 0.2500000000
83271  26.080  -6.091  -13.392 0.2500000000
82197  25.935  -7.387  -13.022 0.2500000000
84244  25.955  -5.228  -13.735 0.2500000000
85244  25.850  -4.389  -14.223 0.3750000000
86277  26.311  -3.374  -14.186 0.2500000000
87272  26.685  -2.695  -14.685 0.2500000000
87285  27.160  -2.131  -14.905 0.2500000000
95763  18.162  6.528  -10.783 0.1250000000
89383  27.831  -0.721  -14.260 0.2500000000
100806  19.427  11.267  -10.012 0.2500000000
103442  21.369  14.432  -9.214 0.2500000000
89370  19.933  -0.727  -12.802 0.2500000000
83275  21.113  -5.834  -12.735 0.5000000000
84223  20.867  -5.480  -12.447 0.5000000000
81178  23.755  -7.723  -14.312 0.6250000000
83286  24.781  -6.147  -14.289 0.5000000000
88354  27.507  -1.508  -14.504 0.2500000000
86257  20.634  -3.457  -12.813 0.3750000000
88338  20.271  -1.484  -12.845 0.2500000000
81165  21.962  -7.820  -13.269 0.6250000000
86294  26.330  -3.181  -15.117 0.2500000000
81161  25.446  -7.858  -13.122 0.2500000000
82212  26.304  -6.833  -13.252 0.2500000000
83272  25.364  -6.112  -13.835 0.3750000000
80186  24.777  -8.900  -12.958 0.5000000000
80167  25.341  -9.091  -12.523 0.3750000000
81145  21.750  -8.648  -12.792 0.6250000000
80171  21.171  -9.558  -12.425 0.5000000000
79190  24.076  -10.176  -12.703 0.2500000000
78232  23.284  -10.559  -12.957 0.3750000000
78251  22.869  -10.458  -13.102 0.5000000000
80170  22.051  -9.607  -12.658 0.5000000000
80153  20.630  -10.041  -11.990 0.3750000000
81146  20.750  -8.424  -12.266 0.5000000000
82199  20.634  -7.361  -12.418 0.3750000000
82198  21.393  -7.667  -12.680 0.5000000000
79172  19.173  -10.319  -10.995 0.1250000000
80154  19.913  -9.692  -11.507 0.3750000000
82200  20.128  -7.011  -12.025 0.2500000000
77237  19.529  -12.501  -11.155 0.1250000000
79171  20.196  -10.636  -11.514 0.2500000000
79170  21.139  -10.788  -11.926 0.3750000000
78209  23.607  -11.107  -11.983 0.2500000000
78234  21.985  -11.243  -12.435 0.3750000000
79192  21.755  -10.491  -12.499 0.5000000000
78214  18.837  -11.171  -10.743 0.1250000000
79169  21.622  -11.069  -12.243 0.3750000000
80155  19.281  -9.309  -11.110 0.1250000000
82180  19.619  -7.662  -11.489 0.1250000000
97652  28.708  8.142  -14.522 0.1250000000
79209  23.414  -9.955  -13.206 0.3750000000
83256  20.438  -5.898  -11.760 0.2500000000
79168  24.524  -10.626  -12.047 0.2500000000
79193  21.157  -10.229  -12.246 0.5000000000
81123  20.514  -9.263  -11.875 0.5000000000
79191  22.494  -10.211  -12.828 0.3750000000
78233  22.618  -10.926  -12.714 0.3750000000
81124  19.887  -8.649  -11.575 0.1250000000
81147  20.084  -7.826  -12.061 0.1250000000
80141  18.702  -9.514  -10.512 0.1250000000
83237  19.754  -6.789  -11.463 0.1250000000
78184  19.054  -11.865  -10.807 0.1250000000
78213  19.670  -11.494  -11.177 0.1250000000
78212  20.704  -11.568  -11.619 0.3750000000
78210  22.509  -11.619  -12.006 0.2500000000
77234  22.152  -12.542  -11.392 0.2500000000
77236  20.332  -12.439  -11.466 0.1250000000
78211  21.629  -11.619  -11.911 0.2500000000
77235  21.208  -12.413  -11.673 0.1250000000
87255  19.861  -2.443  -12.420 0.1250000000
104267  22.580  15.798  -8.103 0.1250000000
104263  22.178  15.455  -7.769 0.1250000000
104262  22.714  15.649  -7.433 0.1250000000
104261  22.967  16.118  -6.315 0.1250000000
104266  23.319  16.098  -7.497 0.1250000000
105113  23.986  17.733  -7.067 0.1250000000
104268  21.795  15.228  -8.317 0.1250000000
105114  23.456  17.302  -6.795 0.1250000000
104243  23.456  16.504  -5.650 0.1250000000
103443  20.906  14.225  -8.739 0.1250000000
104269  21.461  14.612  -8.653 0.1250000000
99707  18.611  10.339  -9.897 0.1250000000
84225  20.136  -4.949  -11.892 0.1250000000
86259  19.587  -3.373  -12.081 0.1250000000
100796  19.240  11.388  -9.066 0.1250000000
102615  20.965  13.799  -7.945 0.1250000000
103432  21.968  14.823  -7.777 0.1250000000
103419  22.782  15.392  -7.273 0.1250000000
103403  23.954  16.175  -6.290 0.1250000000
105094  24.055  17.238  -5.612 0.1250000000
106891  23.668  18.522  -6.029 0.1250000000
86258  19.975  -3.409  -12.505 0.1250000000
85227  19.700  -4.252  -12.129 0.1250000000
88339  19.672  -1.469  -12.354 0.1250000000
87256  19.531  -2.407  -11.966 0.1250000000
103420  22.372  15.386  -7.588 0.1250000000
103418  23.298  15.341  -6.507 0.1250000000
105095  23.262  17.252  -5.737 0.1250000000
103430  23.642  14.800  -7.363 0.1250000000
105985  24.687  17.799  -5.537 0.1250000000
79188  25.764  -9.773  -11.917 0.1250000000
80166  26.208  -8.849  -12.068 0.1250000000
81142  25.805  -8.011  -12.467 0.1250000000
84243  26.682  -5.157  -13.157 0.1250000000
85243  26.571  -4.339  -13.677 0.1250000000
85241  27.758  -4.212  -12.710 0.1250000000
85242  27.185  -4.278  -13.111 0.1250000000
86256  27.757  -3.091  -12.991 0.1250000000
87271  27.246  -2.409  -13.977 0.1250000000
87252  28.166  -2.365  -12.807 0.1250000000
87270  27.753  -2.026  -13.308 0.1250000000
88353  27.792  -1.441  -13.745 0.1250000000
77232  24.167  -11.910  -11.115 0.1250000000
78208  24.725  -11.266  -11.467 0.1250000000
79167  25.316  -10.624  -11.776 0.1250000000
79187  26.728  -9.537  -11.587 0.1250000000
80165  26.837  -8.630  -11.653 0.1250000000
82195  27.487  -7.111  -11.875 0.1250000000
83252  27.509  -6.197  -12.364 0.1250000000
84222  27.019  -5.338  -12.773 0.1250000000
84220  28.297  -5.268  -12.386 0.1250000000
86255  28.213  -3.373  -12.586 0.1250000000
89369  28.346  -0.689  -13.600 0.1250000000
88337  28.236  -1.427  -13.074 0.1250000000
88336  28.767  -1.533  -12.429 0.1250000000
90325  28.093  0.091  -14.027 0.1250000000
79189  24.951  -9.996  -12.331 0.1250000000
82196  26.811  -7.202  -12.774 0.1250000000
86276  27.107  -3.375  -13.380 0.1250000000
77233  23.164  -12.016  -11.181 0.1250000000
81141  26.692  -7.942  -11.985 0.1250000000
83253  26.752  -6.010  -12.786 0.1250000000
86275  27.592  -3.663  -12.916 0.1250000000
84242  27.323  -4.858  -12.796 0.1250000000
87253  27.571  -2.637  -13.242 0.1250000000
87251  28.814  -2.492  -12.168 0.1250000000
77210  23.885  -12.708  -10.811 0.1250000000
77231  25.112  -12.058  -10.858 0.1250000000
78250  23.113  -10.298  -13.226 0.5000000000
79210  22.921  -10.000  -13.187 0.5000000000
84241  27.879  -4.821  -12.635 0.1250000000
86310  26.186  -2.681  -15.656 0.6250000000
87286  26.674  -2.489  -15.257 0.5000000000
88395  27.094  -1.086  -16.798 0.5000000000
88397  26.221  -1.031  -16.573 0.8750000000
89394  27.544  -0.652  -15.650 0.3750000000
89413  26.519  -0.548  -16.570 0.8750000000
89414  26.015  -0.919  -16.414 0.8750000000
90341  20.266  0.717  -14.166 0.7500000000
90354  26.890  -0.107  -16.751 0.6250000000
90355  26.715  0.017  -16.479 0.8750000000
91281  24.350  2.197  -13.529 1.0000000000
92210  28.688  3.106  -15.352 0.2500000000
92214  24.721  2.380  -13.588 1.0000000000
92233  27.841  2.693  -17.172 0.6250000000
92243  27.567  2.889  -17.244 0.6250000000
92244  27.368  2.764  -17.211 0.6250000000
92245  27.107  2.754  -17.104 0.6250000000
93135  27.551  3.388  -17.083 0.6250000000
93141  27.737  3.053  -17.210 0.3750000000
93142  27.337  3.071  -17.204 0.6250000000
93143  27.082  2.969  -17.202 0.6250000000
94040  22.683  4.844  -14.198 1.0000000000
94053  27.831  3.701  -16.928 0.5000000000
94054  27.408  3.750  -16.664 0.5000000000
94055  26.988  3.696  -16.313 0.6250000000
94893  21.491  4.829  -13.981 1.0000000000
94913  28.424  4.746  -15.610 0.1250000000
95797  29.562  6.425  -14.350 0.1250000000
95817  21.989  5.749  -14.339 1.0000000000
96675  26.229  7.707  -11.176 0.8750000000
98599  24.458  8.974  -11.446 1.0000000000
98638  23.111  8.823  -13.119 1.0000000000
100813  25.204  11.453  -11.292 1.0000000000
100823  25.191  11.075  -11.704 1.0000000000
101787  21.639  13.050  -10.951 1.0000000000
101803  23.544  12.220  -11.326 1.0000000000
102633  20.130  13.829  -8.944 0.1250000000
102656  21.501  13.556  -10.632 0.8750000000
102671  23.763  12.807  -11.655 1.0000000000
102673  22.801  12.980  -11.759 1.0000000000
103433  21.174  14.383  -8.192 0.1250000000
103453  21.556  14.666  -9.814 0.2500000000
103467  22.518  14.889  -10.575 1.0000000000
104276  21.415  14.519  -8.962 0.3750000000
104283  28.259  16.012  -9.637 0.7500000000
104288  21.848  15.148  -10.023 0.8750000000
104333  32.116  15.671  -14.624 0.1250000000
105093  25.086  17.105  -5.437 0.1250000000
105126  30.295  17.047  -9.579 0.3750000000
105127  30.078  16.893  -9.316 0.3750000000
105128  28.401  16.187  -9.720 0.7500000000
105130  25.141  16.724  -10.374 0.8750000000
105165  32.206  16.453  -14.863 0.1250000000
105986  23.804  18.027  -5.627 0.1250000000
106003  23.504  18.122  -5.990 0.1250000000
106031  29.998  17.272  -9.522 0.3750000000
106032  29.728  17.073  -9.477 0.6250000000
106043  32.061  17.731  -10.846 0.2500000000
106044  31.396  17.688  -10.398 0.3750000000
106059  24.960  17.966  -12.188 0.6250000000
106090  32.127  16.854  -15.131 0.1250000000
106881  23.768  18.494  -5.844 0.1250000000
106949  24.875  18.430  -11.313 0.7500000000
106957  24.997  18.356  -11.818 0.7500000000
107780  25.782  18.787  -7.752 0.1250000000
107795  25.097  19.082  -9.148 0.1250000000
107830  27.319  20.609  -11.106 0.3750000000
107833  24.908  19.446  -11.119 0.7500000000
107834  24.767  19.263  -10.971 0.7500000000
108686  24.694  20.501  -11.265 0.5000000000
108692  31.893  20.058  -11.853 0.1250000000
108693  31.502  20.229  -11.579 0.1250000000
108698  24.366  20.348  -11.211 0.5000000000
108699  24.248  20.112  -11.101 0.6250000000
108725  31.984  20.616  -13.807 0.1250000000
108742  32.714  19.911  -16.024 0.1250000000
109506  30.639  20.945  -10.964 0.3750000000
109507  30.040  21.207  -10.763 0.2500000000
109511  23.871  20.800  -11.171 0.2500000000
109514  31.581  20.697  -11.810 0.1250000000
109521  24.009  20.576  -11.301 0.5000000000
109528  32.283  20.517  -12.671 0.1250000000
109536  31.836  21.177  -13.265 0.1250000000
111066  27.033  24.156  -11.904 0.2500000000
133587  32.294  17.693  -11.419 0.2500000000
133589  32.610  17.011  -12.459 0.1250000000
