#!ascii label  , from subject sub-01 vox2ras=TkReg
264
30793  37.377  -52.899  -7.672 0.0000000000
28858  42.198  -56.072  -11.813 0.0000000000
26697  37.370  -57.918  -10.379 0.0000000000
28785  41.120  -55.733  -6.591 0.0000000000
21639  42.008  -61.756  -8.253 0.0000000000
23041  39.818  -60.476  -9.883 0.0000000000
20302  39.091  -63.072  -8.588 0.0000000000
27759  40.861  -56.392  -9.456 0.0000000000
30819  39.558  -53.296  -9.227 0.0000000000
28818  37.726  -55.291  -8.904 0.0000000000
26670  39.632  -57.012  -8.358 0.0000000000
25523  41.511  -57.602  -7.144 0.0000000000
26665  44.012  -58.052  -8.042 0.0000000000
20297  42.610  -62.896  -8.345 0.0000000000
32913  34.725  -51.260  -7.577 0.0000000000
29834  35.001  -54.057  -9.073 0.0000000000
27783  34.270  -56.553  -10.221 0.0000000000
30804  41.222  -53.039  -8.183 0.0000000000
21673  37.357  -62.053  -9.170 0.0000000000
27777  42.140  -56.652  -10.592 0.0000000000
27779  40.044  -56.107  -10.436 0.0000000000
27763  37.483  -56.286  -9.448 0.0000000000
26684  38.016  -57.115  -9.862 0.0000000000
21669  41.155  -61.191  -9.093 0.0000000000
24332  40.753  -59.378  -8.826 0.0000000000
24324  42.053  -59.460  -8.001 0.0000000000
26654  42.658  -57.668  -7.561 0.0000000000
24315  43.533  -59.336  -7.688 0.0000000000
24331  43.715  -60.417  -9.737 0.0000000000
29836  33.253  -54.596  -8.779 0.0000000000
29852  34.564  -54.798  -9.502 0.0000000000
27768  32.739  -56.268  -9.068 0.0000000000
29798  40.918  -54.805  -6.369 0.0000000000
30770  41.516  -53.803  -6.808 0.0000000000
31838  38.520  -52.395  -9.824 0.0000000000
31837  39.695  -52.359  -9.376 0.0000000000
24345  37.110  -59.874  -10.681 0.0000000000
24344  38.225  -59.708  -10.637 0.0000000000
21683  38.105  -61.142  -10.282 0.0000000000
21671  39.591  -61.511  -9.610 0.0000000000
20300  40.960  -62.660  -8.337 0.0000000000
28801  42.145  -56.198  -7.135 0.0000000000
28803  41.259  -54.641  -7.618 0.0000000000
28828  40.398  -55.043  -9.002 0.0000000000
29862  38.589  -54.264  -10.527 0.0000000000
28872  43.470  -54.781  -12.845 0.0000000000
30807  37.428  -53.814  -8.194 0.0000000000
28804  39.688  -55.595  -6.960 0.0000000000
27722  40.780  -56.282  -6.728 0.0000000000
25555  39.778  -58.439  -9.334 0.0000000000
26668  40.599  -57.611  -7.384 0.0000000000
27720  41.962  -56.866  -6.508 0.0000000000
27733  42.449  -56.831  -7.461 0.0000000000
26681  42.716  -57.315  -9.236 0.0000000000
26694  43.295  -57.292  -10.157 0.0000000000
21637  43.271  -61.561  -7.762 0.0000000000
23022  43.845  -60.378  -8.636 0.0000000000
25553  44.254  -58.529  -9.443 0.0000000000
27792  44.160  -56.115  -11.801 0.0000000000
34047  37.113  -50.891  -7.214 0.0000000000
31809  36.177  -52.038  -7.854 0.0000000000
31826  34.811  -52.684  -8.339 0.0000000000
30809  35.468  -53.385  -8.545 0.0000000000
29850  36.300  -54.683  -9.372 0.0000000000
28831  35.872  -55.403  -9.799 0.0000000000
27781  35.760  -57.292  -10.481 0.0000000000
25571  34.068  -58.418  -10.052 0.0000000000
25569  35.667  -58.867  -10.638 0.0000000000
30805  40.699  -53.377  -8.476 0.0000000000
31807  37.854  -52.494  -7.398 0.0000000000
32909  38.407  -51.994  -7.228 0.0000000000
27795  41.619  -56.294  -11.480 0.0000000000
27796  40.668  -56.200  -11.341 0.0000000000
26685  37.040  -57.156  -9.991 0.0000000000
21657  41.596  -61.235  -8.647 0.0000000000
23025  41.692  -60.283  -8.680 0.0000000000
23024  42.374  -60.500  -8.040 0.0000000000
24323  42.612  -60.010  -7.793 0.0000000000
23010  42.892  -60.603  -7.682 0.0000000000
23074  42.877  -60.855  -10.792 0.0000000000
28819  33.053  -55.289  -8.928 0.0000000000
29797  41.351  -54.864  -6.714 0.0000000000
32932  38.063  -51.360  -9.982 0.0000000000
23057  37.674  -60.718  -10.611 0.0000000000
21684  37.458  -61.473  -10.120 0.0000000000
20324  38.416  -62.505  -9.100 0.0000000000
20323  39.308  -62.354  -9.192 0.0000000000
20322  40.235  -62.140  -9.071 0.0000000000
20301  40.010  -62.831  -8.484 0.0000000000
27746  41.563  -56.234  -8.439 0.0000000000
28815  41.309  -55.620  -8.186 0.0000000000
27747  40.862  -55.728  -8.765 0.0000000000
28845  39.338  -55.262  -10.410 0.0000000000
29874  37.919  -54.213  -11.404 0.0000000000
29863  37.827  -53.788  -10.910 0.0000000000
29832  37.098  -54.421  -8.670 0.0000000000
29818  37.813  -54.189  -8.117 0.0000000000
29831  37.940  -54.741  -8.329 0.0000000000
27736  40.224  -56.440  -7.188 0.0000000000
24343  39.042  -59.577  -10.296 0.0000000000
25566  38.845  -58.747  -10.210 0.0000000000
24342  39.620  -59.483  -9.894 0.0000000000
25544  41.378  -58.905  -8.050 0.0000000000
25545  40.657  -58.421  -8.158 0.0000000000
25535  41.012  -57.780  -7.295 0.0000000000
26656  40.941  -57.237  -6.903 0.0000000000
26642  41.490  -57.211  -6.667 0.0000000000
28783  42.218  -56.597  -6.819 0.0000000000
26641  42.106  -57.391  -6.876 0.0000000000
26653  43.628  -58.064  -7.697 0.0000000000
26667  42.898  -57.340  -8.305 0.0000000000
26666  43.613  -57.660  -8.199 0.0000000000
26695  42.542  -57.129  -10.069 0.0000000000
26680  43.627  -57.424  -9.133 0.0000000000
17690  39.503  -64.926  -9.053 0.0000000000
20319  42.315  -63.083  -8.872 0.0000000000
18982  41.850  -63.944  -8.519 0.0000000000
18964  42.753  -63.530  -8.070 0.0000000000
21655  43.508  -62.011  -8.228 0.0000000000
23008  43.774  -60.706  -8.088 0.0000000000
21667  43.579  -61.143  -8.819 0.0000000000
25564  44.448  -58.523  -10.618 0.0000000000
24330  43.948  -59.687  -9.719 0.0000000000
26693  44.293  -57.457  -10.457 0.0000000000
26708  44.719  -56.884  -11.500 0.0000000000
34025  35.887  -50.132  -6.766 0.0000000000
34048  36.293  -50.753  -7.184 0.0000000000
32911  36.675  -51.480  -7.450 0.0000000000
32912  35.754  -51.328  -7.582 0.0000000000
30811  33.571  -53.651  -8.682 0.0000000000
31827  33.756  -52.781  -8.415 0.0000000000
30810  34.448  -53.425  -8.746 0.0000000000
31825  35.834  -52.636  -8.219 0.0000000000
29833  35.989  -54.119  -8.788 0.0000000000
27766  34.665  -55.921  -10.039 0.0000000000
28832  34.991  -55.423  -9.783 0.0000000000
27765  35.215  -56.137  -10.031 0.0000000000
27764  36.238  -56.512  -10.112 0.0000000000
27782  35.203  -57.020  -10.351 0.0000000000
24336  34.232  -59.438  -9.163 0.0000000000
25557  34.269  -59.073  -9.735 0.0000000000
25570  34.729  -58.848  -10.382 0.0000000000
29830  40.318  -54.031  -8.498 0.0000000000
29829  40.849  -54.219  -8.066 0.0000000000
30806  40.043  -53.746  -8.741 0.0000000000
31836  40.654  -52.369  -8.968 0.0000000000
27758  41.863  -56.856  -9.474 0.0000000000
28830  36.817  -55.377  -9.462 0.0000000000
26683  39.080  -57.334  -9.237 0.0000000000
23040  40.832  -60.329  -9.165 0.0000000000
24333  40.242  -59.476  -9.398 0.0000000000
24325  41.293  -59.338  -8.471 0.0000000000
25534  41.617  -58.439  -7.626 0.0000000000
26655  42.010  -57.862  -7.417 0.0000000000
24317  42.215  -58.992  -7.592 0.0000000000
25532  43.215  -58.596  -7.438 0.0000000000
25531  43.836  -58.535  -7.797 0.0000000000
23038  43.459  -60.922  -9.575 0.0000000000
23054  43.059  -61.153  -10.021 0.0000000000
24341  43.606  -60.423  -10.331 0.0000000000
29835  34.061  -54.172  -9.173 0.0000000000
29853  33.760  -54.981  -9.372 0.0000000000
28834  33.280  -55.723  -9.419 0.0000000000
28848  33.678  -56.215  -10.022 0.0000000000
30788  41.350  -53.479  -7.586 0.0000000000
30820  38.660  -53.347  -10.013 0.0000000000
32931  39.124  -51.555  -9.723 0.0000000000
25568  36.689  -58.877  -10.736 0.0000000000
25567  37.781  -58.815  -10.572 0.0000000000
23056  38.758  -60.575  -10.322 0.0000000000
21672  38.513  -61.637  -9.787 0.0000000000
23042  39.193  -61.087  -10.004 0.0000000000
21670  40.483  -61.277  -9.421 0.0000000000
20321  41.068  -61.928  -9.085 0.0000000000
28802  41.581  -55.501  -7.440 0.0000000000
28816  40.911  -55.073  -8.141 0.0000000000
29848  39.761  -54.298  -9.023 0.0000000000
27761  39.692  -55.504  -9.873 0.0000000000
29861  39.305  -54.576  -9.850 0.0000000000
29849  39.109  -53.964  -9.665 0.0000000000
31849  37.339  -52.396  -10.553 0.0000000000
28873  42.818  -55.362  -12.677 0.0000000000
30792  37.962  -53.474  -7.642 0.0000000000
28786  40.489  -55.619  -6.669 0.0000000000
26682  39.743  -57.618  -8.600 0.0000000000
25554  40.395  -58.897  -8.952 0.0000000000
25546  40.105  -57.915  -8.469 0.0000000000
26669  40.132  -57.374  -7.823 0.0000000000
26657  40.536  -57.119  -7.180 0.0000000000
27721  41.252  -56.647  -6.581 0.0000000000
28784  41.644  -56.118  -6.798 0.0000000000
27734  42.108  -56.282  -7.706 0.0000000000
27745  42.274  -56.871  -8.378 0.0000000000
27776  42.949  -56.752  -10.826 0.0000000000
20276  41.104  -63.112  -7.328 0.0000000000
17680  40.353  -64.839  -8.371 0.0000000000
20274  42.488  -62.775  -7.575 0.0000000000
21638  42.507  -61.578  -7.840 0.0000000000
23009  43.423  -60.385  -7.843 0.0000000000
24322  43.749  -59.828  -8.207 0.0000000000
25543  44.112  -58.539  -8.470 0.0000000000
23037  43.768  -60.541  -9.305 0.0000000000
26679  44.202  -57.815  -8.864 0.0000000000
27775  43.776  -56.841  -11.105 0.0000000000
27793  43.329  -56.264  -11.623 0.0000000000
28856  43.706  -55.284  -12.030 0.0000000000
35196  37.469  -49.766  -6.752 0.0000000000
34024  36.876  -50.283  -6.824 0.0000000000
34023  37.854  -50.689  -6.997 0.0000000000
32910  37.646  -51.583  -7.292 0.0000000000
31808  36.965  -52.364  -7.586 0.0000000000
31810  35.240  -51.980  -7.938 0.0000000000
31824  36.426  -52.594  -7.937 0.0000000000
30808  36.740  -53.283  -8.169 0.0000000000
29851  35.469  -54.675  -9.465 0.0000000000
26698  36.300  -57.769  -10.557 0.0000000000
26700  34.462  -57.733  -10.428 0.0000000000
26699  35.310  -57.920  -10.675 0.0000000000
29815  41.248  -54.084  -7.610 0.0000000000
30789  41.094  -53.790  -7.917 0.0000000000
30818  40.185  -52.876  -9.040 0.0000000000
18940  42.755  -63.373  -7.902 0.0000000000
18966  42.432  -64.178  -8.173 0.0000000000
18981  42.361  -63.685  -8.410 0.0000000000
20298  42.484  -63.471  -8.355 0.0000000000
20320  41.348  -61.596  -8.833 0.0000000000
21636  43.649  -60.988  -7.910 0.0000000000
21654  43.798  -61.191  -8.134 0.0000000000
21656  42.055  -61.067  -8.250 0.0000000000
23023  43.738  -60.344  -8.176 0.0000000000
23026  41.139  -59.823  -8.812 0.0000000000
23039  41.338  -60.752  -8.934 0.0000000000
23055  39.333  -60.026  -10.179 0.0000000000
24314  43.947  -59.128  -8.127 0.0000000000
24316  42.830  -59.515  -7.466 0.0000000000
24321  44.070  -59.357  -8.752 0.0000000000
25524  41.187  -57.402  -6.952 0.0000000000
25533  42.413  -58.508  -7.495 0.0000000000
25565  39.360  -59.019  -10.005 0.0000000000
26640  42.340  -57.326  -7.104 0.0000000000
26652  43.869  -58.188  -7.807 0.0000000000
26692  44.538  -57.063  -11.130 0.0000000000
27719  42.391  -57.103  -6.902 0.0000000000
27735  40.729  -56.795  -6.826 0.0000000000
27748  39.743  -56.624  -7.810 0.0000000000
27760  40.106  -55.765  -9.525 0.0000000000
27774  44.495  -56.742  -11.369 0.0000000000
27780  39.733  -55.735  -10.034 0.0000000000
27784  33.635  -56.775  -10.002 0.0000000000
27794  42.527  -56.347  -11.412 0.0000000000
27808  41.000  -56.233  -11.837 0.0000000000
28829  39.722  -55.106  -9.582 0.0000000000
28833  34.109  -55.625  -10.001 0.0000000000
28844  39.527  -55.689  -10.880 0.0000000000
28846  38.854  -54.874  -10.803 0.0000000000
28847  33.979  -56.084  -10.234 0.0000000000
28857  42.768  -55.910  -12.038 0.0000000000
29814  41.483  -54.371  -7.197 0.0000000000
29847  40.458  -54.528  -8.540 0.0000000000
29854  33.353  -55.148  -9.107 0.0000000000
30825  37.965  -53.352  -10.499 0.0000000000
30826  37.469  -53.277  -10.946 0.0000000000
31780  41.497  -53.469  -6.651 0.0000000000
31848  38.134  -52.870  -10.225 0.0000000000
