#!ascii label  , from subject sub-01 vox2ras=TkReg
2011
20423  39.736  -62.493  -16.719 0.2000000030
20411  39.566  -61.960  -15.888 0.2000000030
21774  40.155  -61.497  -16.520 0.2000000030
21784  40.473  -61.259  -17.969 0.1000000015
21769  39.463  -61.669  -15.108 0.3000000119
21768  40.143  -61.204  -15.292 0.2000000030
21773  40.614  -61.616  -17.062 0.1000000015
20422  40.612  -62.086  -17.103 0.2000000030
23117  39.939  -60.613  -15.789 0.1000000015
23124  39.966  -60.823  -16.822 0.1000000015
23118  39.360  -60.301  -16.101 0.1000000015
23125  38.950  -60.740  -16.856 0.1000000015
23139  39.650  -61.096  -17.814 0.1000000015
24397  37.426  -60.114  -15.509 0.1000000015
23140  38.384  -60.973  -17.666 0.1000000015
23126  37.655  -60.794  -16.743 0.1000000015
24405  37.051  -60.507  -16.245 0.2000000030
21776  37.142  -61.068  -16.925 0.1000000015
25607  39.596  -58.645  -14.299 0.1000000015
23116  40.382  -60.431  -15.126 0.2000000030
24394  40.235  -60.025  -15.424 0.1000000015
24395  39.708  -59.840  -15.493 0.1000000015
24396  38.730  -59.878  -15.432 0.1000000015
24390  37.038  -59.065  -14.848 0.1000000015
26750  36.343  -56.995  -14.975 0.2000000030
25610  36.642  -58.151  -14.744 0.2000000030
24398  36.151  -59.438  -15.256 0.2000000030
28909  36.330  -55.420  -15.124 0.2000000030
27845  35.554  -56.185  -14.691 0.1000000015
28911  34.855  -55.380  -14.511 0.1000000015
24388  39.170  -59.303  -14.842 0.1000000015
26747  39.137  -57.661  -14.358 0.1000000015
24389  38.077  -59.325  -14.716 0.1000000015
28936  36.723  -55.181  -15.432 0.2000000030
29945  36.547  -54.122  -15.735 0.2000000030
30893  36.549  -53.247  -16.171 0.2000000030
28910  35.926  -55.148  -14.891 0.2000000030
30894  35.935  -53.348  -15.581 0.1000000015
29922  35.093  -54.344  -14.734 0.2000000030
25608  38.631  -58.488  -14.530 0.1000000015
27842  38.669  -56.851  -14.708 0.1000000015
25609  37.615  -58.325  -14.542 0.1000000015
26749  37.363  -57.276  -14.950 0.2000000030
28935  37.667  -55.415  -16.227 0.2000000030
27868  37.035  -56.288  -15.503 0.3000000119
31915  36.123  -52.419  -15.850 0.3000000119
31916  35.501  -52.673  -15.288 0.2000000030
30871  34.477  -53.472  -14.454 0.2000000030
29924  33.104  -54.710  -14.339 0.2000000030
26760  37.327  -56.750  -15.367 0.2000000030
31930  36.767  -52.637  -16.416 0.3000000119
33034  37.476  -51.391  -16.648 0.3000000119
34172  37.524  -50.375  -16.494 0.3000000119
33019  36.099  -51.306  -15.710 0.3000000119
33020  35.497  -51.782  -15.178 0.2000000030
30872  33.474  -53.640  -14.122 0.2000000030
31899  32.771  -52.731  -14.296 0.2000000030
34184  38.917  -50.436  -17.566 0.4000000060
31947  38.340  -52.258  -17.528 0.3000000119
33048  38.001  -51.718  -17.236 0.3000000119
29944  37.246  -54.546  -16.179 0.2000000030
29972  37.154  -53.766  -16.481 0.2000000030
31897  34.889  -52.364  -14.555 0.2000000030
34160  35.513  -50.701  -14.972 0.2000000030
33003  34.003  -51.495  -14.440 0.2000000030
35359  39.037  -49.298  -17.402 0.3000000119
34171  38.293  -49.893  -16.866 0.3000000119
34159  36.158  -50.222  -15.457 0.2000000030
35334  35.176  -49.459  -14.964 0.2000000030
35333  36.234  -49.099  -15.310 0.2000000030
35335  34.106  -49.231  -14.970 0.1000000015
34147  34.749  -50.252  -14.727 0.2000000030
34149  33.175  -50.636  -14.632 0.2000000030
34148  34.098  -50.605  -14.636 0.2000000030
33004  33.035  -51.706  -14.401 0.2000000030
36499  38.869  -48.367  -17.061 0.3000000119
35346  38.345  -48.863  -16.676 0.3000000119
37653  38.330  -47.023  -16.769 0.2000000030
36485  37.614  -48.299  -16.309 0.3000000119
36466  37.064  -47.742  -15.739 0.2000000030
35347  37.586  -49.334  -16.366 0.3000000119
36468  35.367  -48.274  -15.248 0.1000000015
36469  34.362  -48.396  -15.261 0.1000000015
37638  35.521  -47.243  -15.382 0.1000000015
35336  33.301  -49.667  -15.071 0.1000000015
37669  39.659  -47.347  -17.607 0.3000000119
37670  38.946  -47.438  -17.205 0.2000000030
38762  38.970  -46.292  -16.945 0.2000000030
39917  39.248  -45.117  -16.855 0.2000000030
41085  38.662  -44.330  -16.710 0.1000000015
38763  38.052  -46.294  -16.394 0.1000000015
39918  38.389  -45.349  -16.500 0.1000000015
38747  37.397  -46.329  -15.862 0.1000000015
37637  36.407  -47.099  -15.559 0.1000000015
37639  34.615  -47.416  -15.345 0.1000000015
38751  34.152  -46.794  -15.635 0.1000000015
38779  39.804  -46.368  -17.580 0.2000000030
41086  37.742  -44.531  -16.223 0.1000000015
41071  37.202  -44.235  -15.839 0.1000000015
39920  36.945  -45.373  -15.884 0.1000000015
39905  36.311  -45.349  -15.687 0.1000000015
38748  36.670  -46.297  -15.678 0.1000000015
39906  35.237  -45.452  -15.524 0.1000000015
38750  34.799  -46.376  -15.434 0.1000000015
38749  35.797  -46.303  -15.576 0.1000000015
42249  37.051  -43.450  -15.852 0.1000000015
41074  34.820  -44.919  -15.681 0.1000000015
38764  34.206  -46.174  -15.880 0.1000000015
42263  37.985  -43.447  -16.269 0.1000000015
23119  38.454  -60.378  -16.106 0.1000000015
26751  35.240  -57.186  -14.707 0.1000000015
29818  37.813  -54.189  -8.117 0.5000000000
29832  37.098  -54.421  -8.670 0.5000000000
30807  37.428  -53.814  -8.194 0.5000000000
30792  37.962  -53.474  -7.642 0.5000000000
29835  34.061  -54.172  -9.173 0.2000000030
29852  34.564  -54.798  -9.502 0.2000000030
29834  35.001  -54.057  -9.073 0.3000000119
29833  35.989  -54.119  -8.788 0.5000000000
30808  36.740  -53.283  -8.169 0.5000000000
30793  37.377  -52.899  -7.672 0.5000000000
30791  39.431  -53.744  -7.255 0.5000000000
31783  39.779  -52.883  -7.226 0.5000000000
30790  39.886  -54.312  -6.843 0.5000000000
28786  40.489  -55.619  -6.669 0.5000000000
30811  33.571  -53.651  -8.682 0.3000000119
30810  34.448  -53.425  -8.746 0.3000000119
30809  35.468  -53.385  -8.545 0.5000000000
32909  38.407  -51.994  -7.228 0.5000000000
31806  38.790  -52.721  -7.349 0.5000000000
30773  40.171  -53.351  -6.950 0.5000000000
30772  40.555  -53.878  -6.660 0.5000000000
26641  42.106  -57.391  -6.876 0.4000000060
28783  42.218  -56.597  -6.819 0.5000000000
27720  41.962  -56.866  -6.508 0.5000000000
28785  41.120  -55.733  -6.591 0.5000000000
29798  40.918  -54.805  -6.369 0.5000000000
26654  42.658  -57.668  -7.561 0.4000000060
30812  32.947  -53.847  -8.459 0.3000000119
31827  33.756  -52.781  -8.415 0.4000000060
31826  34.811  -52.684  -8.339 0.4000000060
31824  36.426  -52.594  -7.937 0.5000000000
31809  36.177  -52.038  -7.854 0.5000000000
31808  36.965  -52.364  -7.586 0.5000000000
31807  37.854  -52.494  -7.398 0.5000000000
32910  37.646  -51.583  -7.292 0.5000000000
32886  39.174  -51.990  -7.111 0.5000000000
31782  40.587  -53.013  -6.758 0.5000000000
30771  41.316  -53.948  -6.523 0.6000000238
28784  41.644  -56.118  -6.798 0.5000000000
26653  43.628  -58.064  -7.697 0.4000000060
27733  42.449  -56.831  -7.461 0.5000000000
28757  32.655  -55.656  -4.635 0.1000000015
29770  31.648  -54.210  -4.811 0.1000000015
29783  31.971  -54.443  -5.701 0.1000000015
29784  31.630  -53.913  -5.327 0.1000000015
30754  31.705  -53.397  -5.822 0.1000000015
30753  31.878  -53.916  -6.295 0.1000000015
31785  31.788  -52.126  -6.466 0.1000000015
30795  32.055  -53.310  -7.435 0.1000000015
31828  33.007  -53.132  -8.399 0.3000000119
31810  35.240  -51.980  -7.938 0.5000000000
31811  34.117  -51.906  -8.039 0.4000000060
32912  35.754  -51.328  -7.582 0.4000000060
32911  36.675  -51.480  -7.450 0.5000000000
34047  37.113  -50.891  -7.214 0.5000000000
34023  37.854  -50.689  -6.997 0.5000000000
32887  38.433  -51.405  -7.146 0.5000000000
28801  42.145  -56.198  -7.135 0.5000000000
26667  42.898  -57.340  -8.305 0.4000000060
25543  44.112  -58.539  -8.470 0.5000000000
27667  34.265  -57.041  -2.271 0.1000000015
28728  33.629  -56.125  -3.077 0.1000000015
28743  33.712  -55.862  -3.653 0.1000000015
28744  32.613  -55.380  -3.782 0.1000000015
29756  32.361  -55.046  -4.240 0.1000000015
29757  31.839  -54.505  -3.886 0.1000000015
30728  31.361  -53.807  -4.238 0.1000000015
31750  30.971  -52.977  -4.652 0.1000000015
34028  32.562  -50.004  -5.949 0.2000000030
35200  33.173  -49.128  -5.994 0.2000000030
29801  31.612  -54.157  -6.955 0.1000000015
30775  31.704  -53.438  -6.787 0.1000000015
31813  31.923  -52.749  -7.141 0.1000000015
32890  31.928  -50.742  -6.056 0.2000000030
31784  32.376  -51.828  -6.991 0.1000000015
32915  33.058  -51.581  -7.174 0.2000000030
34051  33.837  -50.712  -7.116 0.2000000030
36343  33.832  -48.626  -6.014 0.2000000030
31812  32.759  -52.262  -7.537 0.2000000030
32913  34.725  -51.260  -7.577 0.3000000119
34049  35.311  -50.664  -7.210 0.3000000119
34025  35.887  -50.132  -6.766 0.4000000060
30770  41.516  -53.803  -6.808 0.5000000000
29829  40.849  -54.219  -8.066 0.5000000000
30789  41.094  -53.790  -7.917 0.5000000000
30788  41.350  -53.479  -7.586 0.5000000000
28803  41.259  -54.641  -7.618 0.5000000000
29815  41.248  -54.084  -7.610 0.5000000000
32885  40.250  -52.393  -7.331 0.5000000000
28802  41.581  -55.501  -7.440 0.5000000000
31804  41.685  -53.027  -7.071 0.5000000000
27734  42.108  -56.282  -7.706 0.5000000000
29797  41.351  -54.864  -6.714 0.5000000000
31781  41.322  -53.182  -6.595 0.6000000238
26665  44.012  -58.052  -8.042 0.4000000060
26574  33.796  -57.387  -1.595 0.1000000015
27680  33.256  -56.337  -2.671 0.1000000015
28713  32.710  -56.279  -2.429 0.1000000015
28714  31.827  -55.892  -1.905 0.1000000015
28715  30.964  -55.387  -1.298 0.1000000015
28729  32.818  -55.886  -2.949 0.1000000015
28730  31.952  -55.432  -3.031 0.1000000015
28745  31.964  -55.060  -3.502 0.1000000015
30729  30.884  -53.586  -3.408 0.1000000015
30742  31.050  -53.286  -4.267 0.1000000015
31751  30.798  -52.510  -4.174 0.1000000015
32865  31.283  -51.278  -5.088 0.1000000015
31761  31.077  -52.530  -5.194 0.1000000015
34003  31.922  -50.023  -5.385 0.2000000030
34002  32.308  -49.724  -5.558 0.2000000030
34029  32.137  -50.254  -5.803 0.2000000030
34026  34.812  -50.045  -6.864 0.3000000119
35198  35.395  -49.357  -6.607 0.3000000119
36342  34.849  -48.444  -6.215 0.2000000030
34024  36.876  -50.283  -6.824 0.4000000060
35197  36.494  -49.488  -6.624 0.3000000119
35196  37.469  -49.766  -6.752 0.4000000060
31836  40.654  -52.369  -8.968 0.5000000000
31823  41.125  -52.738  -8.522 0.5000000000
30804  41.222  -53.039  -8.183 0.5000000000
32929  41.252  -51.705  -9.493 0.5000000000
32928  42.165  -52.003  -9.316 0.5000000000
31822  41.325  -52.482  -8.174 0.5000000000
34022  38.899  -51.004  -7.092 0.5000000000
32923  42.179  -51.850  -8.732 0.5000000000
32906  41.273  -52.483  -7.806 0.6000000238
31805  41.413  -52.676  -6.999 0.5000000000
32884  41.035  -52.678  -6.876 0.5000000000
23037  43.768  -60.541  -9.305 0.4000000060
25553  44.254  -58.529  -9.443 0.4000000060
25531  43.836  -58.535  -7.797 0.4000000060
30683  30.297  -53.813  -0.044 0.1000000015
30706  30.319  -53.869  -1.120 0.1000000015
29725  31.495  -55.039  -2.498 0.1000000015
30721  30.591  -53.729  -2.151 0.1000000015
31715  30.128  -53.034  -1.539 0.1000000015
29745  31.156  -54.356  -2.697 0.1000000015
31731  30.361  -52.751  -2.400 0.1000000015
32831  30.577  -51.711  -3.535 0.1000000015
32830  30.801  -51.105  -3.744 0.1000000015
35135  31.687  -49.688  -3.400 0.2000000030
35157  32.222  -49.080  -4.038 0.2000000030
36314  32.748  -48.573  -5.070 0.2000000030
36344  33.424  -48.687  -5.810 0.2000000030
36312  34.147  -48.144  -5.703 0.2000000030
38672  45.213  -47.577  -11.822 0.2000000030
132785  44.944  -48.512  -12.308 0.2000000030
37564  44.221  -48.502  -11.596 0.2000000030
36399  42.531  -48.029  -10.496 0.2000000030
36378  41.040  -48.074  -9.462 0.2000000030
36341  35.962  -48.568  -6.675 0.2000000030
132770  44.696  -49.354  -12.665 0.2000000030
36397  44.103  -49.255  -11.378 0.2000000030
36398  42.991  -48.896  -10.744 0.2000000030
36376  42.247  -49.255  -10.083 0.2000000030
35244  41.144  -48.896  -9.268 0.3000000119
35233  39.977  -49.010  -8.339 0.4000000060
34107  43.442  -50.354  -11.486 0.2000000030
35279  44.106  -49.863  -11.482 0.3000000119
34089  43.011  -50.227  -10.541 0.3000000119
34071  42.034  -50.411  -9.447 0.4000000060
35243  41.743  -49.571  -9.453 0.3000000119
35232  40.794  -49.645  -8.634 0.4000000060
35220  39.700  -49.815  -7.906 0.5000000000
35221  38.727  -49.488  -7.382 0.4000000060
35195  38.329  -50.109  -6.982 0.5000000000
34090  41.375  -50.746  -10.801 0.5000000000
32960  42.257  -51.099  -11.212 0.4000000060
32959  42.957  -51.031  -10.913 0.4000000060
34069  43.069  -51.130  -9.780 0.4000000060
34070  42.631  -50.868  -9.793 0.4000000060
34063  41.963  -51.093  -8.718 0.5000000000
34064  41.148  -50.569  -8.492 0.5000000000
35219  40.463  -50.461  -8.153 0.5000000000
34046  39.089  -50.278  -7.283 0.5000000000
32942  42.608  -51.284  -10.174 0.5000000000
32922  42.712  -51.686  -9.052 0.5000000000
34043  41.341  -51.854  -8.302 0.5000000000
32907  40.973  -52.224  -7.536 0.5000000000
32908  40.350  -51.713  -7.574 0.5000000000
34021  39.648  -51.650  -7.391 0.5000000000
30659  30.507  -53.724  1.004 0.1000000015
29675  30.187  -54.703  0.579 0.1000000015
32749  30.777  -52.245  0.345 0.1000000015
31690  30.282  -52.903  -0.612 0.1000000015
32774  30.649  -52.123  -0.175 0.1000000015
32799  30.385  -51.854  -1.334 0.1000000015
32798  30.816  -51.215  -1.097 0.1000000015
33950  30.602  -51.009  -1.986 0.1000000015
33949  31.303  -50.303  -2.469 0.1000000015
33965  30.625  -50.964  -2.990 0.1000000015
35134  32.271  -49.243  -3.223 0.2000000030
36313  33.304  -48.433  -5.285 0.2000000030
36311  34.581  -47.946  -5.873 0.2000000030
38654  43.850  -46.660  -10.567 0.1000000015
38673  43.535  -47.197  -10.861 0.2000000030
37565  43.483  -47.864  -11.075 0.2000000030
37547  41.759  -47.510  -10.133 0.2000000030
39814  43.859  -46.316  -9.735 0.1000000015
38655  42.550  -46.761  -10.224 0.1000000015
38656  41.596  -46.828  -9.661 0.1000000015
36366  40.519  -48.565  -8.793 0.2000000030
36340  37.185  -48.581  -6.719 0.3000000119
37531  40.461  -47.573  -8.829 0.1000000015
36367  39.896  -48.163  -8.238 0.1000000015
36358  39.263  -48.778  -7.823 0.3000000119
36339  37.967  -49.316  -7.005 0.2000000030
34044  40.883  -51.278  -8.047 0.5000000000
34045  39.854  -50.898  -7.593 0.5000000000
29650  30.244  -54.443  1.747 0.1000000015
31641  30.748  -52.918  1.471 0.1000000015
32722  31.795  -51.789  1.155 0.1000000015
31640  31.156  -52.392  1.027 0.1000000015
32748  31.154  -51.873  0.408 0.1000000015
33901  32.289  -50.462  -0.498 0.1000000015
33925  32.023  -50.188  -1.687 0.1000000015
35111  32.470  -49.490  -2.305 0.2000000030
36280  32.717  -48.717  -3.145 0.2000000030
36279  33.532  -48.091  -3.437 0.2000000030
36296  33.316  -48.132  -4.358 0.2000000030
37431  33.995  -47.671  -3.592 0.2000000030
37451  33.796  -47.711  -4.280 0.2000000030
37475  34.441  -47.661  -5.469 0.2000000030
37474  35.004  -47.561  -5.881 0.2000000030
37503  35.568  -47.871  -6.410 0.2000000030
39813  44.370  -45.954  -9.310 0.1000000015
38632  43.039  -46.391  -9.666 0.1000000015
38609  41.432  -46.122  -8.547 0.1000000015
38634  41.036  -46.722  -8.918 0.1000000015
38635  40.284  -46.863  -8.464 0.1000000015
37501  37.108  -47.298  -6.550 0.1000000015
37502  36.351  -47.734  -6.529 0.2000000030
38611  39.692  -46.581  -7.853 0.1000000015
37532  39.857  -47.366  -8.257 0.1000000015
37514  39.088  -47.651  -7.833 0.1000000015
36359  38.269  -48.454  -7.297 0.2000000030
31599  31.982  -52.583  3.101 0.1000000015
31619  31.317  -52.314  2.246 0.1000000015
31617  33.462  -52.173  2.834 0.1000000015
32704  32.107  -51.460  2.008 0.1000000015
32703  33.003  -51.391  2.197 0.1000000015
32720  33.622  -51.208  1.509 0.1000000015
33881  33.183  -50.608  0.238 0.1000000015
33882  32.641  -50.886  0.334 0.1000000015
35069  32.878  -50.073  -0.724 0.1000000015
35089  33.521  -49.694  -1.220 0.1000000015
35110  33.478  -49.155  -2.047 0.1000000015
35109  33.996  -48.889  -2.183 0.1000000015
36253  33.476  -48.600  -2.562 0.1000000015
37450  34.402  -47.414  -4.698 0.2000000030
38580  34.758  -47.210  -5.234 0.2000000030
38556  34.911  -46.859  -4.540 0.2000000030
38579  35.343  -46.907  -5.311 0.2000000030
38578  36.198  -46.760  -5.308 0.1000000015
37473  35.826  -47.260  -5.979 0.2000000030
39795  44.843  -46.071  -7.955 0.1000000015
39772  42.917  -45.577  -7.538 0.1000000015
39773  41.602  -45.674  -7.807 0.1000000015
37472  36.550  -47.112  -5.979 0.2000000030
39754  40.706  -45.492  -6.661 0.1000000015
38610  40.687  -46.259  -8.201 0.1000000015
38612  38.776  -46.753  -7.459 0.1000000015
37515  38.199  -47.404  -7.350 0.1000000015
37516  37.606  -47.077  -7.088 0.2000000030
32701  35.049  -52.017  2.179 0.1000000015
32719  34.584  -51.414  1.474 0.1000000015
32746  34.474  -51.003  0.956 0.1000000015
33899  34.437  -50.287  -0.271 0.1000000015
35088  34.496  -49.375  -1.600 0.1000000015
36252  34.505  -48.234  -2.336 0.1000000015
37404  35.796  -47.114  -2.681 0.1000000015
37405  35.137  -47.640  -2.629 0.1000000015
37429  35.386  -46.795  -3.359 0.2000000030
37430  34.698  -47.343  -3.478 0.2000000030
38536  35.995  -46.382  -3.576 0.1000000015
38537  35.253  -46.651  -3.878 0.2000000030
38574  41.596  -46.115  -4.854 0.1000000015
39736  40.964  -45.655  -5.531 0.1000000015
38551  39.946  -46.107  -4.276 0.1000000015
38552  38.923  -45.705  -4.538 0.1000000015
38553  37.718  -46.114  -4.618 0.1000000015
38554  36.596  -46.238  -4.557 0.1000000015
39771  43.931  -45.719  -7.280 0.1000000015
39753  41.930  -45.425  -6.556 0.1000000015
39719  39.904  -45.678  -5.072 0.1000000015
39720  39.247  -45.548  -5.432 0.1000000015
39738  39.184  -45.614  -6.028 0.1000000015
38576  38.390  -45.920  -5.750 0.1000000015
38577  37.153  -46.499  -5.633 0.1000000015
39755  39.549  -45.753  -6.743 0.1000000015
38599  38.627  -46.182  -6.803 0.1000000015
32718  35.659  -51.820  1.564 0.1000000015
32745  35.083  -51.152  0.794 0.1000000015
33898  35.336  -50.585  -0.353 0.1000000015
33922  35.391  -50.130  -0.964 0.1000000015
35087  35.541  -49.546  -1.340 0.1000000015
36251  35.685  -48.046  -2.235 0.1000000015
37399  40.667  -47.821  -2.525 0.1000000015
37400  39.981  -47.336  -2.584 0.1000000015
37402  38.292  -47.210  -2.152 0.1000000015
36250  36.320  -47.812  -2.221 0.1000000015
37449  41.945  -47.330  -3.589 0.1000000015
37398  41.185  -47.821  -2.827 0.1000000015
38511  39.581  -46.861  -2.917 0.1000000015
37401  39.267  -47.250  -2.316 0.1000000015
38513  37.668  -46.605  -2.788 0.1000000015
38514  36.699  -46.659  -2.910 0.1000000015
38549  41.878  -46.804  -4.057 0.1000000015
38550  40.880  -46.420  -4.301 0.1000000015
38532  40.259  -46.786  -3.441 0.1000000015
38533  39.259  -46.375  -3.594 0.1000000015
38534  38.214  -46.245  -3.646 0.1000000015
38535  37.120  -46.251  -3.642 0.1000000015
33921  36.257  -50.259  -0.921 0.1000000015
35085  37.498  -49.654  -1.213 0.1000000015
36222  36.716  -48.479  -1.589 0.1000000015
36249  40.862  -48.355  -2.254 0.1000000015
37366  40.016  -47.870  -1.965 0.1000000015
36220  38.750  -48.821  -1.641 0.1000000015
36221  37.809  -48.791  -1.465 0.1000000015
37403  37.099  -47.483  -2.197 0.1000000015
36277  41.908  -48.248  -3.008 0.1000000015
37367  39.013  -47.940  -1.836 0.1000000015
31825  35.834  -52.636  -8.219 0.4000000060
29769  32.150  -54.888  -4.778 0.1000000015
30794  32.487  -53.473  -8.041 0.2000000030
34048  36.293  -50.753  -7.184 0.4000000060
27668  33.115  -56.726  -2.007 0.1000000015
34027  33.622  -50.337  -6.769 0.3000000119
35176  32.417  -49.126  -5.334 0.2000000030
32889  32.786  -51.238  -6.778 0.2000000030
32888  33.361  -50.963  -6.883 0.2000000030
32914  33.615  -51.212  -7.236 0.2000000030
35199  34.295  -49.333  -6.407 0.3000000119
34050  34.310  -50.652  -7.211 0.3000000119
29726  30.927  -54.746  -1.757 0.1000000015
29758  31.377  -54.305  -3.285 0.1000000015
32848  30.945  -51.573  -4.305 0.1000000015
31762  30.873  -51.863  -4.734 0.1000000015
33984  31.400  -50.290  -4.413 0.1000000015
35158  31.858  -49.564  -4.660 0.2000000030
31835  41.399  -52.277  -8.839 0.5000000000
32930  40.199  -51.635  -9.801 0.5000000000
32943  41.890  -51.259  -10.244 0.5000000000
31737  30.551  -52.472  -3.233 0.1000000015
32819  30.417  -51.757  -2.580 0.1000000015
33964  31.068  -50.490  -3.552 0.1000000015
36297  32.801  -48.487  -4.394 0.2000000030
37607  45.961  -48.024  -12.431 0.2000000030
132777  44.738  -48.979  -12.295 0.2000000030
36377  41.859  -48.606  -9.976 0.2000000030
37548  41.127  -47.328  -9.400 0.1000000015
34106  44.324  -49.755  -12.307 0.2000000030
35263  43.630  -49.956  -10.936 0.2000000030
35242  42.538  -49.897  -10.148 0.3000000119
34108  42.745  -50.600  -11.490 0.5000000000
34088  43.134  -50.470  -10.700 0.4000000060
34122  43.962  -49.917  -12.651 0.2000000030
35231  41.545  -50.278  -8.923 0.5000000000
34109  41.852  -50.457  -11.566 0.5000000000
32926  42.864  -51.312  -9.953 0.5000000000
34062  42.634  -51.484  -9.093 0.5000000000
31665  30.571  -52.778  0.473 0.1000000015
33927  30.709  -51.161  -1.408 0.1000000015
32772  31.699  -50.895  -0.318 0.1000000015
33926  31.220  -50.714  -1.252 0.1000000015
33948  31.928  -49.990  -2.286 0.2000000030
36254  32.947  -48.879  -2.442 0.2000000030
38633  42.033  -46.248  -9.242 0.1000000015
30636  30.590  -53.560  1.793 0.1000000015
30612  30.949  -53.016  2.589 0.1000000015
32747  31.926  -51.202  0.239 0.1000000015
32721  32.668  -51.096  1.166 0.1000000015
35090  32.685  -49.877  -1.164 0.1000000015
36278  34.145  -47.787  -3.184 0.2000000030
39797  42.944  -45.614  -8.893 0.1000000015
39798  41.976  -45.849  -8.618 0.1000000015
36360  37.609  -47.789  -7.034 0.2000000030
39775  39.664  -46.037  -7.371 0.1000000015
31618  32.405  -51.980  2.695 0.1000000015
31616  34.620  -52.673  3.010 0.1000000015
32702  34.036  -51.879  2.146 0.1000000015
33857  32.982  -50.776  0.687 0.1000000015
33855  34.068  -50.927  1.090 0.1000000015
33900  33.459  -50.203  -0.450 0.1000000015
35068  33.116  -49.890  -0.852 0.1000000015
33924  33.994  -50.090  -0.742 0.1000000015
38555  35.665  -46.506  -4.540 0.2000000030
39796  44.023  -45.624  -8.308 0.1000000015
39774  40.277  -45.819  -7.498 0.1000000015
38613  38.076  -46.699  -7.199 0.1000000015
33879  34.943  -50.643  0.202 0.1000000015
33880  34.179  -50.498  0.529 0.1000000015
33923  34.533  -50.080  -0.907 0.1000000015
36224  35.023  -48.981  -1.691 0.1000000015
39735  42.201  -45.717  -5.598 0.1000000015
38600  37.730  -46.526  -6.588 0.1000000015
32744  36.189  -51.620  0.714 0.1000000015
32771  35.527  -51.108  0.194 0.1000000015
32770  36.162  -51.287  -0.105 0.1000000015
33897  36.166  -50.805  -0.606 0.1000000015
35086  36.469  -49.541  -1.147 0.1000000015
36223  35.631  -48.777  -1.643 0.1000000015
37428  40.346  -47.287  -2.930 0.1000000015
36218  40.612  -48.579  -1.806 0.1000000015
37368  38.049  -48.037  -1.769 0.1000000015
38512  38.712  -46.648  -2.814 0.1000000015
38531  41.164  -47.082  -3.647 0.1000000015
33920  37.240  -50.748  -1.014 0.1000000015
35084  38.493  -49.730  -1.432 0.1000000015
35081  41.394  -49.155  -1.843 0.1000000015
35108  41.786  -49.079  -2.363 0.1000000015
36219  39.738  -48.679  -1.571 0.1000000015
26700  34.462  -57.733  -10.428 0.1000000015
27782  35.203  -57.020  -10.351 0.1000000015
27765  35.215  -56.137  -10.031 0.1000000015
28832  34.991  -55.423  -9.783 0.1000000015
28848  33.678  -56.215  -10.022 0.1000000015
28834  33.280  -55.723  -9.419 0.1000000015
25571  34.068  -58.418  -10.052 0.2000000030
29853  33.760  -54.981  -9.372 0.1000000015
26699  35.310  -57.920  -10.675 0.2000000030
27781  35.760  -57.292  -10.481 0.1000000015
25569  35.667  -58.867  -10.638 0.2000000030
27764  36.238  -56.512  -10.112 0.1000000015
29851  35.469  -54.675  -9.465 0.1000000015
24346  35.964  -60.024  -10.326 0.2000000030
26698  36.300  -57.769  -10.557 0.2000000030
28831  35.872  -55.403  -9.799 0.2000000030
29850  36.300  -54.683  -9.372 0.3000000119
28830  36.817  -55.377  -9.462 0.3000000119
26685  37.040  -57.156  -9.991 0.2000000030
27763  37.483  -56.286  -9.448 0.2000000030
24345  37.110  -59.874  -10.681 0.2000000030
25567  37.781  -58.815  -10.572 0.2000000030
20324  38.416  -62.505  -9.100 0.1000000015
26697  37.370  -57.918  -10.379 0.2000000030
25568  36.689  -58.877  -10.736 0.2000000030
28818  37.726  -55.291  -8.904 0.3000000119
21672  38.513  -61.637  -9.787 0.1000000015
23057  37.674  -60.718  -10.611 0.1000000015
26684  38.016  -57.115  -9.862 0.2000000030
21673  37.357  -62.053  -9.170 0.1000000015
29831  37.940  -54.741  -8.329 0.4000000060
21683  38.105  -61.142  -10.282 0.2000000030
24344  38.225  -59.708  -10.637 0.2000000030
20323  39.308  -62.354  -9.192 0.1000000015
20322  40.235  -62.140  -9.071 0.2000000030
21671  39.591  -61.511  -9.610 0.1000000015
27762  38.419  -56.546  -9.181 0.2000000030
27750  38.260  -55.917  -8.845 0.4000000060
27749  39.105  -56.238  -8.368 0.4000000060
29817  38.514  -54.563  -7.649 0.4000000060
24343  39.042  -59.577  -10.296 0.3000000119
25566  38.845  -58.747  -10.210 0.3000000119
23056  38.758  -60.575  -10.322 0.2000000030
23041  39.818  -60.476  -9.883 0.4000000060
28805  39.024  -55.478  -7.529 0.4000000060
29816  39.396  -54.774  -7.061 0.4000000060
25556  39.048  -58.089  -9.761 0.3000000119
25554  40.395  -58.897  -8.952 0.4000000060
24342  39.620  -59.483  -9.894 0.3000000119
39843  47.238  -46.941  -12.092 0.1000000015
132779  46.103  -47.481  -11.799 0.1000000015
26670  39.632  -57.012  -8.358 0.4000000060
28804  39.688  -55.595  -6.960 0.5000000000
25546  40.105  -57.915  -8.469 0.4000000060
25555  39.778  -58.439  -9.334 0.3000000119
26682  39.743  -57.618  -8.600 0.4000000060
26669  40.132  -57.374  -7.823 0.4000000060
39859  46.898  -47.383  -13.008 0.1000000015
39844  47.043  -46.333  -12.210 0.1000000015
38717  46.294  -48.020  -12.568 0.1000000015
27736  40.224  -56.440  -7.188 0.5000000000
29799  40.126  -54.838  -6.569 0.5000000000
38701  46.683  -47.941  -13.597 0.1000000015
132784  46.393  -48.556  -13.733 0.1000000015
38703  44.234  -47.166  -13.157 0.1000000015
132783  45.619  -47.429  -13.704 0.1000000015
35293  44.326  -49.113  -13.292 0.1000000015
26701  33.619  -57.560  -9.910 0.1000000015
27783  34.270  -56.553  -10.221 0.1000000015
27766  34.665  -55.921  -10.039 0.1000000015
27768  32.739  -56.268  -9.068 0.1000000015
29836  33.253  -54.596  -8.779 0.1000000015
132772  45.423  -49.247  -12.950 0.1000000015
25557  34.269  -59.073  -9.735 0.1000000015
26696  38.384  -57.962  -10.080 0.2000000030
28817  38.422  -55.371  -8.236 0.4000000060
26683  39.080  -57.334  -9.237 0.3000000119
27737  39.524  -56.085  -7.518 0.4000000060
39860  46.990  -47.075  -13.020 0.1000000015
35306  45.549  -48.570  -13.504 0.1000000015
26687  32.643  -56.921  -8.850 0.1000000015
20396  31.164  -61.701  -14.828 0.1000000015
20415  31.223  -61.889  -15.585 0.1000000015
19067  33.637  -63.053  -15.508 0.1000000015
20416  30.044  -62.118  -15.512 0.1000000015
20394  33.391  -62.357  -14.746 0.1000000015
20417  29.100  -62.400  -15.260 0.1000000015
19069  28.201  -63.253  -15.820 0.1000000015
20428  29.454  -62.662  -16.113 0.1000000015
6845  31.796  -73.842  -11.410 0.1000000015
15392  28.044  -66.328  -13.216 0.1000000015
16542  27.007  -65.643  -13.852 0.1000000015
21757  32.582  -61.615  -14.699 0.1000000015
16549  27.192  -65.050  -14.105 0.1000000015
21771  31.971  -61.689  -15.446 0.1000000015
19052  27.719  -63.462  -14.264 0.1000000015
20379  33.007  -61.859  -14.446 0.1000000015
19070  27.611  -63.519  -15.261 0.1000000015
19050  33.928  -62.627  -14.808 0.1000000015
6827  31.182  -74.221  -10.184 0.1000000015
7843  32.255  -73.292  -12.025 0.1000000015
8799  32.009  -72.798  -11.459 0.1000000015
7749  30.949  -73.560  -7.996 0.1000000015
6798  30.880  -74.170  -9.302 0.1000000015
7811  31.566  -73.830  -10.401 0.1000000015
7810  31.843  -73.451  -10.626 0.1000000015
9759  31.556  -71.295  -12.040 0.1000000015
13141  30.189  -68.275  -13.297 0.1000000015
15391  28.976  -66.441  -13.049 0.1000000015
20397  30.546  -61.763  -14.841 0.1000000015
21739  32.694  -61.393  -13.865 0.1000000015
19049  34.590  -63.008  -14.506 0.1000000015
8790  32.128  -72.981  -10.510 0.1000000015
8791  31.699  -72.277  -10.694 0.1000000015
7748  31.635  -73.611  -7.790 0.1000000015
7772  31.132  -74.017  -8.769 0.1000000015
7793  31.455  -73.930  -9.534 0.1000000015
9750  31.454  -71.246  -10.897 0.1000000015
10755  31.151  -70.388  -10.999 0.1000000015
13078  30.927  -69.368  -11.302 0.1000000015
13123  30.974  -68.798  -12.123 0.1000000015
14237  30.987  -68.441  -11.848 0.1000000015
14251  31.024  -68.250  -12.119 0.1000000015
15381  30.312  -66.863  -12.320 0.1000000015
15390  29.793  -66.509  -13.013 0.1000000015
15383  29.304  -66.216  -12.638 0.1000000015
16540  28.743  -65.534  -12.882 0.1000000015
19034  28.149  -63.034  -13.359 0.1000000015
21740  31.700  -61.046  -13.716 0.1000000015
21760  30.159  -61.257  -14.262 0.1000000015
20398  29.624  -61.845  -14.726 0.1000000015
19051  28.095  -62.878  -14.064 0.1000000015
20378  33.546  -61.834  -13.895 0.1000000015
20393  34.019  -62.328  -14.334 0.1000000015
10740  31.604  -71.120  -8.863 0.1000000015
7722  31.955  -73.644  -6.653 0.1000000015
7771  32.063  -73.458  -8.627 0.1000000015
7792  31.927  -73.422  -9.855 0.1000000015
9741  32.336  -72.281  -8.958 0.1000000015
9742  31.745  -71.751  -9.559 0.1000000015
10756  30.884  -70.705  -10.278 0.1000000015
13068  30.668  -69.008  -10.133 0.1000000015
14217  30.480  -68.117  -10.604 0.1000000015
15357  30.205  -67.139  -10.797 0.1000000015
7747  32.458  -73.535  -7.403 0.1000000015
8767  32.585  -72.675  -8.537 0.1000000015
14238  30.840  -68.054  -11.561 0.1000000015
15371  30.500  -67.292  -11.628 0.1000000015
15382  29.700  -66.358  -12.313 0.1000000015
17703  29.450  -64.918  -11.932 0.1000000015
16534  29.303  -65.630  -12.403 0.1000000015
17704  28.911  -64.166  -12.124 0.1000000015
17714  29.202  -64.900  -12.557 0.1000000015
17715  28.284  -64.302  -12.964 0.1000000015
21726  28.946  -61.653  -12.540 0.1000000015
21741  30.755  -60.953  -13.575 0.1000000015
21761  29.425  -61.508  -14.058 0.1000000015
20380  28.643  -62.177  -13.186 0.1000000015
21722  32.291  -61.275  -12.793 0.1000000015
20362  33.661  -61.800  -12.789 0.1000000015
19018  35.027  -62.815  -12.896 0.1000000015
20377  34.364  -62.328  -13.486 0.1000000015
19008  35.087  -63.041  -11.756 0.1000000015
20361  34.333  -62.509  -12.243 0.1000000015
10734  31.347  -70.610  -8.618 0.1000000015
10741  31.154  -70.743  -9.370 0.1000000015
7699  33.608  -73.531  -6.033 0.1000000015
7746  33.311  -73.312  -7.176 0.1000000015
8750  33.720  -72.605  -7.536 0.1000000015
9734  32.688  -71.857  -8.286 0.1000000015
9735  31.948  -71.480  -8.683 0.1000000015
11890  30.836  -69.954  -8.643 0.1000000015
14202  30.490  -68.426  -9.676 0.1000000015
14218  30.165  -67.494  -10.218 0.1000000015
7721  32.973  -73.681  -6.573 0.1000000015
7770  32.939  -73.092  -7.918 0.1000000015
15340  29.762  -66.943  -9.799 0.1000000015
16516  29.650  -66.094  -10.677 0.1000000015
16526  29.456  -65.765  -11.644 0.1000000015
16517  28.838  -65.383  -10.367 0.1000000015
16527  29.131  -65.442  -11.105 0.1000000015
17699  28.654  -64.654  -11.216 0.1000000015
20349  28.142  -62.625  -11.558 0.1000000015
19009  28.256  -63.481  -11.477 0.1000000015
21723  31.408  -60.820  -12.698 0.1000000015
21700  31.004  -60.681  -11.784 0.1000000015
21724  30.424  -60.695  -12.722 0.1000000015
21702  29.354  -61.117  -11.837 0.1000000015
21703  28.711  -61.746  -11.705 0.1000000015
20363  28.496  -62.425  -12.446 0.1000000015
21699  32.157  -60.890  -11.491 0.1000000015
21698  33.026  -61.446  -12.061 0.1000000015
19007  35.869  -63.654  -11.301 0.1000000015
8688  34.257  -72.858  -4.979 0.1000000015
8689  33.582  -72.827  -5.194 0.1000000015
8710  32.708  -73.076  -5.483 0.1000000015
8730  34.321  -72.580  -6.636 0.1000000015
8749  34.096  -72.230  -7.207 0.1000000015
8709  33.554  -73.300  -5.520 0.1000000015
8731  33.744  -72.927  -6.945 0.1000000015
9723  33.758  -71.908  -7.473 0.1000000015
10724  32.611  -70.947  -7.323 0.1000000015
11880  31.748  -69.988  -7.457 0.1000000015
11881  31.168  -69.690  -7.933 0.1000000015
13046  30.650  -68.984  -7.883 0.1000000015
14186  29.795  -67.434  -8.814 0.1000000015
14174  30.039  -67.730  -7.701 0.1000000015
15323  29.302  -66.571  -8.716 0.1000000015
16504  29.264  -65.956  -9.620 0.1000000015
16505  28.661  -65.201  -9.353 0.1000000015
16491  28.919  -65.798  -8.853 0.1000000015
17694  28.298  -64.510  -10.027 0.1000000015
19001  28.066  -63.584  -10.565 0.1000000015
20338  27.923  -62.643  -10.685 0.1000000015
19002  27.920  -63.202  -11.044 0.1000000015
23079  29.787  -60.688  -11.220 0.1000000015
23077  31.491  -60.550  -10.858 0.1000000015
23078  30.544  -60.480  -11.044 0.1000000015
23076  32.025  -60.857  -10.595 0.1000000015
21686  33.073  -61.611  -10.842 0.1000000015
20348  33.704  -62.108  -11.519 0.1000000015
20347  34.477  -62.634  -11.023 0.1000000015
11869  33.570  -70.577  -5.975 0.1000000015
11861  32.831  -69.621  -5.773 0.1000000015
8687  35.008  -72.816  -4.470 0.1000000015
8708  34.447  -73.005  -5.676 0.1000000015
8707  35.311  -72.344  -5.099 0.1000000015
8729  35.318  -72.299  -6.048 0.1000000015
9722  34.398  -71.988  -6.970 0.1000000015
10715  33.516  -71.049  -6.356 0.1000000015
13035  32.327  -69.471  -6.127 0.1000000015
13026  31.736  -68.272  -5.916 0.1000000015
9711  33.493  -71.457  -6.926 0.1000000015
11879  32.427  -70.431  -7.023 0.1000000015
13036  31.453  -68.893  -6.646 0.1000000015
15308  30.100  -67.111  -7.034 0.1000000015
15309  29.345  -66.459  -7.448 0.1000000015
13037  30.671  -68.340  -7.174 0.1000000015
16492  28.516  -65.203  -8.292 0.1000000015
17684  28.048  -64.352  -8.940 0.1000000015
18989  27.714  -63.533  -8.917 0.1000000015
18988  27.852  -63.662  -9.610 0.1000000015
21679  28.128  -61.811  -9.730 0.1000000015
23063  29.943  -60.555  -10.313 0.1000000015
21689  29.185  -61.132  -10.991 0.1000000015
23062  31.049  -60.737  -10.192 0.1000000015
23061  31.868  -60.993  -10.163 0.1000000015
10697  35.440  -70.821  -4.813 0.1000000015
8686  35.291  -72.358  -4.102 0.1000000015
9679  35.618  -71.502  -4.470 0.1000000015
10698  34.888  -70.467  -4.969 0.1000000015
11859  34.533  -70.296  -5.080 0.1000000015
13024  33.369  -69.096  -5.100 0.1000000015
9667  35.116  -72.741  -3.799 0.1000000015
8669  35.308  -72.843  -3.564 0.1000000015
9694  35.549  -71.653  -5.567 0.1000000015
10706  34.862  -70.895  -5.485 0.1000000015
10707  34.098  -71.046  -5.884 0.1000000015
13025  32.583  -68.689  -5.529 0.1000000015
14161  30.767  -67.085  -5.883 0.1000000015
14167  31.450  -68.020  -6.189 0.1000000015
15295  29.535  -66.031  -6.490 0.1000000015
16477  29.090  -65.721  -6.755 0.1000000015
16478  28.620  -65.410  -7.253 0.1000000015
17671  27.829  -64.091  -8.345 0.1000000015
18973  27.710  -63.513  -8.363 0.1000000015
20328  27.718  -63.012  -9.245 0.1000000015
21664  27.825  -61.617  -8.362 0.1000000015
23049  29.688  -60.606  -9.274 0.1000000015
23064  28.863  -60.924  -10.066 0.1000000015
23047  31.843  -60.896  -9.375 0.1000000015
21677  32.478  -61.229  -9.501 0.1000000015
9678  36.256  -71.251  -4.004 0.1000000015
11848  36.192  -69.870  -4.376 0.1000000015
11850  33.677  -69.393  -4.783 0.1000000015
11849  34.596  -69.734  -4.441 0.1000000015
14159  32.409  -67.881  -5.153 0.1000000015
14150  31.881  -66.951  -4.791 0.1000000015
15283  31.434  -66.645  -4.877 0.1000000015
15284  30.662  -66.368  -5.297 0.1000000015
16454  29.562  -65.235  -5.573 0.1000000015
16463  28.797  -65.224  -6.523 0.1000000015
18950  28.040  -63.664  -7.191 0.1000000015
17654  28.255  -64.467  -7.636 0.1000000015
21646  27.746  -62.237  -7.666 0.1000000015
23033  29.488  -60.613  -8.395 0.1000000015
23050  28.683  -60.968  -9.021 0.1000000015
23032  30.524  -60.558  -8.486 0.1000000015
23031  31.521  -60.686  -8.522 0.1000000015
21663  32.871  -61.702  -8.484 0.1000000015
18972  34.115  -63.272  -8.166 0.1000000015
10696  36.610  -70.555  -4.195 0.1000000015
13010  34.272  -68.779  -3.988 0.1000000015
14148  32.922  -67.969  -4.257 0.1000000015
14149  32.431  -67.523  -4.423 0.1000000015
10688  36.691  -70.829  -3.618 0.1000000015
13011  33.367  -68.501  -4.521 0.1000000015
17615  29.669  -64.939  -5.311 0.1000000015
17630  28.865  -64.917  -6.140 0.1000000015
17617  28.519  -63.941  -5.905 0.1000000015
18929  28.293  -63.390  -6.354 0.1000000015
23017  28.424  -60.870  -7.458 0.1000000015
21645  28.018  -61.693  -7.017 0.1000000015
23030  32.321  -61.033  -8.396 0.1000000015
20281  33.513  -62.594  -7.315 0.1000000015
20279  35.335  -62.930  -7.713 0.1000000015
11834  37.298  -69.843  -3.402 0.1000000015
11846  37.337  -70.023  -3.886 0.1000000015
11825  35.727  -69.034  -2.978 0.1000000015
12995  34.663  -68.667  -3.321 0.1000000015
14129  33.163  -67.716  -2.804 0.1000000015
14138  32.624  -67.225  -3.397 0.1000000015
11837  34.803  -69.053  -3.871 0.1000000015
12996  33.717  -68.342  -3.520 0.1000000015
15272  31.722  -66.416  -4.159 0.1000000015
15273  31.159  -66.066  -4.598 0.1000000015
16446  30.582  -65.340  -4.495 0.1000000015
18914  28.987  -63.743  -4.954 0.1000000015
20250  28.441  -62.154  -5.285 0.1000000015
24305  32.392  -59.598  -6.016 0.1000000015
22995  32.098  -60.439  -6.510 0.1000000015
24307  30.331  -59.698  -6.345 0.1000000015
22999  28.377  -60.803  -6.542 0.1000000015
22994  33.100  -60.459  -6.583 0.1000000015
24306  31.417  -59.593  -6.205 0.1000000015
22998  28.881  -60.219  -6.895 0.1000000015
21625  32.696  -61.448  -6.756 0.1000000015
21644  32.055  -60.940  -7.350 0.1000000015
23015  30.252  -60.450  -7.699 0.1000000015
23012  33.645  -60.615  -7.528 0.1000000015
21624  33.401  -61.692  -6.780 0.1000000015
23013  32.069  -60.833  -7.819 0.1000000015
20260  33.646  -62.203  -6.886 0.1000000015
21643  32.520  -61.585  -7.331 0.1000000015
21660  35.280  -61.659  -8.344 0.1000000015
20280  34.254  -62.712  -7.422 0.1000000015
20305  36.090  -62.574  -8.038 0.1000000015
12978  36.707  -69.114  -2.280 0.1000000015
12993  36.963  -69.418  -3.049 0.1000000015
12979  35.749  -68.824  -2.392 0.1000000015
12980  34.843  -68.575  -2.455 0.1000000015
12981  33.917  -68.437  -2.566 0.1000000015
12994  35.356  -68.732  -2.997 0.1000000015
14114  33.607  -67.711  -1.671 0.1000000015
14130  32.603  -66.980  -2.552 0.1000000015
15262  31.720  -66.299  -3.192 0.1000000015
16437  31.370  -65.691  -3.393 0.1000000015
16445  31.248  -65.634  -4.095 0.1000000015
17604  29.844  -64.708  -4.841 0.1000000015
17605  29.379  -64.005  -4.568 0.1000000015
18903  28.627  -62.694  -4.856 0.1000000015
22982  28.872  -60.219  -5.165 0.1000000015
21627  28.078  -61.451  -6.014 0.1000000015
24298  30.640  -59.204  -5.420 0.1000000015
24299  29.578  -59.727  -5.717 0.1000000015
22986  28.853  -60.214  -6.076 0.1000000015
24297  31.761  -59.085  -5.574 0.1000000015
24327  33.935  -59.686  -8.358 0.1000000015
23029  33.987  -60.524  -8.144 0.1000000015
12958  36.944  -68.802  -1.339 0.1000000015
12960  35.099  -68.467  -1.513 0.1000000015
12959  36.142  -68.646  -1.500 0.1000000015
15232  33.076  -67.002  -1.430 0.1000000015
12961  34.266  -68.424  -1.831 0.1000000015
14115  32.897  -67.276  -2.008 0.1000000015
15233  32.568  -66.603  -1.721 0.1000000015
15251  31.852  -66.247  -2.593 0.1000000015
16428  31.510  -65.597  -2.401 0.1000000015
16429  31.154  -65.131  -2.832 0.1000000015
17595  30.061  -64.218  -3.766 0.1000000015
20242  28.995  -62.445  -3.813 0.1000000015
17596  29.477  -63.605  -4.025 0.1000000015
22977  29.176  -60.220  -4.077 0.1000000015
21610  29.079  -61.108  -3.416 0.1000000015
20236  28.838  -61.783  -3.757 0.1000000015
25516  31.335  -58.777  -5.151 0.1000000015
25507  30.911  -58.814  -4.827 0.1000000015
21616  28.547  -61.426  -4.853 0.1000000015
24304  32.920  -58.845  -6.261 0.1000000015
25515  31.950  -58.482  -5.216 0.1000000015
14097  35.973  -67.525  -0.532 0.1000000015
14098  34.943  -67.724  -0.759 0.1000000015
15212  34.433  -67.030  -0.612 0.1000000015
15214  32.977  -66.432  -1.083 0.1000000015
16413  32.194  -66.089  -1.760 0.1000000015
16393  32.004  -65.262  -1.083 0.1000000015
17587  31.273  -64.920  -2.280 0.1000000015
17588  30.739  -64.367  -2.464 0.1000000015
18889  30.104  -63.561  -2.804 0.1000000015
20223  29.668  -62.187  -2.630 0.1000000015
20235  29.316  -61.976  -3.308 0.1000000015
22967  29.696  -60.310  -3.077 0.1000000015
21600  29.667  -61.249  -2.755 0.1000000015
24280  29.862  -59.459  -4.142 0.1000000015
24296  32.489  -58.815  -5.615 0.1000000015
24318  33.418  -59.370  -7.274 0.1000000015
24336  34.232  -59.438  -9.163 0.1000000015
15211  35.300  -66.793  -0.545 0.1000000015
16412  34.206  -65.302  -0.747 0.1000000015
16391  33.503  -65.802  -0.759 0.1000000015
17550  33.775  -65.130  -0.736 0.1000000015
17571  31.677  -64.579  -1.375 0.1000000015
17572  31.054  -63.729  -1.590 0.1000000015
18877  30.468  -63.204  -1.983 0.1000000015
18878  29.912  -62.890  -2.522 0.1000000015
24279  30.447  -58.962  -3.780 0.1000000015
24266  30.433  -59.500  -2.989 0.1000000015
25506  31.457  -58.525  -4.664 0.1000000015
25547  33.264  -58.369  -8.129 0.1000000015
25558  33.687  -58.658  -9.237 0.1000000015
17569  34.248  -64.466  -1.027 0.1000000015
17551  33.198  -65.051  -0.743 0.1000000015
17570  32.995  -64.263  -0.939 0.1000000015
18854  32.776  -63.434  -1.205 0.1000000015
18855  31.790  -63.293  -1.304 0.1000000015
18856  31.113  -63.000  -1.475 0.1000000015
20222  30.303  -62.287  -2.180 0.1000000015
21599  30.148  -61.535  -2.298 0.1000000015
25536  33.243  -58.139  -7.039 0.1000000015
25493  30.847  -58.662  -4.328 0.1000000015
18853  33.949  -63.443  -1.287 0.1000000015
21576  33.442  -61.750  -1.594 0.1000000015
20200  33.681  -62.592  -1.442 0.1000000015
22964  32.958  -60.035  -1.941 0.1000000015
22945  32.224  -60.866  -1.771 0.1000000015
20201  32.642  -62.519  -1.400 0.1000000015
24264  32.675  -59.196  -2.391 0.1000000015
21579  30.789  -61.515  -1.958 0.1000000015
22966  30.569  -60.461  -2.269 0.1000000015
25525  32.838  -57.959  -6.294 0.1000000015
25513  32.691  -57.839  -5.734 0.1000000015
24295  32.625  -58.424  -5.762 0.1000000015
25492  31.408  -58.410  -3.914 0.1000000015
24278  31.014  -58.804  -3.206 0.1000000015
26671  32.902  -57.893  -8.406 0.1000000015
25505  32.249  -57.974  -4.618 0.1000000015
22946  31.356  -60.880  -1.827 0.1000000015
21577  32.463  -61.678  -1.590 0.1000000015
25475  32.493  -58.329  -2.867 0.1000000015
22965  31.834  -60.058  -1.999 0.1000000015
26601  32.634  -57.629  -4.256 0.1000000015
25476  31.687  -58.401  -3.160 0.1000000015
24265  31.460  -59.158  -2.544 0.1000000015
14271  28.311  -67.746  -14.036 0.1000000015
16541  27.722  -65.358  -13.451 0.1000000015
20414  32.349  -62.285  -15.870 0.1000000015
17716  27.624  -64.391  -13.868 0.1000000015
20395  32.784  -62.086  -15.042 0.1000000015
20399  28.658  -62.288  -14.192 0.1000000015
20418  28.232  -62.812  -15.116 0.1000000015
20429  28.718  -62.859  -15.815 0.1000000015
20419  27.835  -63.110  -14.786 0.1000000015
6846  31.399  -74.047  -11.244 0.1000000015
14264  26.905  -66.713  -13.712 0.1000000015
14262  28.456  -67.268  -13.614 0.1000000015
17729  26.974  -64.419  -14.786 0.1000000015
14252  30.730  -67.686  -12.412 0.1000000015
14260  30.339  -67.039  -13.053 0.1000000015
21759  31.037  -61.445  -14.292 0.1000000015
8781  31.951  -72.496  -10.042 0.1000000015
8780  32.323  -72.773  -9.480 0.1000000015
9751  31.188  -71.303  -10.178 0.1000000015
11923  30.724  -69.762  -10.717 0.1000000015
11922  31.007  -69.916  -11.353 0.1000000015
11905  30.597  -69.920  -9.719 0.1000000015
13079  30.810  -68.900  -10.909 0.1000000015
15372  29.996  -66.573  -11.561 0.1000000015
19035  27.857  -63.769  -13.577 0.1000000015
21742  29.866  -61.063  -13.483 0.1000000015
13054  30.710  -69.053  -9.141 0.1000000015
14203  30.193  -67.766  -9.657 0.1000000015
8766  33.188  -72.495  -8.129 0.1000000015
19019  28.323  -63.330  -12.326 0.1000000015
10725  32.248  -70.677  -7.557 0.1000000015
7700  32.806  -73.734  -5.922 0.1000000015
9724  33.011  -71.425  -7.447 0.1000000015
10732  32.491  -71.179  -7.754 0.1000000015
14185  30.325  -68.233  -8.808 0.1000000015
9709  35.064  -71.825  -6.483 0.1000000015
13045  31.256  -69.369  -7.486 0.1000000015
11871  32.146  -69.807  -6.685 0.1000000015
14175  29.558  -67.089  -8.167 0.1000000015
15324  28.749  -66.109  -8.244 0.1000000015
21690  28.400  -61.740  -10.816 0.1000000015
21687  32.389  -61.178  -10.292 0.1000000015
11860  33.627  -70.053  -5.324 0.1000000015
11870  32.928  -70.233  -6.268 0.1000000015
9695  35.425  -71.417  -6.018 0.1000000015
9696  34.875  -71.342  -6.159 0.1000000015
14168  30.785  -67.657  -6.561 0.1000000015
15294  30.169  -66.646  -6.370 0.1000000015
17670  28.163  -64.464  -8.250 0.1000000015
23048  30.769  -60.621  -9.366 0.1000000015
21676  33.216  -61.734  -9.551 0.1000000015
10705  35.366  -71.286  -5.517 0.1000000015
13012  32.685  -68.138  -4.913 0.1000000015
14160  31.672  -67.454  -5.509 0.1000000015
15285  29.791  -65.921  -5.772 0.1000000015
17631  28.518  -64.460  -6.544 0.1000000015
20308  27.593  -62.316  -9.204 0.1000000015
20284  27.739  -63.009  -7.823 0.1000000015
23046  32.453  -61.148  -8.947 0.1000000015
21662  33.305  -62.172  -8.768 0.1000000015
11836  35.556  -69.254  -3.582 0.1000000015
15271  32.179  -66.786  -3.656 0.1000000015
16453  30.053  -65.400  -5.236 0.1000000015
20283  27.882  -62.729  -6.994 0.1000000015
20263  27.967  -62.336  -5.993 0.1000000015
23034  28.657  -60.840  -8.196 0.1000000015
23016  29.182  -60.402  -7.653 0.1000000015
20307  32.967  -62.275  -7.511 0.1000000015
20306  33.408  -62.501  -8.134 0.1000000015
18949  34.163  -63.101  -7.579 0.1000000015
11835  36.713  -69.549  -3.680 0.1000000015
14137  33.070  -67.829  -3.852 0.1000000015
17616  29.073  -64.489  -5.502 0.1000000015
18915  28.570  -63.261  -5.388 0.1000000015
23014  31.368  -60.594  -7.685 0.1000000015
20282  32.814  -62.354  -6.964 0.1000000015
20261  33.056  -62.217  -6.709 0.1000000015
21640  34.707  -62.291  -7.632 0.1000000015
16438  30.860  -65.071  -3.520 0.1000000015
18902  28.960  -63.153  -4.390 0.1000000015
22996  31.075  -60.154  -6.993 0.1000000015
22997  29.855  -60.137  -7.012 0.1000000015
24308  29.488  -60.014  -6.399 0.1000000015
22983  28.531  -60.895  -5.173 0.1000000015
21626  31.939  -60.949  -7.003 0.1000000015
21642  33.504  -61.182  -6.989 0.1000000015
20262  32.718  -62.044  -6.798 0.1000000015
21641  34.081  -61.719  -7.285 0.1000000015
21611  28.525  -61.192  -4.079 0.1000000015
24288  30.375  -59.092  -4.544 0.1000000015
24289  29.634  -59.517  -4.832 0.1000000015
18890  29.454  -63.055  -3.344 0.1000000015
20203  30.959  -62.332  -1.750 0.1000000015
24332  40.753  -59.378  -8.826 0.3000000119
25545  40.657  -58.421  -8.158 0.3000000119
26668  40.599  -57.611  -7.384 0.3000000119
26657  40.536  -57.119  -7.180 0.4000000060
27722  40.780  -56.282  -6.728 0.4000000060
25535  41.012  -57.780  -7.295 0.3000000119
27721  41.252  -56.647  -6.581 0.4000000060
20335  38.764  -63.135  -11.090 0.1000000015
20343  40.183  -62.290  -11.073 0.1000000015
21682  42.201  -62.183  -10.548 0.2000000030
24331  43.715  -60.417  -9.737 0.3000000119
28815  41.309  -55.620  -8.186 0.4000000060
24333  40.242  -59.476  -9.398 0.3000000119
26679  44.202  -57.815  -8.864 0.4000000060
26666  43.613  -57.660  -8.199 0.4000000060
23054  43.059  -61.153  -10.021 0.2000000030
24330  43.948  -59.687  -9.719 0.3000000119
26680  43.627  -57.424  -9.133 0.4000000060
26681  42.716  -57.315  -9.236 0.4000000060
27746  41.563  -56.234  -8.439 0.4000000060
19004  38.383  -63.922  -11.619 0.1000000015
23074  42.877  -60.855  -10.792 0.3000000119
26695  42.542  -57.129  -10.069 0.4000000060
27758  41.863  -56.856  -9.474 0.4000000060
27759  40.861  -56.392  -9.456 0.4000000060
20345  38.364  -62.754  -11.823 0.1000000015
28816  40.911  -55.073  -8.141 0.5000000000
21692  42.311  -61.184  -10.790 0.2000000030
24341  43.606  -60.423  -10.331 0.3000000119
29830  40.318  -54.031  -8.498 0.4000000060
30805  40.699  -53.377  -8.476 0.4000000060
26693  44.293  -57.457  -10.457 0.4000000060
26694  43.295  -57.292  -10.157 0.4000000060
27747  40.862  -55.728  -8.765 0.5000000000
21720  38.630  -62.059  -12.666 0.2000000030
21695  39.725  -61.633  -11.751 0.2000000030
21694  40.782  -61.703  -11.693 0.2000000030
24358  43.515  -60.100  -11.420 0.2000000030
21693  41.841  -61.479  -11.223 0.2000000030
25564  44.448  -58.523  -10.618 0.3000000119
19030  37.961  -63.565  -13.418 0.1000000015
27775  43.776  -56.841  -11.105 0.4000000060
27777  42.140  -56.652  -10.592 0.4000000060
28828  40.398  -55.043  -9.002 0.5000000000
29848  39.761  -54.298  -9.023 0.5000000000
30806  40.043  -53.746  -8.741 0.4000000060
27776  42.949  -56.752  -10.826 0.4000000060
27778  41.149  -56.605  -10.447 0.4000000060
27761  39.692  -55.504  -9.873 0.5000000000
29861  39.305  -54.576  -9.850 0.5000000000
30819  39.558  -53.296  -9.227 0.4000000060
23092  42.915  -60.505  -11.651 0.2000000030
24340  44.146  -59.454  -10.976 0.4000000060
25581  44.353  -58.452  -11.728 0.2000000030
26709  44.587  -57.540  -11.535 0.3000000119
26708  44.719  -56.884  -11.500 0.3000000119
27779  40.044  -56.107  -10.436 0.5000000000
29849  39.109  -53.964  -9.665 0.5000000000
30818  40.185  -52.876  -9.040 0.4000000060
27791  45.019  -55.993  -12.118 0.4000000060
27793  43.329  -56.264  -11.623 0.4000000060
27795  41.619  -56.294  -11.480 0.4000000060
28845  39.338  -55.262  -10.410 0.5000000000
21716  41.857  -61.005  -12.078 0.2000000030
21718  40.210  -61.346  -12.560 0.2000000030
24366  43.232  -59.778  -12.600 0.2000000030
31837  39.695  -52.359  -9.376 0.4000000060
24365  43.721  -59.147  -12.585 0.2000000030
27792  44.160  -56.115  -11.801 0.3000000119
28858  42.198  -56.072  -11.813 0.4000000060
27796  40.668  -56.200  -11.341 0.4000000060
21737  38.770  -61.906  -13.436 0.2000000030
24367  42.575  -60.195  -12.702 0.2000000030
26716  44.630  -57.544  -12.523 0.3000000119
26715  45.073  -56.672  -12.447 0.4000000060
28855  44.568  -55.261  -11.927 0.3000000119
28859  39.825  -55.674  -11.508 0.5000000000
29862  38.589  -54.264  -10.527 0.5000000000
32944  40.906  -51.179  -10.288 0.4000000060
21736  39.710  -61.623  -13.518 0.2000000030
21717  41.264  -61.109  -12.511 0.2000000030
28873  42.818  -55.362  -12.677 0.4000000060
27807  41.250  -56.136  -12.064 0.4000000060
30820  38.660  -53.347  -10.013 0.5000000000
31838  38.520  -52.395  -9.824 0.4000000060
35295  42.456  -49.904  -12.153 0.4000000060
21756  38.956  -61.700  -14.370 0.2000000030
23101  41.610  -60.436  -13.084 0.2000000030
25585  43.667  -59.073  -12.861 0.2000000030
25584  44.099  -58.499  -12.786 0.2000000030
29869  44.669  -54.758  -12.276 0.4000000060
29872  39.409  -55.036  -11.781 0.5000000000
29874  37.919  -54.213  -11.404 0.5000000000
20412  38.559  -62.296  -15.295 0.2000000030
28854  45.096  -55.054  -12.340 0.4000000060
28856  43.706  -55.284  -12.030 0.3000000119
29885  40.001  -55.358  -12.034 0.5000000000
28860  39.188  -55.355  -11.155 0.5000000000
20424  38.846  -62.633  -16.216 0.2000000030
35265  40.589  -49.761  -10.944 0.4000000060
35281  41.767  -49.399  -11.803 0.2000000030
32945  40.137  -50.951  -10.308 0.4000000060
32931  39.124  -51.555  -9.723 0.4000000060
21734  41.091  -60.729  -13.188 0.2000000030
26727  45.010  -56.896  -13.147 0.4000000060
21735  40.493  -60.963  -13.547 0.2000000030
24375  42.915  -59.328  -13.270 0.2000000030
25595  43.929  -58.102  -13.374 0.2000000030
34092  39.586  -50.285  -10.323 0.4000000060
34073  38.801  -50.583  -9.922 0.4000000060
32932  38.063  -51.360  -9.982 0.4000000060
28874  41.801  -55.780  -12.357 0.3000000119
29888  38.041  -54.459  -12.272 0.5000000000
29863  37.827  -53.788  -10.910 0.5000000000
28887  45.723  -55.427  -13.578 0.4000000060
28872  43.470  -54.781  -12.845 0.4000000060
28890  42.028  -55.203  -13.240 0.3000000119
28892  40.403  -55.497  -13.073 0.4000000060
29882  45.185  -54.656  -12.944 0.4000000060
29904  38.432  -54.297  -12.972 0.5000000000
25597  42.482  -58.771  -13.522 0.2000000030
34093  39.058  -49.963  -10.009 0.4000000060
31849  37.339  -52.396  -10.553 0.5000000000
30826  37.469  -53.277  -10.946 0.5000000000
28891  41.026  -55.466  -13.170 0.4000000060
29886  39.685  -55.187  -12.539 0.5000000000
30833  37.526  -53.628  -11.397 0.5000000000
29903  39.160  -54.504  -13.194 0.5000000000
29902  40.114  -54.867  -13.587 0.5000000000
26656  40.941  -57.237  -6.903 0.4000000060
27745  42.274  -56.871  -8.378 0.4000000060
34091  40.499  -50.389  -10.675 0.4000000060
34072  39.548  -51.041  -10.072 0.4000000060
30841  37.440  -53.809  -12.127 0.5000000000
23024  42.374  -60.500  -8.040 0.3000000119
24324  42.053  -59.460  -8.001 0.3000000119
25534  41.617  -58.439  -7.626 0.2000000030
25523  41.511  -57.602  -7.144 0.2000000030
20275  41.823  -62.659  -7.736 0.2000000030
23010  42.892  -60.603  -7.682 0.3000000119
24315  43.533  -59.336  -7.688 0.3000000119
25532  43.215  -58.596  -7.438 0.3000000119
21637  43.271  -61.561  -7.762 0.2000000030
23008  43.774  -60.706  -8.088 0.2000000030
24322  43.749  -59.828  -8.207 0.2000000030
21681  42.610  -61.896  -10.289 0.2000000030
19081  39.545  -63.196  -17.163 0.1000000015
19098  39.718  -63.336  -17.910 0.1000000015
28932  41.338  -55.842  -15.426 0.1000000015
21670  40.483  -61.277  -9.421 0.1000000015
23040  40.832  -60.329  -9.165 0.2000000030
24325  41.293  -59.338  -8.471 0.2000000030
21657  41.596  -61.235  -8.647 0.2000000030
23025  41.692  -60.283  -8.680 0.2000000030
20301  40.010  -62.831  -8.484 0.1000000015
20276  41.104  -63.112  -7.328 0.1000000015
20299  41.521  -62.023  -8.519 0.2000000030
18967  40.606  -63.242  -7.885 0.1000000015
18928  41.182  -63.586  -6.825 0.1000000015
19045  38.108  -63.375  -14.764 0.1000000015
19082  38.871  -63.553  -16.647 0.1000000015
25598  41.560  -58.737  -13.571 0.1000000015
26745  42.161  -57.374  -14.176 0.1000000015
27839  42.482  -56.716  -14.604 0.1000000015
28929  44.321  -55.740  -15.620 0.1000000015
25599  40.608  -58.692  -13.701 0.1000000015
27863  42.962  -56.265  -15.238 0.1000000015
29964  44.649  -54.547  -16.427 0.1000000015
27864  42.090  -56.284  -15.140 0.1000000015
28980  43.518  -54.839  -16.952 0.1000000015
30911  43.742  -53.232  -16.879 0.1000000015
30007  43.897  -54.208  -18.053 0.1000000015
30935  42.968  -53.381  -17.931 0.1000000015
20321  41.068  -61.928  -9.085 0.2000000030
20300  40.960  -62.660  -8.337 0.1000000015
28905  45.633  -55.575  -14.219 0.1000000015
29899  43.071  -54.470  -13.844 0.3000000119
23102  40.938  -60.273  -13.583 0.1000000015
24377  41.278  -59.573  -13.523 0.1000000015
27860  44.826  -56.000  -14.804 0.1000000015
30863  45.063  -53.967  -14.805 0.2000000030
29918  43.446  -54.160  -14.671 0.3000000119
29921  40.765  -54.273  -14.341 0.3000000119
30868  39.673  -53.557  -14.654 0.3000000119
21767  40.427  -60.769  -14.822 0.1000000015
27837  44.191  -56.567  -14.629 0.1000000015
30909  45.441  -54.214  -16.053 0.1000000015
29943  44.049  -53.679  -15.231 0.2000000030
30867  41.102  -53.679  -14.996 0.3000000119
30910  44.571  -53.808  -16.573 0.1000000015
30889  43.139  -53.588  -15.730 0.2000000030
30891  40.539  -52.919  -15.757 0.3000000119
30912  42.336  -53.029  -17.050 0.2000000030
30953  43.130  -53.794  -18.778 0.1000000015
31927  41.409  -52.128  -17.351 0.3000000119
25570  34.729  -58.848  -10.382 0.1000000015
31860  37.155  -52.954  -11.711 0.4000000060
30851  37.662  -53.893  -13.079 0.4000000060
30849  39.387  -54.137  -13.799 0.4000000060
30850  38.589  -53.690  -13.785 0.4000000060
31894  39.350  -52.792  -15.207 0.4000000060
31895  38.618  -52.554  -14.849 0.4000000060
30892  39.807  -52.917  -15.320 0.4000000060
31913  39.691  -52.332  -15.645 0.5000000000
30914  40.860  -52.399  -16.552 0.3000000119
31912  40.314  -51.985  -16.307 0.5000000000
30954  42.543  -53.105  -18.870 0.2000000030
30936  42.417  -52.821  -18.196 0.1000000015
31928  40.822  -51.949  -16.760 0.4000000060
29990  41.767  -54.582  -18.208 0.1000000015
30030  42.140  -53.898  -19.834 0.1000000015
31961  42.485  -52.202  -18.980 0.2000000030
31926  42.015  -52.572  -17.917 0.2000000030
28960  40.134  -55.226  -16.567 0.1000000015
29991  40.869  -54.333  -18.191 0.1000000015
31978  42.438  -52.560  -19.627 0.2000000030
27888  38.813  -55.805  -15.961 0.1000000015
29969  40.014  -54.649  -17.317 0.1000000015
31850  36.570  -51.774  -10.961 0.4000000060
32946  37.330  -51.632  -10.073 0.3000000119
31861  36.604  -52.058  -11.602 0.4000000060
31881  37.518  -52.783  -13.729 0.4000000060
31870  37.069  -53.174  -12.793 0.4000000060
31896  37.967  -52.573  -14.336 0.4000000060
32986  36.708  -51.937  -13.531 0.4000000060
31914  39.119  -52.408  -15.349 0.4000000060
34158  39.006  -50.776  -15.387 0.4000000060
32999  38.312  -51.352  -14.985 0.4000000060
33017  39.772  -51.293  -15.940 0.5000000000
34170  39.980  -50.687  -16.566 0.4000000060
31944  42.045  -52.037  -18.316 0.3000000119
33030  41.215  -51.483  -17.554 0.4000000060
33031  40.614  -51.330  -17.010 0.4000000060
30012  39.997  -53.692  -18.480 0.2000000030
30974  41.139  -53.210  -19.681 0.2000000030
31962  42.230  -51.693  -18.808 0.2000000030
29970  39.077  -54.602  -17.378 0.1000000015
30011  40.757  -53.833  -18.773 0.2000000030
24406  36.442  -60.247  -16.060 0.1000000015
34111  36.021  -50.781  -10.932 0.4000000060
32947  36.599  -51.183  -10.511 0.4000000060
32973  36.067  -51.364  -12.474 0.4000000060
34133  37.213  -50.238  -13.851 0.4000000060
34134  36.524  -50.781  -13.393 0.4000000060
34145  37.693  -50.776  -14.450 0.4000000060
35331  38.851  -49.750  -15.487 0.4000000060
34144  38.351  -50.267  -14.894 0.4000000060
34157  39.449  -50.252  -16.003 0.3000000119
34169  40.478  -50.274  -17.131 0.4000000060
35345  39.948  -49.756  -16.557 0.4000000060
33057  42.345  -51.379  -19.433 0.3000000119
33044  41.620  -51.310  -18.349 0.3000000119
34182  41.073  -50.728  -17.705 0.4000000060
29993  39.114  -53.961  -18.094 0.2000000030
31945  39.556  -52.972  -18.477 0.2000000030
31980  41.329  -52.500  -19.895 0.2000000030
33067  42.443  -52.184  -20.018 0.2000000030
28962  38.463  -55.010  -16.694 0.2000000030
23160  35.421  -60.297  -18.330 0.1000000015
23142  36.152  -60.723  -17.561 0.1000000015
24407  35.537  -59.961  -16.050 0.1000000015
34094  35.921  -50.252  -10.558 0.4000000060
34075  36.699  -50.190  -10.065 0.3000000119
35297  35.626  -49.697  -12.089 0.4000000060
35296  36.118  -49.140  -12.731 0.4000000060
34125  36.076  -50.219  -12.686 0.4000000060
35307  37.254  -49.210  -13.894 0.4000000060
35308  36.686  -49.688  -13.288 0.4000000060
35319  38.289  -49.237  -14.970 0.4000000060
35320  37.830  -49.744  -14.336 0.4000000060
35330  39.446  -49.258  -15.969 0.4000000060
36465  38.854  -48.722  -15.487 0.3000000119
34192  42.233  -49.981  -19.334 0.3000000119
35356  41.792  -49.388  -18.393 0.3000000119
35344  40.668  -49.344  -16.915 0.3000000119
36483  40.143  -48.826  -16.361 0.3000000119
31965  39.710  -52.020  -18.825 0.2000000030
34205  41.498  -50.306  -19.575 0.3000000119
34204  42.067  -50.502  -19.616 0.2000000030
34181  41.587  -50.307  -18.459 0.3000000119
35357  41.147  -49.833  -17.655 0.3000000119
30938  39.099  -53.302  -18.059 0.2000000030
33069  41.247  -51.365  -19.839 0.2000000030
29971  38.108  -54.195  -17.053 0.2000000030
35245  38.465  -49.561  -9.839 0.3000000119
36381  37.950  -48.529  -9.509 0.3000000119
35246  37.300  -49.443  -9.589 0.3000000119
34074  37.744  -50.366  -9.842 0.3000000119
36418  35.368  -48.196  -10.963 0.3000000119
37596  35.995  -47.436  -12.514 0.4000000060
36427  35.769  -48.476  -12.000 0.4000000060
37609  36.453  -47.487  -13.246 0.4000000060
36440  36.690  -48.517  -13.434 0.4000000060
37624  37.834  -47.634  -14.427 0.3000000119
36455  37.771  -48.731  -14.468 0.4000000060
36439  37.314  -48.328  -14.026 0.4000000060
37667  42.477  -47.866  -17.605 0.3000000119
36481  41.588  -48.058  -17.196 0.2000000030
37651  41.092  -47.418  -16.484 0.2000000030
37634  39.741  -47.324  -15.741 0.2000000030
36464  39.586  -48.284  -15.835 0.3000000119
36454  38.345  -48.225  -14.935 0.3000000119
36508  42.862  -48.553  -19.185 0.3000000119
36496  42.001  -48.573  -18.012 0.3000000119
36497  41.271  -48.904  -17.493 0.2000000030
36482  40.950  -48.461  -16.607 0.2000000030
33047  38.814  -51.507  -17.739 0.2000000030
34194  40.900  -49.963  -19.230 0.3000000119
35375  42.285  -49.499  -19.369 0.3000000119
36402  39.550  -48.994  -10.533 0.3000000119
35266  39.972  -49.507  -10.669 0.3000000119
35267  39.268  -49.469  -10.275 0.3000000119
38719  36.861  -46.639  -13.553 0.3000000119
39902  40.435  -45.538  -15.805 0.2000000030
39903  39.743  -45.743  -15.399 0.2000000030
38734  38.374  -46.583  -14.661 0.2000000030
38735  37.558  -46.649  -14.088 0.2000000030
38758  42.317  -46.367  -16.894 0.2000000030
38760  40.683  -46.453  -16.274 0.2000000030
38744  40.040  -46.452  -15.727 0.2000000030
38745  39.139  -46.489  -15.291 0.2000000030
35282  40.995  -49.531  -11.334 0.2000000030
27867  38.021  -56.461  -15.615 0.1000000015
27889  38.395  -55.638  -16.286 0.1000000015
34183  39.761  -50.003  -17.956 0.3000000119
30939  38.335  -53.108  -17.484 0.2000000030
26642  41.490  -57.211  -6.667 0.3000000119
26655  42.010  -57.862  -7.417 0.3000000119
24317  42.215  -58.992  -7.592 0.3000000119
23022  43.845  -60.378  -8.636 0.2000000030
25544  41.378  -58.905  -8.050 0.2000000030
26728  44.454  -57.353  -13.589 0.1000000015
29898  43.953  -54.263  -13.472 0.3000000119
35283  40.422  -49.237  -10.995 0.3000000119
26743  43.891  -57.135  -14.228 0.1000000015
32933  37.175  -51.012  -9.833 0.3000000119
30847  45.297  -54.215  -13.955 0.3000000119
29901  41.312  -54.826  -13.825 0.2000000030
29897  44.976  -54.071  -13.659 0.2000000030
21639  42.008  -61.756  -8.253 0.2000000030
24323  42.612  -60.010  -7.793 0.3000000119
21638  42.507  -61.578  -7.840 0.1000000015
23009  43.423  -60.385  -7.843 0.2000000030
28931  42.493  -55.674  -15.722 0.1000000015
21669  41.155  -61.191  -9.093 0.2000000030
24378  40.587  -59.580  -13.936 0.1000000015
26732  40.928  -57.663  -13.732 0.1000000015
26744  43.061  -57.266  -14.188 0.1000000015
28954  45.357  -55.199  -15.516 0.1000000015
28956  44.023  -55.211  -16.411 0.1000000015
29965  43.949  -54.608  -16.918 0.1000000015
28927  45.603  -55.320  -14.921 0.2000000030
29920  41.689  -54.235  -14.410 0.3000000119
30888  44.399  -53.398  -15.821 0.2000000030
30865  42.807  -54.112  -15.043 0.3000000119
30869  38.748  -53.243  -14.436 0.4000000060
30890  41.780  -53.260  -15.809 0.3000000119
33000  37.596  -51.916  -14.398 0.4000000060
30010  41.705  -54.029  -19.190 0.2000000030
30973  41.746  -53.447  -19.914 0.2000000030
32963  35.769  -50.812  -11.723 0.4000000060
33001  37.075  -51.810  -14.032 0.4000000060
31963  40.804  -52.921  -19.561 0.2000000030
34095  35.608  -49.821  -10.891 0.4000000060
33068  42.198  -51.737  -20.077 0.2000000030
33070  40.613  -51.833  -19.568 0.2000000030
35269  35.635  -49.241  -10.442 0.4000000060
35247  36.268  -49.202  -9.861 0.4000000060
35284  35.521  -49.312  -11.307 0.4000000060
36495  42.791  -48.415  -18.529 0.3000000119
33046  39.592  -50.942  -18.256 0.2000000030
33058  40.807  -50.686  -19.490 0.2000000030
36383  35.929  -48.328  -9.588 0.4000000060
37608  37.106  -47.538  -13.814 0.4000000060
37635  38.944  -47.632  -15.352 0.2000000030
37666  43.427  -47.492  -18.002 0.2000000030
37649  42.760  -47.119  -17.258 0.2000000030
38759  41.488  -46.480  -16.551 0.2000000030
37652  40.333  -47.921  -16.185 0.2000000030
35248  35.786  -48.776  -9.982 0.3000000119
36382  36.794  -48.472  -9.356 0.2000000030
37553  35.467  -47.379  -9.488 0.3000000119
36380  39.088  -48.566  -10.178 0.2000000030
37550  38.586  -47.580  -9.567 0.2000000030
21655  43.508  -62.011  -8.228 0.1000000015
18964  42.753  -63.530  -8.070 0.1000000015
20297  42.610  -62.896  -8.345 0.1000000015
23042  39.193  -61.087  -10.004 0.1000000015
21667  43.579  -61.143  -8.819 0.1000000015
20331  42.198  -62.718  -9.850 0.1000000015
23038  43.459  -60.922  -9.575 0.1000000015
21668  43.039  -61.795  -9.245 0.1000000015
35280  42.415  -49.196  -12.284 0.1000000015
36416  40.971  -48.566  -11.379 0.1000000015
38690  41.187  -46.878  -11.198 0.1000000015
37567  40.604  -47.694  -11.156 0.1000000015
36401  40.071  -48.469  -10.759 0.1000000015
37568  40.103  -47.497  -10.589 0.1000000015
37549  39.509  -47.699  -10.186 0.1000000015
38675  39.792  -46.899  -10.337 0.1000000015
37551  37.347  -47.399  -9.109 0.1000000015
37552  36.236  -47.639  -9.080 0.2000000030
38659  37.445  -46.664  -8.752 0.1000000015
38636  37.658  -46.140  -8.529 0.2000000030
37586  35.280  -47.239  -10.956 0.2000000030
38637  36.909  -46.328  -8.470 0.2000000030
37535  35.842  -46.925  -8.950 0.2000000030
38639  35.360  -46.357  -8.961 0.2000000030
39779  36.236  -44.933  -7.874 0.2000000030
38638  36.018  -46.263  -8.541 0.2000000030
38660  35.063  -46.504  -9.794 0.2000000030
38691  35.421  -46.671  -11.245 0.2000000030
38705  35.873  -46.531  -12.281 0.2000000030
38720  36.352  -46.635  -12.915 0.2000000030
39877  37.424  -45.679  -13.558 0.1000000015
39778  36.962  -45.041  -7.764 0.2000000030
38676  35.218  -46.556  -10.643 0.2000000030
39851  35.515  -45.830  -11.268 0.2000000030
39864  36.392  -45.748  -12.550 0.1000000015
41034  36.185  -44.707  -12.099 0.1000000015
39878  36.813  -46.033  -13.093 0.1000000015
36400  40.489  -48.225  -11.169 0.1000000015
36414  42.773  -48.538  -12.527 0.1000000015
37585  41.536  -47.711  -11.561 0.1000000015
38689  42.124  -46.920  -11.586 0.1000000015
38674  40.482  -46.731  -10.628 0.1000000015
39835  39.970  -46.153  -10.131 0.1000000015
37533  37.041  -46.829  -8.792 0.2000000030
39818  35.171  -45.463  -9.375 0.2000000030
35368  40.408  -49.474  -18.495 0.2000000030
35376  42.079  -49.574  -19.516 0.2000000030
36522  41.945  -48.860  -19.503 0.2000000030
35358  39.788  -49.169  -17.886 0.2000000030
36510  40.780  -48.597  -18.612 0.2000000030
36507  43.550  -47.884  -19.356 0.2000000030
36509  41.489  -48.233  -19.111 0.2000000030
36521  42.736  -48.502  -19.467 0.2000000030
37682  40.158  -47.929  -18.096 0.2000000030
36494  43.568  -47.889  -18.901 0.2000000030
37693  43.228  -47.550  -19.611 0.1000000015
37680  41.843  -47.393  -18.977 0.2000000030
36520  43.442  -47.779  -19.571 0.2000000030
37665  44.082  -47.375  -18.667 0.2000000030
38795  42.415  -46.612  -18.943 0.1000000015
38794  43.034  -46.822  -19.489 0.1000000015
37706  44.606  -46.627  -19.915 0.1000000015
39935  40.562  -45.645  -17.951 0.1000000015
39936  39.823  -45.292  -17.423 0.1000000015
39800  38.295  -45.438  -8.435 0.1000000015
38776  44.185  -46.591  -18.283 0.1000000015
39964  43.970  -45.558  -19.977 0.1000000015
38792  45.010  -46.651  -18.804 0.1000000015
39952  42.180  -45.607  -18.577 0.1000000015
39951  43.127  -45.795  -19.357 0.1000000015
41104  40.418  -44.505  -17.569 0.1000000015
41124  41.744  -44.582  -18.323 0.1000000015
42278  39.318  -43.814  -17.256 0.1000000015
40957  36.624  -44.299  -7.668 0.1000000015
42147  38.121  -43.633  -7.564 0.1000000015
40956  37.474  -44.394  -7.658 0.1000000015
39916  41.031  -45.780  -16.367 0.1000000015
38777  43.249  -46.341  -17.351 0.1000000015
39961  45.341  -46.007  -19.358 0.1000000015
39932  44.607  -45.797  -18.344 0.1000000015
41123  42.639  -44.631  -19.051 0.1000000015
42276  41.014  -43.541  -17.437 0.1000000015
42275  41.641  -43.576  -17.952 0.1000000015
42148  37.090  -43.533  -7.398 0.1000000015
39803  35.571  -45.251  -8.363 0.1000000015
41082  42.733  -44.411  -16.975 0.1000000015
39901  41.075  -45.006  -16.110 0.1000000015
42273  43.483  -43.349  -17.980 0.1000000015
41081  43.378  -44.769  -17.453 0.1000000015
39934  43.202  -45.612  -17.231 0.1000000015
39914  42.652  -45.435  -16.817 0.1000000015
42285  44.562  -43.558  -19.085 0.1000000015
41100  44.243  -45.085  -18.914 0.1000000015
43371  44.020  -42.610  -19.384 0.1000000015
42298  44.296  -43.703  -19.614 0.1000000015
41138  43.562  -44.630  -19.562 0.1000000015
41136  44.342  -44.690  -19.672 0.1000000015
44431  42.447  -41.475  -19.087 0.1000000015
43357  42.768  -42.653  -19.061 0.1000000015
42287  43.114  -43.641  -19.332 0.1000000015
43358  41.842  -42.476  -18.296 0.1000000015
42149  36.266  -43.506  -7.612 0.1000000015
40958  35.910  -44.312  -7.913 0.1000000015
44430  43.933  -41.537  -19.081 0.1000000015
43356  44.288  -42.583  -19.053 0.1000000015
44448  43.381  -42.016  -19.301 0.1000000015
41070  39.927  -44.937  -15.244 0.1000000015
37681  40.876  -47.471  -18.501 0.1000000015
38778  40.540  -46.598  -18.098 0.1000000015
42288  42.332  -43.584  -18.637 0.1000000015
43347  41.521  -42.981  -17.575 0.1000000015
41083  41.784  -44.519  -16.334 0.1000000015
27909  32.500  -56.847  -17.006 0.1000000015
28939  31.801  -55.587  -15.758 0.1000000015
27910  31.912  -56.244  -17.338 0.1000000015
26820  33.430  -57.497  -18.423 0.1000000015
27939  33.632  -56.976  -19.725 0.1000000015
27959  34.134  -56.484  -21.428 0.1000000015
29045  34.482  -55.848  -22.336 0.1000000015
27890  32.452  -56.796  -16.139 0.1000000015
27871  32.277  -56.214  -15.805 0.1000000015
26839  33.178  -57.242  -19.013 0.1000000015
26838  33.810  -57.513  -19.227 0.1000000015
29926  31.718  -54.722  -15.306 0.1000000015
29925  32.213  -54.758  -14.609 0.1000000015
27848  32.982  -56.527  -14.877 0.1000000015
26764  32.742  -57.179  -15.879 0.1000000015
26805  33.087  -57.527  -17.494 0.1000000015
28963  31.542  -55.565  -16.647 0.1000000015
29923  34.118  -54.525  -14.459 0.1000000015
28912  33.774  -55.610  -14.438 0.1000000015
29947  31.337  -54.801  -16.116 0.1000000015
31900  32.022  -52.951  -14.722 0.1000000015
33005  32.085  -51.867  -14.823 0.1000000015
31917  31.279  -52.981  -16.137 0.1000000015
31901  31.572  -53.063  -15.304 0.1000000015
33022  31.611  -52.271  -15.586 0.1000000015
28913  32.693  -55.864  -14.609 0.1000000015
27974  34.316  -56.219  -23.246 0.1000000015
6812  31.050  -74.264  -9.486 0.1000000015
6813  30.719  -74.148  -9.816 0.1000000015
6828  30.948  -74.087  -10.736 0.1000000015
7698  34.038  -73.347  -6.126 0.1000000015
7701  32.306  -73.514  -5.951 0.1000000015
7719  34.195  -73.160  -6.258 0.1000000015
7720  33.760  -73.305  -6.529 0.1000000015
7829  32.007  -73.455  -11.307 0.1000000015
7830  31.673  -73.711  -11.009 0.1000000015
8668  35.400  -72.527  -3.612 0.1000000015
9708  35.577  -71.791  -6.150 0.1000000015
9710  34.233  -71.588  -6.604 0.1000000015
9733  33.460  -72.199  -7.956 0.1000000015
9743  31.102  -71.196  -9.844 0.1000000015
10687  37.228  -70.258  -3.770 0.1000000015
10695  37.178  -70.174  -3.996 0.1000000015
10716  32.950  -70.975  -6.845 0.1000000015
10733  31.895  -70.930  -8.142 0.1000000015
11824  36.262  -69.257  -2.984 0.1000000015
11847  37.092  -69.951  -4.062 0.1000000015
11889  31.363  -70.247  -8.138 0.1000000015
12941  35.694  -68.222  -0.884 0.1000000015
13099  30.912  -68.788  -11.558 0.1000000015
13100  30.750  -68.467  -11.175 0.1000000015
13143  28.590  -67.800  -13.968 0.1000000015
14099  34.097  -67.547  -0.861 0.1000000015
14113  34.342  -68.055  -1.246 0.1000000015
15213  33.617  -66.861  -0.814 0.1000000015
15250  32.208  -66.438  -2.296 0.1000000015
15261  32.199  -66.658  -2.965 0.1000000015
15310  28.631  -65.896  -7.793 0.1000000015
15356  30.488  -67.661  -11.162 0.1000000015
15389  30.113  -66.624  -12.738 0.1000000015
15393  27.257  -66.224  -13.575 0.1000000015
16392  32.524  -65.764  -1.095 0.1000000015
16414  31.898  -65.578  -1.593 0.1000000015
16427  31.899  -66.014  -2.119 0.1000000015
16462  29.247  -65.367  -6.105 0.1000000015
16535  28.977  -66.022  -12.607 0.1000000015
16539  29.164  -65.326  -12.653 0.1000000015
17552  32.369  -64.981  -0.802 0.1000000015
17655  27.987  -64.241  -8.020 0.1000000015
17685  27.740  -63.894  -8.654 0.1000000015
17698  29.243  -65.167  -11.516 0.1000000015
17712  37.983  -63.951  -13.813 0.1000000015
18940  42.755  -63.373  -7.902 0.1000000015
18942  40.709  -63.586  -7.228 0.1000000015
18951  27.827  -63.858  -7.874 0.1000000015
19005  38.163  -63.471  -12.206 0.1000000015
19010  27.982  -63.211  -11.288 0.1000000015
19014  38.245  -64.106  -12.578 0.1000000015
19015  38.089  -63.519  -12.764 0.1000000015
19033  34.885  -62.789  -13.650 0.1000000015
19064  38.350  -63.474  -15.742 0.2000000030
19099  39.156  -63.982  -17.270 0.1000000015
20202  31.734  -62.402  -1.484 0.1000000015
20243  28.679  -62.133  -4.423 0.1000000015
20251  28.254  -61.827  -5.549 0.1000000015
20259  41.085  -63.304  -6.919 0.1000000015
20264  28.163  -62.048  -5.633 0.1000000015
20298  42.484  -63.471  -8.355 0.1000000015
20309  27.622  -62.745  -8.583 0.1000000015
20318  42.562  -62.503  -9.454 0.1000000015
20320  41.348  -61.596  -8.833 0.2000000030
20327  27.847  -62.828  -9.854 0.1000000015
20330  42.513  -62.426  -9.926 0.2000000030
20339  27.858  -62.948  -11.229 0.1000000015
20341  41.861  -62.386  -10.591 0.2000000030
20344  39.245  -62.422  -11.375 0.1000000015
20346  37.928  -63.019  -12.374 0.1000000015
20350  27.947  -63.059  -11.481 0.1000000015
20359  38.229  -62.546  -12.526 0.2000000030
20360  37.962  -62.969  -12.937 0.1000000015
20375  38.223  -62.433  -13.188 0.1000000015
20376  37.882  -62.870  -13.464 0.1000000015
20391  38.081  -62.515  -14.082 0.2000000030
20392  37.772  -63.071  -13.751 0.1000000015
20400  28.063  -62.873  -14.484 0.1000000015
20413  32.999  -62.546  -15.358 0.1000000015
20436  40.101  -62.651  -17.360 0.1000000015
21578  31.575  -61.612  -1.691 0.1000000015
21619  28.364  -61.447  -5.472 0.1000000015
21620  28.193  -61.633  -5.693 0.1000000015
21623  33.726  -61.921  -6.820 0.1000000015
21628  28.075  -61.847  -5.758 0.1000000015
21636  43.649  -60.988  -7.910 0.2000000030
21654  43.798  -61.191  -8.134 0.2000000030
21656  42.055  -61.067  -8.250 0.3000000119
21665  27.648  -62.366  -8.118 0.1000000015
21678  32.076  -61.118  -9.788 0.1000000015
21688  32.175  -61.211  -9.998 0.1000000015
21696  38.865  -61.913  -11.977 0.2000000030
21697  38.507  -62.274  -12.239 0.2000000030
21701  30.060  -60.596  -11.901 0.1000000015
21719  39.346  -61.723  -12.662 0.2000000030
21721  32.965  -61.541  -12.970 0.1000000015
21725  29.606  -61.084  -12.651 0.1000000015
21738  33.226  -61.624  -13.378 0.1000000015
21743  29.162  -61.599  -13.365 0.1000000015
21754  40.343  -60.965  -14.489 0.1000000015
21755  39.989  -61.462  -14.410 0.3000000119
21758  31.858  -61.373  -14.783 0.1000000015
21770  32.344  -61.737  -15.209 0.1000000015
21775  37.386  -60.980  -16.951 0.1000000015
21785  37.328  -61.088  -17.185 0.1000000015
22978  28.617  -60.745  -4.644 0.1000000015
22987  28.481  -60.795  -5.744 0.1000000015
23023  43.738  -60.344  -8.176 0.2000000030
23026  41.139  -59.823  -8.812 0.2000000030
23039  41.338  -60.752  -8.934 0.2000000030
23055  39.333  -60.026  -10.179 0.4000000060
23060  32.079  -61.020  -10.303 0.1000000015
23075  42.381  -60.860  -11.243 0.2000000030
23093  42.387  -60.657  -12.106 0.2000000030
23094  41.895  -60.763  -12.517 0.2000000030
23100  42.196  -60.411  -12.757 0.2000000030
23111  40.570  -60.368  -14.341 0.1000000015
23123  40.453  -61.313  -17.109 0.1000000015
23127  36.705  -60.771  -16.753 0.1000000015
23128  35.834  -60.512  -16.715 0.1000000015
23138  40.363  -61.174  -17.446 0.1000000015
24267  29.884  -59.665  -3.580 0.1000000015
24314  43.947  -59.128  -8.127 0.5000000000
24316  42.830  -59.515  -7.466 0.3000000119
24321  44.070  -59.357  -8.752 0.2000000030
24357  43.860  -59.234  -12.019 0.2000000030
24376  42.269  -59.708  -13.188 0.2000000030
24391  36.465  -58.811  -14.930 0.2000000030
25514  32.462  -58.144  -5.383 0.1000000015
25524  41.187  -57.402  -6.952 0.3000000119
25533  42.413  -58.508  -7.495 0.3000000119
25565  39.360  -59.019  -10.005 0.3000000119
25596  43.402  -58.718  -13.320 0.2000000030
25612  34.985  -58.011  -14.862 0.1000000015
25615  36.095  -58.587  -15.018 0.2000000030
26615  32.893  -57.519  -4.589 0.1000000015
26640  42.340  -57.326  -7.104 0.4000000060
26652  43.869  -58.188  -7.807 0.4000000060
26692  44.538  -57.063  -11.130 0.3000000119
26729  43.598  -57.763  -13.746 0.1000000015
26730  42.771  -57.986  -13.792 0.1000000015
26731  41.898  -58.013  -13.821 0.1000000015
26742  44.385  -56.853  -14.213 0.1000000015
26746  41.549  -57.441  -14.045 0.1000000015
26748  38.201  -57.583  -14.588 0.1000000015
26761  36.980  -56.883  -15.300 0.2000000030
27719  42.391  -57.103  -6.902 0.4000000060
27735  40.729  -56.795  -6.826 0.4000000060
27748  39.743  -56.624  -7.810 0.4000000060
27760  40.106  -55.765  -9.525 0.5000000000
27774  44.495  -56.742  -11.369 0.3000000119
27780  39.733  -55.735  -10.034 0.5000000000
27784  33.635  -56.775  -10.002 0.1000000015
27794  42.527  -56.347  -11.412 0.4000000060
27806  45.771  -55.974  -12.781 0.4000000060
27808  41.000  -56.233  -11.837 0.4000000060
27821  45.503  -56.230  -13.536 0.4000000060
27822  45.004  -56.690  -13.656 0.1000000015
27835  45.405  -55.955  -14.173 0.1000000015
27836  44.905  -56.314  -14.335 0.1000000015
27838  43.407  -56.648  -14.637 0.1000000015
27844  36.321  -55.895  -15.099 0.2000000030
27861  44.534  -56.091  -14.970 0.1000000015
27862  43.833  -56.233  -15.211 0.1000000015
27870  32.728  -56.621  -15.403 0.1000000015
27891  32.059  -56.212  -16.432 0.1000000015
27921  32.673  -56.843  -18.146 0.1000000015
27938  34.204  -57.358  -19.880 0.1000000015
28807  31.844  -54.410  -7.282 0.1000000015
28829  39.722  -55.106  -9.582 0.5000000000
28833  34.109  -55.625  -10.001 0.1000000015
28844  39.527  -55.689  -10.880 0.5000000000
28846  38.854  -54.874  -10.803 0.5000000000
28847  33.979  -56.084  -10.234 0.1000000015
28857  42.768  -55.910  -12.038 0.4000000060
28861  38.938  -55.125  -10.927 0.5000000000
28871  45.528  -55.283  -12.854 0.4000000060
28875  40.546  -55.770  -12.316 0.5000000000
28876  40.092  -55.483  -12.957 0.4000000060
28888  43.347  -54.585  -13.355 0.3000000119
28889  42.861  -54.893  -13.332 0.3000000119
28906  45.341  -55.732  -14.553 0.1000000015
28914  32.167  -55.348  -15.116 0.1000000015
28928  45.009  -55.692  -15.104 0.1000000015
28930  43.454  -55.739  -15.820 0.1000000015
28937  36.297  -54.644  -15.250 0.2000000030
28938  32.366  -55.897  -15.350 0.1000000015
28955  44.892  -55.287  -15.959 0.1000000015
28957  43.046  -55.162  -16.522 0.1000000015
28961  39.177  -55.179  -16.553 0.1000000015
28981  43.118  -54.902  -17.297 0.1000000015
29744  31.638  -54.780  -3.145 0.1000000015
29814  41.483  -54.371  -7.197 0.5000000000
29820  31.756  -53.889  -7.256 0.1000000015
29847  40.458  -54.528  -8.540 0.4000000060
29854  33.353  -55.148  -9.107 0.1000000015
29868  44.965  -54.676  -12.533 0.4000000060
29870  44.298  -54.846  -12.003 0.4000000060
29871  39.800  -55.190  -11.921 0.5000000000
29873  38.699  -54.773  -11.400 0.5000000000
29883  44.674  -54.425  -12.837 0.4000000060
29884  44.137  -54.638  -12.495 0.4000000060
29887  38.939  -54.647  -12.336 0.5000000000
29896  45.535  -54.646  -13.667 0.3000000119
29900  42.252  -54.656  -13.859 0.3000000119
29915  45.786  -54.901  -14.499 0.2000000030
29916  44.961  -53.888  -14.276 0.2000000030
29917  44.484  -53.923  -14.589 0.2000000030
29919  42.558  -54.257  -14.463 0.3000000119
29941  45.580  -54.793  -15.391 0.2000000030
29942  44.477  -53.592  -15.234 0.2000000030
29946  35.888  -54.152  -15.126 0.1000000015
29963  45.293  -54.807  -15.938 0.1000000015
29987  44.137  -54.199  -17.290 0.1000000015
29988  43.620  -54.618  -17.665 0.1000000015
29992  39.943  -54.187  -18.083 0.2000000030
29994  38.646  -53.672  -17.673 0.2000000030
30013  39.622  -53.640  -18.331 0.2000000030
30029  42.471  -54.043  -19.495 0.1000000015
30741  31.296  -53.477  -4.914 0.1000000015
30774  31.695  -53.984  -6.654 0.1000000015
30825  37.965  -53.352  -10.499 0.5000000000
30848  45.142  -54.043  -14.193 0.3000000119
30862  45.415  -54.325  -14.381 0.3000000119
30864  44.781  -53.625  -15.253 0.2000000030
30866  42.189  -53.765  -15.005 0.3000000119
30870  35.309  -53.394  -14.946 0.2000000030
30873  32.521  -53.778  -14.398 0.1000000015
30874  31.838  -53.863  -14.921 0.1000000015
30886  45.413  -54.316  -15.160 0.2000000030
30887  45.144  -53.691  -15.681 0.2000000030
30895  31.469  -53.895  -15.724 0.1000000015
30913  41.351  -52.809  -16.526 0.3000000119
30915  37.508  -53.366  -17.065 0.2000000030
30916  36.996  -53.117  -16.723 0.2000000030
30934  43.921  -53.755  -17.813 0.1000000015
30937  39.477  -53.282  -18.331 0.2000000030
30952  43.649  -54.004  -18.348 0.1000000015
30955  41.190  -53.627  -19.456 0.2000000030
30956  40.594  -53.310  -19.128 0.2000000030
30957  39.860  -53.277  -18.573 0.2000000030
30958  39.419  -53.515  -18.259 0.2000000030
30971  42.784  -53.917  -19.364 0.2000000030
30972  42.442  -53.479  -19.582 0.1000000015
31620  30.833  -53.076  2.143 0.1000000015
31664  30.882  -52.302  0.585 0.1000000015
31780  41.497  -53.469  -6.651 0.5000000000
31839  37.766  -51.975  -10.001 0.3000000119
31848  38.134  -52.870  -10.225 0.5000000000
31871  36.646  -52.402  -12.582 0.4000000060
31880  38.249  -53.001  -14.265 0.4000000060
31882  36.895  -52.617  -13.216 0.4000000060
31898  33.817  -52.558  -14.215 0.2000000030
31929  37.448  -52.449  -17.002 0.3000000119
31943  42.275  -52.408  -18.380 0.2000000030
31946  39.175  -52.431  -18.229 0.2000000030
31964  40.260  -52.489  -19.145 0.2000000030
31979  42.203  -52.660  -20.055 0.2000000030
31981  40.852  -52.044  -19.701 0.2000000030
32773  31.115  -51.273  -0.479 0.1000000015
32847  31.110  -50.951  -4.225 0.1000000015
32866  31.026  -51.552  -4.704 0.1000000015
32927  42.658  -51.404  -9.549 0.5000000000
32941  42.969  -51.025  -10.355 0.4000000060
32961  41.881  -51.032  -10.994 0.4000000060
32962  36.068  -51.225  -11.415 0.4000000060
32974  35.811  -51.037  -11.943 0.4000000060
32985  37.180  -52.125  -13.960 0.4000000060
33002  34.876  -51.191  -14.603 0.2000000030
33006  31.751  -52.509  -15.038 0.1000000015
33016  40.182  -51.458  -16.410 0.5000000000
33018  39.014  -51.813  -15.451 0.4000000060
33032  40.107  -51.195  -16.473 0.4000000060
33033  38.237  -50.933  -16.979 0.3000000119
33035  36.796  -51.863  -16.266 0.3000000119
33045  41.132  -51.213  -17.634 0.4000000060
33056  42.509  -51.962  -19.763 0.2000000030
33059  40.263  -51.449  -19.066 0.2000000030
33060  39.483  -51.687  -18.456 0.2000000030
33856  33.451  -50.738  0.920 0.1000000015
33902  31.538  -50.772  -0.606 0.1000000015
34110  41.036  -50.205  -11.119 0.4000000060
34112  35.667  -50.345  -11.370 0.4000000060
34121  45.097  -49.351  -13.229 0.2000000030
34123  43.085  -50.193  -12.144 0.2000000030
34124  42.534  -50.322  -11.882 0.4000000060
34126  35.712  -50.599  -12.087 0.4000000060
34146  36.979  -51.245  -14.095 0.4000000060
34150  32.551  -51.149  -14.651 0.1000000015
34173  36.793  -50.835  -16.120 0.3000000119
34193  42.067  -50.562  -19.177 0.3000000119
34195  40.348  -50.454  -18.722 0.3000000119
34203  42.118  -49.989  -19.563 0.3000000119
35112  31.803  -49.821  -2.600 0.2000000030
35175  32.896  -48.810  -5.623 0.2000000030
35177  32.039  -49.553  -5.152 0.2000000030
35201  32.701  -49.406  -5.786 0.2000000030
35264  43.293  -49.709  -10.771 0.2000000030
35268  36.036  -49.774  -10.172 0.4000000060
35278  44.557  -49.334  -12.298 0.2000000030
35321  34.536  -49.693  -14.808 0.2000000030
35322  34.075  -49.900  -14.711 0.1000000015
35323  33.654  -50.179  -14.723 0.2000000030
35332  36.991  -48.732  -15.787 0.3000000119
35348  36.948  -49.801  -15.833 0.3000000119
35355  42.328  -48.958  -18.537 0.3000000119
35365  42.523  -49.356  -18.951 0.3000000119
35366  42.158  -49.963  -18.929 0.3000000119
35367  40.980  -49.319  -19.001 0.2000000030
35377  41.499  -49.533  -19.362 0.2000000030
36217  41.091  -48.639  -2.113 0.1000000015
36248  41.498  -48.470  -2.581 0.1000000015
36379  39.565  -48.254  -10.350 0.3000000119
36403  35.416  -48.270  -10.077 0.3000000119
36415  42.019  -48.540  -11.885 0.1000000015
36417  40.568  -48.955  -11.175 0.3000000119
36426  36.179  -48.212  -12.805 0.4000000060
36467  36.253  -48.038  -15.519 0.1000000015
36484  38.327  -47.876  -16.652 0.3000000119
36498  39.521  -48.325  -17.600 0.2000000030
36511  40.118  -48.699  -18.142 0.2000000030
36523  41.333  -48.930  -19.159 0.2000000030
37365  40.525  -48.171  -2.144 0.1000000015
37369  37.402  -48.167  -1.682 0.1000000015
37426  41.644  -47.700  -3.213 0.1000000015
37427  40.856  -47.434  -3.121 0.1000000015
37476  33.987  -47.842  -5.121 0.2000000030
37534  36.529  -46.910  -8.807 0.2000000030
37566  42.747  -47.431  -10.533 0.2000000030
37569  35.150  -47.389  -10.308 0.2000000030
37581  46.530  -47.617  -12.004 0.1000000015
37582  46.321  -47.545  -11.907 0.1000000015
37594  46.190  -47.711  -12.137 0.1000000015
37597  35.584  -47.285  -11.673 0.2000000030
37623  38.462  -47.420  -14.854 0.2000000030
37633  40.356  -47.123  -16.117 0.2000000030
37636  37.126  -46.940  -15.643 0.1000000015
37640  33.770  -47.529  -15.676 0.1000000015
37650  41.976  -47.233  -16.947 0.2000000030
37654  37.679  -47.219  -16.222 0.2000000030
37668  40.243  -47.150  -17.905 0.3000000119
37676  45.197  -46.693  -19.418 0.1000000015
37677  44.980  -46.991  -19.366 0.1000000015
37678  44.429  -47.443  -19.125 0.2000000030
37679  42.577  -47.340  -19.376 0.1000000015
37690  45.185  -46.499  -19.566 0.1000000015
37691  44.883  -46.620  -19.745 0.1000000015
37692  44.242  -47.104  -19.799 0.1000000015
37694  42.335  -48.051  -19.464 0.2000000030
37705  44.757  -46.439  -19.960 0.1000000015
38510  40.018  -47.078  -2.979 0.1000000015
38530  41.637  -47.215  -3.609 0.1000000015
38575  40.974  -46.007  -4.875 0.1000000015
38598  39.253  -46.248  -7.249 0.1000000015
38685  46.685  -47.528  -11.864 0.1000000015
38699  46.512  -47.653  -12.221 0.1000000015
38700  46.604  -47.752  -12.701 0.1000000015
38706  35.624  -46.408  -11.706 0.2000000030
38718  45.932  -48.923  -12.889 0.2000000030
38746  38.695  -47.020  -15.076 0.2000000030
38761  39.485  -45.774  -17.182 0.1000000015
38775  44.657  -46.352  -18.510 0.1000000015
38780  39.296  -46.858  -17.393 0.2000000030
38791  45.346  -46.688  -19.171 0.1000000015
38793  44.533  -47.098  -18.742 0.1000000015
38796  41.357  -46.405  -18.466 0.1000000015
38805  45.349  -46.408  -19.352 0.1000000015
38806  45.164  -46.165  -19.715 0.1000000015
38807  44.297  -46.241  -20.102 0.1000000015
38808  43.688  -46.555  -19.839 0.1000000015
38815  44.917  -46.212  -20.008 0.1000000015
38816  44.636  -46.272  -20.071 0.1000000015
39718  40.521  -45.925  -4.803 0.1000000015
39737  39.919  -45.518  -5.898 0.1000000015
39756  38.915  -45.828  -6.334 0.1000000015
39776  38.148  -45.099  -8.020 0.1000000015
39777  37.776  -45.099  -7.879 0.1000000015
39801  37.344  -45.646  -8.147 0.2000000030
39802  36.452  -45.600  -8.138 0.2000000030
39861  46.576  -46.636  -12.904 0.1000000015
39863  36.897  -45.440  -12.967 0.1000000015
39865  35.790  -45.730  -11.994 0.1000000015
39904  36.971  -45.766  -15.819 0.1000000015
39907  34.496  -45.481  -15.766 0.1000000015
39913  43.189  -45.158  -17.137 0.1000000015
39915  41.757  -45.590  -16.464 0.1000000015
39919  37.507  -45.504  -16.082 0.1000000015
39933  43.771  -45.550  -17.598 0.1000000015
39949  45.435  -46.313  -19.081 0.1000000015
39950  45.040  -45.752  -19.069 0.1000000015
39953  41.321  -45.439  -18.270 0.1000000015
39962  44.922  -45.551  -19.666 0.1000000015
39963  44.669  -45.573  -20.068 0.1000000015
39974  45.016  -45.865  -20.040 0.1000000015
39975  44.862  -45.987  -20.173 0.1000000015
40979  35.486  -44.200  -8.362 0.1000000015
41033  36.675  -45.129  -12.640 0.1000000015
41084  39.145  -44.439  -16.982 0.1000000015
41087  37.013  -44.893  -15.939 0.1000000015
41101  43.851  -44.556  -18.214 0.1000000015
41103  41.210  -44.264  -17.732 0.1000000015
41106  39.040  -44.068  -17.186 0.1000000015
41121  44.387  -44.685  -19.373 0.1000000015
41122  44.408  -44.199  -18.797 0.1000000015
41125  41.041  -44.933  -17.923 0.1000000015
41137  44.224  -44.606  -19.798 0.1000000015
42150  35.623  -43.521  -8.000 0.1000000015
42248  37.506  -43.921  -16.027 0.1000000015
42286  44.241  -43.383  -18.571 0.1000000015
42297  44.431  -43.767  -19.411 0.1000000015
42299  43.866  -43.618  -19.722 0.1000000015
43229  35.879  -42.840  -7.636 0.1000000015
43348  41.000  -42.446  -17.467 0.1000000015
43355  44.538  -43.234  -19.188 0.1000000015
43370  44.391  -43.143  -19.372 0.1000000015
43372  43.500  -42.880  -19.375 0.1000000015
44447  43.764  -41.648  -19.209 0.1000000015
132768  44.794  -49.158  -12.503 0.2000000030
132769  45.067  -49.201  -12.752 0.1000000015
132771  44.437  -49.126  -11.866 0.2000000030
132773  46.389  -48.186  -13.932 0.1000000015
132774  44.233  -48.859  -11.545 0.2000000030
132775  44.568  -48.658  -11.980 0.2000000030
132776  44.374  -48.831  -11.740 0.2000000030
132778  44.433  -49.323  -11.892 0.2000000030
132780  45.825  -47.759  -12.171 0.2000000030
132781  45.272  -48.917  -12.606 0.2000000030
132782  46.654  -48.338  -13.723 0.1000000015
