#!ascii label  , from subject sub-01 vox2ras=TkReg
588
73940  20.887  -15.349  -10.284 0.1428571492
72819  20.431  -16.106  -10.171 0.1428571492
76203  20.741  -13.880  -11.137 0.1428571492
72817  22.512  -16.329  -10.216 0.1428571492
75090  21.302  -14.487  -10.525 0.2857142985
73938  22.937  -15.354  -10.394 0.1428571492
76217  21.508  -12.922  -11.408 0.5714285970
76201  22.713  -13.616  -10.478 0.1428571492
76199  24.707  -13.358  -10.573 0.2857142985
76200  23.654  -13.537  -10.469 0.2857142985
76216  25.172  -12.767  -10.719 0.1428571492
77209  24.615  -12.569  -10.818 0.2857142985
79167  25.316  -10.624  -11.776 0.2857142985
78208  24.725  -11.266  -11.467 0.2857142985
80165  26.837  -8.630  -11.653 0.2857142985
79187  26.728  -9.537  -11.587 0.2857142985
82196  26.811  -7.202  -12.774 0.2857142985
82197  25.935  -7.387  -13.022 0.2857142985
84222  27.019  -5.338  -12.773 0.2857142985
87253  27.571  -2.637  -13.242 0.8571428657
85242  27.185  -4.278  -13.111 0.4285714328
83252  27.509  -6.197  -12.364 0.2857142985
89369  28.346  -0.689  -13.600 0.7142857313
88337  28.236  -1.427  -13.074 0.7142857313
87270  27.753  -2.026  -13.308 0.7142857313
86276  27.107  -3.375  -13.380 0.7142857313
90315  28.569  0.183  -13.308 0.8571428657
90325  28.093  0.091  -14.027 0.8571428657
88353  27.792  -1.441  -13.745 0.7142857313
87271  27.246  -2.409  -13.977 0.7142857313
92190  28.805  2.316  -13.083 0.4285714328
91279  28.218  1.045  -13.795 0.7142857313
94014  29.713  4.152  -12.865 0.2857142985
93107  29.429  3.500  -13.654 0.5714285970
92201  28.518  1.916  -14.064 0.8571428657
92200  28.849  2.837  -14.331 0.7142857313
94013  29.749  5.147  -12.983 0.1428571492
94022  29.625  4.789  -14.083 0.4285714328
93117  29.257  3.784  -14.788 0.5714285970
95796  30.086  6.901  -14.296 0.1428571492
94884  29.964  6.035  -13.402 0.1428571492
94885  29.654  5.927  -14.091 0.1428571492
94021  29.733  5.480  -13.672 0.4285714328
93127  28.970  3.785  -15.662 0.8571428657
96705  30.247  7.831  -13.714 0.1428571492
96722  29.718  7.875  -14.561 0.1428571492
95815  29.270  6.922  -14.528 0.4285714328
94899  29.250  5.657  -14.644 0.5714285970
94036  29.323  4.636  -15.267 0.7142857313
93128  28.535  3.516  -16.262 0.8571428657
97650  29.366  8.207  -14.725 0.1428571492
97633  29.703  8.465  -14.114 0.1428571492
96723  29.180  7.935  -14.891 0.1428571492
95814  29.591  7.490  -14.615 0.5714285970
94912  29.042  5.159  -15.505 0.8571428657
94046  28.796  4.357  -15.885 0.8571428657
98636  30.322  9.256  -13.415 0.1428571492
98637  29.851  8.941  -13.472 0.2857142985
97651  28.980  8.243  -14.861 0.1428571492
97652  28.708  8.142  -14.522 0.8571428657
95816  28.851  6.759  -14.309 0.8571428657
98615  30.103  9.482  -12.794 0.1428571492
99724  30.424  10.081  -12.933 0.1428571492
97614  29.161  8.330  -12.628 0.8571428657
97635  28.787  7.892  -13.397 0.8571428657
96706  28.671  7.420  -14.051 0.8571428657
95798  28.419  6.434  -13.567 0.8571428657
98616  29.673  8.938  -12.768 0.4285714328
97615  28.518  7.663  -12.101 0.8571428657
96690  28.498  7.093  -12.960 0.8571428657
99711  30.315  10.095  -11.920 0.1428571492
100810  30.760  11.003  -12.074 0.2857142985
98593  29.834  9.539  -12.088 0.5714285970
98594  29.268  9.104  -11.762 0.8571428657
97595  28.737  8.337  -11.966 0.8571428657
100811  30.189  11.006  -10.942 0.7142857313
99712  29.697  10.063  -11.222 0.8571428657
98595  28.252  9.014  -10.543 0.8571428657
98596  27.266  9.201  -10.686 0.8571428657
97596  27.935  8.299  -11.165 0.8571428657
100812  29.301  10.892  -10.510 0.8571428657
99713  28.721  10.167  -10.559 0.8571428657
99703  27.927  10.895  -10.088 0.7142857313
99714  27.660  10.068  -10.361 0.7142857313
100800  29.476  11.526  -9.875 0.8571428657
101782  29.096  12.663  -9.420 0.8571428657
100802  27.359  12.037  -9.992 0.7142857313
103477  30.340  14.018  -10.169 0.7142857313
102650  29.475  13.676  -9.729 0.8571428657
103461  29.578  14.741  -9.582 0.8571428657
104298  28.773  15.805  -9.560 0.7142857313
100801  28.681  11.356  -10.018 0.8571428657
133588  32.493  17.550  -11.956 0.1428571492
104297  29.967  15.586  -9.453 0.7142857313
105133  30.554  16.412  -9.843 0.7142857313
103462  28.508  14.788  -9.500 0.8571428657
107840  32.333  19.206  -12.510 0.1428571492
106057  31.045  16.936  -10.400 0.5714285970
106943  30.910  18.566  -10.290 0.5714285970
106944  29.788  18.629  -10.183 0.5714285970
107811  31.991  19.140  -10.857 0.1428571492
108717  32.233  20.711  -13.333 0.1428571492
107813  30.405  19.670  -10.540 0.5714285970
110321  31.487  21.713  -12.730 0.1428571492
110334  31.546  22.073  -13.420 0.1428571492
108694  30.941  20.280  -11.002 0.1428571492
110335  30.858  22.843  -13.655 0.1428571492
107829  31.021  19.722  -10.810 0.5714285970
110322  30.927  22.528  -12.588 0.1428571492
110346  30.874  23.211  -14.366 0.1428571492
111063  30.094  23.348  -13.082 0.1428571492
72803  21.214  -16.784  -10.020 0.1428571492
72805  20.090  -16.605  -9.895 0.1428571492
75089  22.302  -14.440  -10.304 0.2857142985
75087  24.316  -14.325  -10.218 0.2857142985
78207  25.716  -11.442  -11.306 0.2857142985
83253  26.752  -6.010  -12.786 0.2857142985
82212  26.304  -6.833  -13.252 0.2857142985
86275  27.592  -3.663  -12.916 0.4285714328
91267  28.742  1.120  -13.057 0.2857142985
91305  28.112  1.706  -15.271 0.8571428657
97632  30.385  8.662  -13.527 0.1428571492
96734  28.586  8.149  -15.429 0.8571428657
96724  28.794  7.854  -14.897 0.8571428657
94886  28.479  6.096  -14.146 0.8571428657
95780  28.105  6.409  -12.717 0.8571428657
102663  30.596  13.170  -10.181 0.8571428657
103460  30.377  14.805  -9.854 0.8571428657
106942  31.873  18.524  -10.496 0.2857142985
107828  31.422  19.656  -11.116 0.1428571492
109535  32.307  20.784  -12.946 0.1428571492
110362  31.947  22.414  -15.766 0.1428571492
77212  22.398  -13.139  -10.877 0.4285714328
77210  23.885  -12.708  -10.811 0.2857142985
77211  22.953  -12.836  -10.677 0.4285714328
77234  22.152  -12.542  -11.392 0.2857142985
77231  25.112  -12.058  -10.858 0.1428571492
79165  27.216  -10.432  -11.255 0.2857142985
80167  25.341  -9.091  -12.523 0.2857142985
79188  25.764  -9.773  -11.917 0.2857142985
80166  26.208  -8.849  -12.068 0.2857142985
85243  26.571  -4.339  -13.677 0.7142857313
95779  30.444  6.849  -12.827 0.1428571492
96704  30.760  8.138  -13.227 0.1428571492
97634  29.296  8.429  -13.785 0.8571428657
94900  28.673  5.687  -14.743 0.8571428657
94901  27.886  4.907  -15.193 1.0000000000
101794  31.063  11.964  -10.997 0.2857142985
102662  31.097  13.192  -10.857 0.5714285970
103476  31.248  14.528  -10.382 0.5714285970
104296  30.716  15.372  -9.907 0.7142857313
106056  31.726  16.859  -10.785 0.4285714328
103475  32.161  15.513  -11.096 0.2857142985
133592  32.248  17.060  -11.366 0.2857142985
133593  32.223  17.735  -11.179 0.1428571492
106941  32.295  18.328  -11.203 0.1428571492
107827  31.889  19.378  -11.711 0.1428571492
110298  30.573  21.524  -11.036 0.2857142985
108710  32.249  20.147  -12.240 0.1428571492
109530  31.238  21.736  -12.091 0.1428571492
110305  30.582  22.169  -11.511 0.1428571492
111046  29.872  23.045  -12.115 0.1428571492
109545  31.728  21.339  -14.069 0.1428571492
111078  30.621  23.984  -13.688 0.1428571492
111079  29.952  24.149  -13.217 0.1428571492
111797  30.313  24.585  -14.251 0.1428571492
104313  31.247  15.606  -10.318 0.5714285970
105145  31.366  16.256  -10.493 0.5714285970
73939  21.902  -15.402  -10.299 0.1428571492
75091  20.294  -14.542  -10.781 0.1428571492
72820  19.436  -16.159  -10.080 0.1428571492
76202  21.751  -13.522  -10.943 0.5714285970
75088  23.315  -14.422  -10.304 0.1428571492
77232  24.167  -11.910  -11.115 0.1428571492
88354  27.507  -1.508  -14.504 0.7142857313
92191  28.549  1.621  -13.475 0.8571428657
91291  28.272  1.403  -14.659 0.8571428657
101781  30.108  12.273  -9.688 0.8571428657
106955  32.158  18.485  -12.036 0.1428571492
107812  31.344  19.261  -10.592 0.5714285970
109544  32.330  20.797  -14.485 0.1428571492
108681  30.345  20.529  -10.745 0.4285714328
109529  31.749  20.922  -12.360 0.1428571492
110345  31.755  22.407  -14.471 0.1428571492
110344  32.240  21.520  -14.643 0.1428571492
108711  31.813  20.429  -11.949 0.1428571492
109515  31.198  21.126  -11.452 0.1428571492
78206  26.772  -11.565  -10.845 0.1428571492
81143  25.225  -8.442  -12.948 0.5714285970
110299  30.133  21.985  -10.804 0.1428571492
80186  24.777  -8.900  -12.958 0.5714285970
80187  24.044  -9.190  -13.084 0.5714285970
81144  22.465  -9.068  -12.825 0.2857142985
82214  24.805  -7.495  -14.071 0.5714285970
81178  23.755  -7.723  -14.312 0.5714285970
80170  22.051  -9.607  -12.658 0.4285714328
81162  24.770  -8.258  -13.561 0.5714285970
81145  21.750  -8.648  -12.792 0.2857142985
82215  23.181  -7.773  -13.971 0.4285714328
83271  26.080  -6.091  -13.392 0.4285714328
82230  25.022  -6.849  -14.166 0.5714285970
82231  24.326  -7.079  -14.378 0.5714285970
82232  23.440  -6.960  -14.302 0.4285714328
84244  25.955  -5.228  -13.735 0.5714285970
84261  25.315  -5.269  -14.238 0.5714285970
83287  24.103  -6.169  -14.574 0.4285714328
85260  25.391  -4.397  -14.651 0.4285714328
85244  25.850  -4.389  -14.223 0.4285714328
82217  21.819  -6.993  -13.197 0.2857142985
81165  21.962  -7.820  -13.269 0.2857142985
86294  26.330  -3.181  -15.117 0.7142857313
87287  25.511  -2.731  -15.435 0.4285714328
88387  26.670  -1.563  -16.230 0.7142857313
88388  25.914  -1.523  -15.828 0.5714285970
88396  26.603  -1.071  -16.719 0.7142857313
89405  25.752  -0.535  -15.913 0.2857142985
86277  26.311  -3.374  -14.186 0.5714285970
87272  26.685  -2.695  -14.685 0.5714285970
87302  26.569  -2.132  -15.662 0.7142857313
89403  27.349  -0.499  -16.431 0.7142857313
90346  26.338  0.328  -15.637 0.7142857313
91307  26.993  1.295  -15.452 0.7142857313
91293  26.295  1.314  -14.962 0.7142857313
89383  27.831  -0.721  -14.260 0.5714285970
88369  27.307  -1.416  -15.284 0.5714285970
90326  27.806  -0.015  -14.899 0.5714285970
91306  27.546  1.391  -15.434 0.5714285970
92227  26.771  2.256  -15.444 0.7142857313
93129  26.906  3.119  -16.030 0.7142857313
93118  26.665  2.867  -14.822 0.5714285970
94038  26.920  3.493  -13.882 0.5714285970
92211  28.522  2.194  -15.045 0.7142857313
92234  27.484  2.311  -16.952 0.7142857313
92226  27.407  2.319  -15.816 0.7142857313
94048  27.438  4.216  -15.880 0.8571428657
92212  26.088  2.098  -14.504 0.4285714328
94037  27.408  4.398  -14.663 0.7142857313
94023  27.218  4.463  -13.472 0.7142857313
94024  26.394  4.110  -12.767 0.5714285970
92225  28.206  2.501  -16.195 0.5714285970
92235  27.069  2.696  -16.536 0.7142857313
94914  27.944  4.469  -15.806 0.8571428657
94888  26.827  5.090  -12.635 0.7142857313
95782  26.175  6.352  -12.132 0.2857142985
94887  27.723  5.524  -13.782 0.7142857313
96676  25.740  7.672  -11.277 0.7142857313
94876  27.402  5.858  -13.025 0.8571428657
94877  26.947  5.791  -12.680 0.8571428657
97616  27.481  7.626  -11.385 0.8571428657
95781  27.324  6.143  -12.309 0.8571428657
96692  26.594  7.022  -11.415 0.5714285970
97617  26.669  7.833  -11.209 0.8571428657
97598  25.963  8.415  -11.249 0.7142857313
95799  27.821  6.028  -13.084 0.8571428657
96691  27.856  6.879  -12.005 0.8571428657
97597  26.948  8.447  -11.106 0.8571428657
98597  26.228  9.363  -10.965 0.7142857313
101783  27.988  13.253  -9.842 0.7142857313
101784  26.864  13.151  -10.488 0.7142857313
101785  25.661  12.998  -10.435 0.7142857313
102651  28.199  13.860  -9.709 0.7142857313
103463  27.324  14.907  -9.544 0.7142857313
102653  25.867  14.227  -10.045 0.7142857313
104300  26.764  15.904  -10.244 0.7142857313
105136  27.455  16.686  -10.336 0.7142857313
104282  28.500  15.995  -9.596 0.7142857313
105129  28.100  16.233  -9.943 0.7142857313
105137  26.213  17.034  -10.601 0.5714285970
105135  28.493  16.650  -9.954 0.5714285970
104301  25.515  16.160  -10.483 0.5714285970
106047  27.935  17.666  -10.384 0.5714285970
106048  26.655  17.799  -10.696 0.5714285970
105138  25.400  17.344  -10.732 0.5714285970
104284  25.103  16.419  -10.370 0.4285714328
106049  25.544  17.873  -11.661 0.5714285970
106946  27.089  18.880  -10.335 0.5714285970
105131  24.992  17.193  -10.165 0.4285714328
104285  24.685  16.304  -9.897 0.4285714328
106050  24.866  17.731  -11.641 0.5714285970
105139  25.074  17.658  -10.817 0.5714285970
106930  24.932  18.609  -10.396 0.4285714328
86256  27.757  -3.091  -12.991 0.2857142985
106958  25.097  18.778  -11.150 0.2857142985
106033  24.978  17.777  -9.701 0.4285714328
78251  22.869  -10.458  -13.102 0.5714285970
81161  25.446  -7.858  -13.122 0.4285714328
80188  23.132  -9.195  -13.005 0.5714285970
82213  25.498  -7.140  -13.616 0.5714285970
82233  22.896  -6.489  -14.145 0.4285714328
84263  23.977  -5.315  -14.890 0.4285714328
84262  24.700  -5.303  -14.588 0.5714285970
83289  22.858  -5.896  -14.266 0.2857142985
86295  25.807  -3.450  -15.405 0.5714285970
88336  28.767  -1.533  -12.429 0.2857142985
88371  24.745  -1.754  -14.916 0.2857142985
89404  26.362  -0.172  -16.219 0.7142857313
99704  26.926  10.933  -10.253 0.7142857313
99705  26.126  11.159  -10.664 0.7142857313
103464  26.018  15.028  -9.641 0.7142857313
105134  29.530  16.555  -9.495 0.5714285970
106046  29.314  17.472  -10.040 0.5714285970
106947  26.106  18.709  -11.316 0.2857142985
81142  25.805  -8.011  -12.467 0.2857142985
91280  28.013  0.703  -14.483 0.7142857313
87285  27.160  -2.131  -14.905 0.5714285970
92224  28.682  3.215  -15.958 0.7142857313
94047  28.083  4.115  -16.417 0.7142857313
93134  28.140  3.258  -17.015 0.7142857313
99715  26.581  10.149  -10.398 0.7142857313
89384  27.504  -0.829  -14.895 0.5714285970
81163  23.659  -8.432  -13.749 0.5714285970
81164  22.591  -8.370  -13.480 0.5714285970
80169  22.622  -9.616  -12.872 0.5714285970
81177  24.294  -7.909  -14.196 0.5714285970
79191  22.494  -10.211  -12.828 0.5714285970
82216  22.595  -7.247  -13.735 0.4285714328
83272  25.364  -6.112  -13.835 0.5714285970
83286  24.781  -6.147  -14.289 0.5714285970
83288  23.404  -6.007  -14.473 0.4285714328
85261  24.758  -4.385  -14.755 0.4285714328
86278  26.013  -3.860  -14.911 0.5714285970
86309  26.306  -2.824  -15.492 0.7142857313
87303  26.202  -2.366  -15.626 0.5714285970
88370  25.281  -2.229  -15.247 0.4285714328
86296  24.817  -3.602  -15.003 0.4285714328
87301  27.070  -1.971  -15.510 0.7142857313
88386  27.201  -1.398  -16.103 0.7142857313
88389  25.213  -1.109  -15.543 0.2857142985
89412  26.993  -0.461  -16.869 0.7142857313
90334  27.603  0.274  -15.736 0.7142857313
90345  27.118  0.281  -16.261 0.7142857313
91292  27.877  0.943  -15.068 0.5714285970
93136  26.955  3.235  -16.960 0.5714285970
94049  26.953  3.714  -15.372 0.7142857313
94039  25.965  3.465  -13.170 0.2857142985
94878  26.085  5.771  -12.372 0.5714285970
95783  25.045  6.306  -12.239 0.2857142985
102652  26.887  13.945  -9.528 0.7142857313
104299  27.838  15.808  -9.671 0.8571428657
106058  25.178  18.124  -12.121 0.5714285970
106051  24.879  17.846  -10.776 0.4285714328
84245  22.595  -5.499  -14.137 0.1428571492
85262  23.920  -4.418  -14.882 0.4285714328
76219  19.968  -13.451  -11.532 0.4285714328
81140  27.380  -8.040  -11.625 0.1428571492
81141  26.692  -7.942  -11.985 0.1428571492
82195  27.487  -7.111  -11.875 0.1428571492
84242  27.323  -4.858  -12.796 0.1428571492
85241  27.758  -4.212  -12.710 0.1428571492
82179  27.938  -7.523  -11.567 0.1428571492
85224  28.384  -4.282  -12.461 0.1428571492
84221  27.455  -5.410  -12.593 0.1428571492
86255  28.213  -3.373  -12.586 0.1428571492
90314  28.831  0.272  -12.427 0.1428571492
112514  28.750  26.242  -14.246 0.1428571492
98598  25.037  9.462  -11.368 0.4285714328
112485  28.627  26.025  -13.454 0.1428571492
100804  25.281  12.020  -10.744 0.4285714328
100803  26.449  12.068  -10.532 0.5714285970
101786  24.666  12.970  -10.651 0.4285714328
110308  27.109  22.826  -11.453 0.2857142985
107831  27.038  20.432  -11.067 0.2857142985
108695  27.779  20.939  -11.117 0.2857142985
102665  22.980  13.657  -11.615 0.1428571492
102654  25.249  13.925  -10.936 0.5714285970
108684  26.246  20.738  -11.268 0.2857142985
106945  28.514  18.711  -10.426 0.4285714328
103478  24.057  14.338  -11.097 0.4285714328
103465  25.258  14.911  -10.611 0.5714285970
107816  26.397  20.080  -10.820 0.2857142985
104303  23.184  15.395  -10.565 0.4285714328
104302  24.447  15.594  -10.631 0.2857142985
107818  24.807  20.006  -11.233 0.1428571492
106956  25.377  18.475  -11.705 0.1428571492
107817  25.365  19.611  -11.259 0.1428571492
104287  22.389  15.371  -10.271 0.1428571492
107819  24.648  19.440  -10.802 0.1428571492
109520  24.101  20.785  -11.449 0.1428571492
108685  25.545  20.752  -11.183 0.1428571492
104286  23.360  16.213  -10.191 0.2857142985
106901  24.760  18.293  -8.402 0.1428571492
108687  24.235  20.372  -10.724 0.1428571492
109510  24.502  21.107  -11.096 0.1428571492
107804  24.831  19.546  -9.869 0.1428571492
107803  25.020  20.124  -9.478 0.1428571492
109501  24.107  21.042  -10.725 0.1428571492
107794  25.493  19.513  -8.688 0.1428571492
77235  21.208  -12.413  -11.673 0.4285714328
78212  20.704  -11.568  -11.619 0.2857142985
83251  28.312  -6.182  -11.867 0.1428571492
99706  25.648  11.322  -11.045 0.2857142985
106045  30.427  17.513  -10.014 0.4285714328
107814  29.120  19.731  -10.420 0.2857142985
108697  26.229  21.148  -11.187 0.2857142985
109509  25.766  21.610  -10.737 0.2857142985
78213  19.670  -11.494  -11.177 0.2857142985
77230  25.936  -12.203  -10.688 0.1428571492
76215  25.522  -12.554  -10.662 0.1428571492
79186  27.522  -9.585  -11.338 0.1428571492
89368  28.683  -0.647  -12.808 0.1428571492
87252  28.166  -2.365  -12.807 0.1428571492
104304  22.449  15.257  -10.585 0.1428571492
99716  25.596  10.558  -11.100 0.4285714328
103479  23.209  14.453  -11.054 0.2857142985
109519  26.388  22.059  -11.356 0.2857142985
109518  27.491  21.816  -11.416 0.2857142985
108683  28.672  20.730  -10.560 0.2857142985
109517  28.636  21.607  -11.076 0.2857142985
110307  28.181  22.596  -11.375 0.2857142985
111048  27.658  23.485  -11.652 0.1428571492
111065  27.981  24.229  -12.135 0.1428571492
111064  29.244  24.293  -12.579 0.1428571492
109500  24.909  21.226  -10.357 0.2857142985
111047  28.726  23.311  -11.900 0.1428571492
110306  29.404  22.392  -11.321 0.1428571492
108682  29.652  20.507  -10.605 0.4285714328
109516  29.513  21.724  -10.823 0.2857142985
76218  20.919  -13.134  -11.447 0.4285714328
109508  29.309  21.171  -10.703 0.2857142985
100805  24.483  12.337  -10.879 0.4285714328
106948  24.683  18.060  -12.051 0.4285714328
106022  24.492  17.884  -8.628 0.2857142985
107832  25.237  18.820  -11.287 0.2857142985
84220  28.297  -5.268  -12.386 0.1428571492
82194  28.174  -6.915  -11.553 0.1428571492
85223  28.981  -4.419  -12.016 0.1428571492
100814  24.947  12.318  -11.566 0.2857142985
108696  26.849  20.879  -11.634 0.2857142985
107815  27.669  20.094  -10.459 0.2857142985
102655  24.595  13.741  -11.286 0.2857142985
104314  24.062  14.907  -10.568 0.4285714328
104315  23.638  14.769  -10.654 0.2857142985
103466  24.721  14.637  -11.102 0.5714285970
77236  20.332  -12.439  -11.466 0.2857142985
86254  28.891  -3.472  -12.046 0.1428571492
99725  24.900  10.558  -11.707 0.2857142985
93119  25.870  2.772  -13.681 0.4285714328
94889  25.482  5.106  -12.358 0.2857142985
110300  25.706  22.892  -10.965 0.1428571492
111030  25.985  23.752  -10.331 0.1428571492
108673  26.089  21.132  -9.204 0.1428571492
110294  26.317  22.618  -10.037 0.1428571492
110309  26.255  23.237  -11.455 0.1428571492
109499  25.927  21.558  -9.803 0.1428571492
110290  26.324  22.108  -9.527 0.1428571492
110289  26.888  22.478  -9.259 0.1428571492
110293  26.747  22.943  -9.748 0.1428571492
109495  26.491  21.605  -9.132 0.1428571492
111029  26.645  23.673  -9.513 0.1428571492
111763  26.469  24.616  -10.877 0.1428571492
84243  26.682  -5.157  -13.157 0.2857142985
111050  26.437  24.081  -11.524 0.1428571492
78232  23.284  -10.559  -12.957 0.4285714328
78209  23.607  -11.107  -11.983 0.2857142985
79190  24.076  -10.176  -12.703 0.2857142985
79168  24.524  -10.626  -12.047 0.1428571492
80168  24.598  -9.455  -12.679 0.2857142985
78210  22.509  -11.619  -12.006 0.2857142985
78233  22.618  -10.926  -12.714 0.4285714328
79189  24.951  -9.996  -12.331 0.1428571492
79209  23.414  -9.955  -13.206 0.4285714328
78211  21.629  -11.619  -11.911 0.2857142985
78234  21.985  -11.243  -12.435 0.2857142985
79169  21.622  -11.069  -12.243 0.2857142985
79192  21.755  -10.491  -12.499 0.2857142985
87288  24.682  -2.798  -15.048 0.2857142985
90347  25.183  0.249  -15.369 0.1428571492
90336  24.868  0.839  -14.616 0.1428571492
90335  25.660  0.794  -14.949 0.2857142985
95800  24.673  5.684  -12.423 0.1428571492
96694  24.659  7.325  -12.422 0.1428571492
97599  24.897  8.298  -11.600 0.1428571492
97618  24.775  7.822  -12.146 0.1428571492
97600  24.272  8.741  -11.729 0.1428571492
100824  24.381  11.466  -11.339 0.1428571492
101795  24.505  12.954  -11.346 0.1428571492
102672  23.370  12.929  -11.765 0.1428571492
101802  24.107  12.525  -11.201 0.1428571492
104272  24.364  16.347  -9.238 0.1428571492
104274  22.624  15.595  -9.174 0.1428571492
105122  24.460  16.804  -8.928 0.1428571492
105118  23.598  16.864  -8.178 0.1428571492
98618  24.021  9.484  -11.803 0.1428571492
102664  23.881  13.452  -11.574 0.1428571492
77237  19.529  -12.501  -11.155 0.2857142985
86297  23.882  -3.543  -14.883 0.2857142985
93108  25.427  3.248  -13.124 0.1428571492
94025  25.135  3.926  -12.683 0.1428571492
95801  24.056  6.286  -12.879 0.1428571492
95784  24.477  6.832  -12.644 0.1428571492
96707  24.112  7.327  -12.890 0.1428571492
97619  23.965  8.283  -12.385 0.1428571492
98617  24.541  10.039  -11.716 0.1428571492
101804  23.016  12.263  -11.781 0.1428571492
104273  23.867  16.004  -8.773 0.1428571492
85263  23.106  -4.183  -14.878 0.2857142985
91294  25.486  1.435  -14.386 0.1428571492
96693  25.370  7.233  -11.832 0.1428571492
84264  23.119  -5.208  -14.754 0.1428571492
79170  21.139  -10.788  -11.926 0.2857142985
87289  23.769  -2.682  -14.874 0.1428571492
96708  23.517  7.253  -13.325 0.1428571492
78184  19.054  -11.865  -10.807 0.1428571492
78185  18.413  -11.655  -10.339 0.1428571492
79193  21.157  -10.229  -12.246 0.1428571492
91266  28.882  1.338  -12.095 0.1428571492
102661  31.756  13.567  -11.611 0.1428571492
75106  19.375  -13.766  -11.115 0.1428571492
79171  20.196  -10.636  -11.514 0.1428571492
80153  20.630  -10.041  -11.990 0.1428571492
101793  31.574  12.047  -11.701 0.1428571492
82198  21.393  -7.667  -12.680 0.1428571492
83273  22.387  -6.222  -13.663 0.1428571492
76220  19.329  -13.164  -11.011 0.1428571492
80171  21.171  -9.558  -12.425 0.1428571492
75105  19.764  -14.144  -11.295 0.2857142985
76204  20.180  -14.085  -11.381 0.1428571492
78250  23.113  -10.298  -13.226 0.5714285970
79210  22.921  -10.000  -13.187 0.5714285970
84241  27.879  -4.821  -12.635 0.1428571492
86310  26.186  -2.681  -15.656 0.7142857313
87286  26.674  -2.489  -15.257 0.7142857313
88395  27.094  -1.086  -16.798 0.7142857313
88397  26.221  -1.031  -16.573 0.7142857313
89394  27.544  -0.652  -15.650 0.5714285970
89413  26.519  -0.548  -16.570 0.7142857313
89414  26.015  -0.919  -16.414 0.2857142985
90354  26.890  -0.107  -16.751 0.7142857313
90355  26.715  0.017  -16.479 0.7142857313
92210  28.688  3.106  -15.352 0.7142857313
92233  27.841  2.693  -17.172 0.7142857313
92243  27.567  2.889  -17.244 0.7142857313
92244  27.368  2.764  -17.211 0.7142857313
92245  27.107  2.754  -17.104 0.7142857313
93135  27.551  3.388  -17.083 0.5714285970
93141  27.737  3.053  -17.210 0.7142857313
93142  27.337  3.071  -17.204 0.5714285970
93143  27.082  2.969  -17.202 0.5714285970
94053  27.831  3.701  -16.928 0.7142857313
94054  27.408  3.750  -16.664 0.7142857313
94055  26.988  3.696  -16.313 0.5714285970
94913  28.424  4.746  -15.610 0.8571428657
95797  29.562  6.425  -14.350 0.4285714328
96675  26.229  7.707  -11.176 0.8571428657
96733  28.771  8.262  -15.205 0.8571428657
97657  28.721  8.364  -15.429 0.8571428657
97658  28.674  8.228  -15.230 0.8571428657
98599  24.458  8.974  -11.446 0.1428571492
100813  25.204  11.453  -11.292 0.1428571492
100823  25.191  11.075  -11.704 0.2857142985
101803  23.544  12.220  -11.326 0.1428571492
102671  23.763  12.807  -11.655 0.1428571492
102673  22.801  12.980  -11.759 0.1428571492
104283  28.259  16.012  -9.637 0.7142857313
105126  30.295  17.047  -9.579 0.4285714328
105127  30.078  16.893  -9.316 0.7142857313
105128  28.401  16.187  -9.720 0.7142857313
105130  25.141  16.724  -10.374 0.5714285970
106031  29.998  17.272  -9.522 0.4285714328
106032  29.728  17.073  -9.477 0.5714285970
106043  32.061  17.731  -10.846 0.4285714328
106044  31.396  17.688  -10.398 0.5714285970
106059  24.960  17.966  -12.188 0.5714285970
106949  24.875  18.430  -11.313 0.2857142985
106957  24.997  18.356  -11.818 0.2857142985
107830  27.319  20.609  -11.106 0.2857142985
107833  24.908  19.446  -11.119 0.1428571492
107834  24.767  19.263  -10.971 0.2857142985
108686  24.694  20.501  -11.265 0.1428571492
108692  31.893  20.058  -11.853 0.1428571492
108693  31.502  20.229  -11.579 0.1428571492
108698  24.366  20.348  -11.211 0.1428571492
108699  24.248  20.112  -11.101 0.1428571492
108725  31.984  20.616  -13.807 0.1428571492
109506  30.639  20.945  -10.964 0.4285714328
109507  30.040  21.207  -10.763 0.2857142985
109511  23.871  20.800  -11.171 0.1428571492
109514  31.581  20.697  -11.810 0.1428571492
109521  24.009  20.576  -11.301 0.1428571492
109528  32.283  20.517  -12.671 0.1428571492
109536  31.836  21.177  -13.265 0.1428571492
111026  26.904  22.969  -9.561 0.1428571492
111028  27.069  23.821  -9.264 0.1428571492
111035  27.021  24.021  -9.243 0.1428571492
111036  26.832  23.840  -9.373 0.1428571492
112504  29.009  25.906  -13.764 0.1428571492
112505  28.368  26.236  -13.941 0.1428571492
133587  32.294  17.693  -11.419 0.1428571492
