#!ascii label  , from subject sub-01 vox2ras=TkReg
239
93136  26.955  3.235  -16.960 0.0000000000
82213  25.498  -7.140  -13.616 0.0000000000
96676  25.740  7.672  -11.277 0.0000000000
106048  26.655  17.799  -10.696 0.0000000000
81163  23.659  -8.432  -13.749 0.0000000000
98595  28.252  9.014  -10.543 0.0000000000
101782  29.096  12.663  -9.420 0.0000000000
91293  26.295  1.314  -14.962 0.0000000000
87301  27.070  -1.971  -15.510 0.0000000000
91280  28.013  0.703  -14.483 0.0000000000
94912  29.042  5.159  -15.505 0.0000000000
92200  28.849  2.837  -14.331 0.0000000000
94888  26.827  5.090  -12.635 0.0000000000
96690  28.498  7.093  -12.960 0.0000000000
103464  26.018  15.028  -9.641 0.0000000000
103462  28.508  14.788  -9.500 0.0000000000
85242  27.185  -4.278  -13.111 0.0000000000
99704  26.926  10.933  -10.253 0.0000000000
101784  26.864  13.151  -10.488 0.0000000000
92227  26.771  2.256  -15.444 0.0000000000
91306  27.546  1.391  -15.434 0.0000000000
91305  28.112  1.706  -15.271 0.0000000000
82214  24.805  -7.495  -14.071 0.0000000000
95782  26.175  6.352  -12.132 0.0000000000
95799  27.821  6.028  -13.084 0.0000000000
96691  27.856  6.879  -12.005 0.0000000000
99712  29.697  10.063  -11.222 0.0000000000
98594  29.268  9.104  -11.762 0.0000000000
105139  25.074  17.658  -10.817 0.0000000000
104302  24.447  15.594  -10.631 0.0000000000
105137  26.213  17.034  -10.601 0.0000000000
107829  31.021  19.722  -10.810 0.0000000000
106943  30.910  18.566  -10.290 0.0000000000
105134  29.530  16.555  -9.495 0.0000000000
105133  30.554  16.412  -9.843 0.0000000000
103460  30.377  14.805  -9.854 0.0000000000
87271  27.246  -2.409  -13.977 0.0000000000
86277  26.311  -3.374  -14.186 0.0000000000
80188  23.132  -9.195  -13.005 0.0000000000
97597  26.948  8.447  -11.106 0.0000000000
98596  27.266  9.201  -10.686 0.0000000000
99713  28.721  10.167  -10.559 0.0000000000
100800  29.476  11.526  -9.875 0.0000000000
88388  25.914  -1.523  -15.828 0.0000000000
89412  26.993  -0.461  -16.869 0.0000000000
89384  27.504  -0.829  -14.895 0.0000000000
89369  28.346  -0.689  -13.600 0.0000000000
94914  27.944  4.469  -15.806 0.0000000000
92224  28.682  3.215  -15.958 0.0000000000
94036  29.323  4.636  -15.267 0.0000000000
93118  26.665  2.867  -14.822 0.0000000000
94024  26.394  4.110  -12.767 0.0000000000
94037  27.408  4.398  -14.663 0.0000000000
94887  27.723  5.524  -13.782 0.0000000000
95816  28.851  6.759  -14.309 0.0000000000
96734  28.586  8.149  -15.429 0.0000000000
97615  28.518  7.663  -12.101 0.0000000000
97634  29.296  8.429  -13.785 0.0000000000
102653  25.867  14.227  -10.045 0.0000000000
106047  27.935  17.666  -10.384 0.0000000000
105129  28.100  16.233  -9.943 0.0000000000
103463  27.324  14.907  -9.544 0.0000000000
102652  26.887  13.945  -9.528 0.0000000000
102650  29.475  13.676  -9.729 0.0000000000
102663  30.596  13.170  -10.181 0.0000000000
84261  25.315  -5.269  -14.238 0.0000000000
86309  26.306  -2.824  -15.492 0.0000000000
92201  28.518  1.916  -14.064 0.0000000000
90315  28.569  0.183  -13.308 0.0000000000
100803  26.449  12.068  -10.532 0.0000000000
101785  25.661  12.998  -10.435 0.0000000000
92235  27.069  2.696  -16.536 0.0000000000
92226  27.407  2.319  -15.816 0.0000000000
92234  27.484  2.311  -16.952 0.0000000000
79191  22.494  -10.211  -12.828 0.0000000000
78251  22.869  -10.458  -13.102 0.0000000000
96692  26.594  7.022  -11.415 0.0000000000
95781  27.324  6.143  -12.309 0.0000000000
100811  30.189  11.006  -10.942 0.0000000000
99711  30.315  10.095  -11.920 0.0000000000
105138  25.400  17.344  -10.732 0.0000000000
104301  25.515  16.160  -10.483 0.0000000000
106057  31.045  16.936  -10.400 0.0000000000
105145  31.366  16.256  -10.493 0.0000000000
87270  27.753  -2.026  -13.308 0.0000000000
87253  27.571  -2.637  -13.242 0.0000000000
82231  24.326  -7.079  -14.378 0.0000000000
98597  26.228  9.363  -10.965 0.0000000000
99715  26.581  10.149  -10.398 0.0000000000
100802  27.359  12.037  -9.992 0.0000000000
99703  27.927  10.895  -10.088 0.0000000000
100801  28.681  11.356  -10.018 0.0000000000
100812  29.301  10.892  -10.510 0.0000000000
106058  25.178  18.124  -12.121 0.0000000000
89404  26.362  -0.172  -16.219 0.0000000000
90346  26.338  0.328  -15.637 0.0000000000
91292  27.877  0.943  -15.068 0.0000000000
90334  27.603  0.274  -15.736 0.0000000000
90326  27.806  -0.015  -14.899 0.0000000000
89383  27.831  -0.721  -14.260 0.0000000000
90325  28.093  0.091  -14.027 0.0000000000
80187  24.044  -9.190  -13.084 0.0000000000
94046  28.796  4.357  -15.885 0.0000000000
94023  27.218  4.463  -13.472 0.0000000000
94901  27.886  4.907  -15.193 0.0000000000
95780  28.105  6.409  -12.717 0.0000000000
95798  28.419  6.434  -13.567 0.0000000000
96706  28.671  7.420  -14.051 0.0000000000
96724  28.794  7.854  -14.897 0.0000000000
97596  27.935  8.299  -11.165 0.0000000000
97595  28.737  8.337  -11.966 0.0000000000
98616  29.673  8.938  -12.768 0.0000000000
103465  25.258  14.911  -10.611 0.0000000000
103466  24.721  14.637  -11.102 0.0000000000
106944  29.788  18.629  -10.183 0.0000000000
107813  30.405  19.670  -10.540 0.0000000000
106046  29.314  17.472  -10.040 0.0000000000
104298  28.773  15.805  -9.560 0.0000000000
104282  28.500  15.995  -9.596 0.0000000000
102651  28.199  13.860  -9.709 0.0000000000
103461  29.578  14.741  -9.582 0.0000000000
103476  31.248  14.528  -10.382 0.0000000000
103477  30.340  14.018  -10.169 0.0000000000
102662  31.097  13.192  -10.857 0.0000000000
84262  24.700  -5.303  -14.588 0.0000000000
88387  26.670  -1.563  -16.230 0.0000000000
87303  26.202  -2.366  -15.626 0.0000000000
87302  26.569  -2.132  -15.662 0.0000000000
85243  26.571  -4.339  -13.677 0.0000000000
84244  25.955  -5.228  -13.735 0.0000000000
92211  28.522  2.194  -15.045 0.0000000000
99705  26.126  11.159  -10.664 0.0000000000
101783  27.988  13.253  -9.842 0.0000000000
91307  26.993  1.295  -15.452 0.0000000000
81162  24.770  -8.258  -13.561 0.0000000000
80186  24.777  -8.900  -12.958 0.0000000000
81143  25.225  -8.442  -12.948 0.0000000000
94899  29.250  5.657  -14.644 0.0000000000
94878  26.085  5.771  -12.372 0.0000000000
94877  26.947  5.791  -12.680 0.0000000000
94876  27.402  5.858  -13.025 0.0000000000
98593  29.834  9.539  -12.088 0.0000000000
104300  26.764  15.904  -10.244 0.0000000000
107812  31.344  19.261  -10.592 0.0000000000
104297  29.967  15.586  -9.453 0.0000000000
104296  30.716  15.372  -9.907 0.0000000000
104313  31.247  15.606  -10.318 0.0000000000
87285  27.160  -2.131  -14.905 0.0000000000
87272  26.685  -2.695  -14.685 0.0000000000
86276  27.107  -3.375  -13.380 0.0000000000
80169  22.622  -9.616  -12.872 0.0000000000
81164  22.591  -8.370  -13.480 0.0000000000
81178  23.755  -7.723  -14.312 0.0000000000
81177  24.294  -7.909  -14.196 0.0000000000
82230  25.022  -6.849  -14.166 0.0000000000
97598  25.963  8.415  -11.249 0.0000000000
97617  26.669  7.833  -11.209 0.0000000000
99714  27.660  10.068  -10.361 0.0000000000
106050  24.866  17.731  -11.641 0.0000000000
106049  25.544  17.873  -11.661 0.0000000000
88396  26.603  -1.071  -16.719 0.0000000000
88386  27.201  -1.398  -16.103 0.0000000000
90345  27.118  0.281  -16.261 0.0000000000
89403  27.349  -0.499  -16.431 0.0000000000
88369  27.307  -1.416  -15.284 0.0000000000
88354  27.507  -1.508  -14.504 0.0000000000
88353  27.792  -1.441  -13.745 0.0000000000
88337  28.236  -1.427  -13.074 0.0000000000
94047  28.083  4.115  -16.417 0.0000000000
93134  28.140  3.258  -17.015 0.0000000000
93128  28.535  3.516  -16.262 0.0000000000
93127  28.970  3.785  -15.662 0.0000000000
93117  29.257  3.784  -14.788 0.0000000000
94022  29.625  4.789  -14.083 0.0000000000
93107  29.429  3.500  -13.654 0.0000000000
93129  26.906  3.119  -16.030 0.0000000000
94038  26.920  3.493  -13.882 0.0000000000
94049  26.953  3.714  -15.372 0.0000000000
94048  27.438  4.216  -15.880 0.0000000000
94900  28.673  5.687  -14.743 0.0000000000
94886  28.479  6.096  -14.146 0.0000000000
95815  29.270  6.922  -14.528 0.0000000000
95814  29.591  7.490  -14.615 0.0000000000
97616  27.481  7.626  -11.385 0.0000000000
97614  29.161  8.330  -12.628 0.0000000000
97635  28.787  7.892  -13.397 0.0000000000
97652  28.708  8.142  -14.522 0.0000000000
102654  25.249  13.925  -10.936 0.0000000000
106946  27.089  18.880  -10.335 0.0000000000
105136  27.455  16.686  -10.336 0.0000000000
105135  28.493  16.650  -9.954 0.0000000000
104299  27.838  15.808  -9.671 0.0000000000
101781  30.108  12.273  -9.688 0.0000000000
101794  31.063  11.964  -10.997 0.0000000000
83286  24.781  -6.147  -14.289 0.0000000000
83272  25.364  -6.112  -13.835 0.0000000000
86295  25.807  -3.450  -15.405 0.0000000000
86294  26.330  -3.181  -15.117 0.0000000000
86278  26.013  -3.860  -14.911 0.0000000000
85260  25.391  -4.397  -14.651 0.0000000000
92225  28.206  2.501  -16.195 0.0000000000
91291  28.272  1.403  -14.659 0.0000000000
92191  28.549  1.621  -13.475 0.0000000000
91279  28.218  1.045  -13.795 0.0000000000
78250  23.113  -10.298  -13.226 0.0000000000
79210  22.921  -10.000  -13.187 0.0000000000
86310  26.186  -2.681  -15.656 0.0000000000
87286  26.674  -2.489  -15.257 0.0000000000
88395  27.094  -1.086  -16.798 0.0000000000
88397  26.221  -1.031  -16.573 0.0000000000
89394  27.544  -0.652  -15.650 0.0000000000
89413  26.519  -0.548  -16.570 0.0000000000
90354  26.890  -0.107  -16.751 0.0000000000
90355  26.715  0.017  -16.479 0.0000000000
92210  28.688  3.106  -15.352 0.0000000000
92233  27.841  2.693  -17.172 0.0000000000
92243  27.567  2.889  -17.244 0.0000000000
92244  27.368  2.764  -17.211 0.0000000000
92245  27.107  2.754  -17.104 0.0000000000
93135  27.551  3.388  -17.083 0.0000000000
93141  27.737  3.053  -17.210 0.0000000000
93142  27.337  3.071  -17.204 0.0000000000
93143  27.082  2.969  -17.202 0.0000000000
94053  27.831  3.701  -16.928 0.0000000000
94054  27.408  3.750  -16.664 0.0000000000
94055  26.988  3.696  -16.313 0.0000000000
94913  28.424  4.746  -15.610 0.0000000000
96675  26.229  7.707  -11.176 0.0000000000
96733  28.771  8.262  -15.205 0.0000000000
97657  28.721  8.364  -15.429 0.0000000000
97658  28.674  8.228  -15.230 0.0000000000
104283  28.259  16.012  -9.637 0.0000000000
105127  30.078  16.893  -9.316 0.0000000000
105128  28.401  16.187  -9.720 0.0000000000
105130  25.141  16.724  -10.374 0.0000000000
106032  29.728  17.073  -9.477 0.0000000000
106044  31.396  17.688  -10.398 0.0000000000
106059  24.960  17.966  -12.188 0.0000000000
106956  25.377  18.475  -11.705 0.0000000000
